track_id,filename,from_sunrise,det_score,x,y,r,lon,lat,radius,local_time
4,KDLH20160602_112040_V06,63,0.499,357.06,338.696930,28.075497,-91.84,46.662281,14037.748337,20160602_062040
1,KDLH20160603_101429_V06,-2,0.086,274.92,339.848938,14.944809,-92.37,46.657591,7472.404480,20160603_051429
19,KDLH20160604_113842_V06,82,0.076,29.19,456.170929,40.982124,-93.96,46.120953,20491.062164,20160604_063842
3,KDLH20160606_100213_V06,-13,0.125,15.70,461.172119,18.885139,-94.05,46.097083,9442.569733,20160606_050213
3,KDLH20160606_100536_V06,-10,-1.000,15.70,461.172119,23.655139,-94.05,46.097083,11827.569733,20160606_050536
3,KDLH20160606_100859_V06,-7,-1.000,15.70,461.172119,28.425139,-94.05,46.097083,14212.569733,20160606_050859
3,KDLH20160606_101222_V06,-3,0.493,25.36,471.385461,33.546223,-93.98,46.052150,16773.111576,20160606_051222
3,KDLH20160606_101545_V06,0,0.366,29.10,474.575352,37.232077,-93.96,46.038182,18616.038744,20160606_051545
3,KDLH20160606_101909_V06,4,0.163,33.58,479.163737,41.913424,-93.93,46.017991,20956.712160,20160606_051909
3,KDLH20160606_102232_V06,7,-1.000,37.14,482.719390,45.561813,-93.91,46.002348,22780.906648,20160606_052232
3,KDLH20160606_102609_V06,11,0.130,25.43,467.973145,27.661934,-93.98,46.067502,13830.966949,20160606_052609
3,KDLH20160606_102948_V06,14,0.087,25.30,469.255782,32.226891,-93.98,46.061721,16113.445360,20160606_052948
3,KDLH20160606_103327_V06,18,0.055,41.15,504.592529,44.010399,-93.88,45.904367,22005.199432,20160606_053327
4,KDLH20160606_100859_V06,-7,0.129,542.00,187.236420,38.416557,-90.61,47.332974,19208.278656,20160606_050859
8,KDLH20160606_102609_V06,11,0.068,69.12,344.602142,29.183792,-93.72,46.626375,14591.896057,20160606_052609
10,KDLH20160606_102948_V06,14,0.153,387.15,404.982178,37.486702,-91.64,46.363332,18743.350983,20160606_052948
15,KDLH20160606_104043_V06,25,0.085,545.12,473.279236,28.662827,-90.63,46.046460,14331.413269,20160606_054043
2,KDLH20160609_095829_V06,-16,0.118,310.61,422.005066,40.986359,-92.14,46.288149,20493.179321,20160609_045829
2,KDLH20160609_100235_V06,-12,-1.000,310.61,422.005066,47.346359,-92.14,46.288149,23673.179321,20160609_050235
2,KDLH20160609_100634_V06,-8,0.059,303.71,423.452953,50.474037,-92.19,46.281655,25237.018562,20160609_050634
2,KDLH20160609_101033_V06,-4,0.156,301.98,422.480877,48.236736,-92.20,46.286029,24118.367788,20160609_051033
2,KDLH20160609_101432_V06,0,0.125,288.40,420.032522,48.722823,-92.28,46.297018,24361.411540,20160609_051432
1,KDLH20160609_095032_V06,-24,0.109,280.17,297.794098,27.223587,-92.34,46.846788,13611.793518,20160609_045032
1,KDLH20160609_095430_V06,-20,0.061,280.23,297.278211,32.056494,-92.34,46.849108,16028.246764,20160609_045430
3,KDLH20160609_102702_V06,13,0.129,279.05,427.660980,65.978119,-92.35,46.262648,32989.059448,20160609_052702
4,KDLH20160609_103918_V06,25,0.108,265.38,399.656433,49.559689,-92.43,46.388474,24779.844284,20160609_053918
4,KDLH20160609_104317_V06,29,0.053,277.02,378.087280,29.543858,-92.36,46.485617,14771.928787,20160609_054317
1,KDLH20160610_094514_V06,-29,0.168,290.76,297.780853,22.973419,-92.27,46.846905,11486.709595,20160610_044514
2,KDLH20160611_095242_V06,-22,0.055,61.98,220.035919,29.121788,-93.78,47.185863,14560.894012,20160611_045242
2,KDLH20160611_100221_V06,-12,0.060,57.98,221.178854,40.077679,-93.81,47.180361,20038.839645,20160611_050221
2,KDLH20160611_101159_V06,-3,-1.000,54.59,222.149270,50.189851,-93.83,47.175685,25094.925560,20160611_051159
2,KDLH20160611_102137_V06,7,-1.000,50.82,223.227511,61.425598,-93.85,47.170484,30712.798798,20160611_052137
2,KDLH20160611_103115_V06,17,0.177,40.24,257.383428,58.488839,-93.92,47.015897,29244.419477,20160611_053115
1,KDLH20160611_095242_V06,-22,0.063,249.04,151.456268,15.511509,-92.55,47.504512,7755.754471,20160611_045242
3,KDLH20160611_103115_V06,17,0.155,169.25,80.824036,39.337753,-93.08,47.819360,19668.876648,20160611_053115
5,KDLH20160611_103115_V06,17,0.071,47.13,144.858337,56.641342,-93.89,47.522480,28320.671082,20160611_053115
6,KDLH20160611_104054_V06,26,0.067,411.57,412.810120,27.354881,-91.49,46.327222,13677.440643,20160611_054054
2,KDLH20160615_094520_V06,-28,0.058,35.09,426.266968,37.051224,-93.93,46.256009,18525.611877,20160615_044520
2,KDLH20160615_094957_V06,-24,0.079,34.98,426.942805,41.574709,-93.93,46.252960,20787.354427,20160615_044957
1,KDLH20160615_094520_V06,-28,0.287,371.08,203.801208,27.011703,-91.74,47.268640,13505.851746,20160615_044520
7,KDLH20160615_101318_V06,0,0.117,357.23,196.013489,26.156235,-91.83,47.304001,13078.117371,20160615_051318
7,KDLH20160615_101755_V06,4,-1.000,357.23,196.013489,32.516235,-91.83,47.304001,16258.117371,20160615_051755
7,KDLH20160615_102231_V06,9,0.059,376.02,180.244904,9.621033,-91.71,47.374440,4810.516357,20160615_052231
12,KDLH20160615_105924_V06,46,0.082,27.72,530.808716,26.806715,-93.96,45.785162,13403.357506,20160615_055924
1,KDLH20160618_100630_V06,-8,0.147,239.79,291.264282,12.255341,-92.60,46.875550,6127.670288,20160618_050630
2,KDLH20160618_101609_V06,2,0.172,27.07,231.444672,39.746460,-94.01,47.131196,19873.229980,20160618_051609
5,KDLH20160618_110422_V06,50,0.072,236.54,133.869720,5.686333,-92.63,47.583328,2843.166351,20160618_060422
1,KDLH20160619_095924_V06,-15,0.123,272.01,360.712494,18.836121,-92.39,46.563720,9418.060303,20160619_045924
1,KDLH20160620_101225_V06,-2,0.117,352.41,344.501343,15.174553,-91.87,46.636269,7587.276459,20160620_051225
2,KDLH20160620_110034_V06,46,0.105,248.00,291.914124,13.948944,-92.55,46.872800,6974.472046,20160620_060034
1,KDLH20160621_100641_V06,-8,0.241,147.94,380.288239,31.637291,-93.20,46.471514,15818.645477,20160621_050641
1,KDLH20160621_101620_V06,2,0.068,147.08,392.756413,48.705599,-93.20,46.415389,24352.799406,20160621_051620
1,KDLH20160622_103037_V06,16,0.050,314.06,280.292999,24.585602,-92.12,46.925539,12292.800903,20160622_053037
1,KDLH20160623_095158_V06,-24,0.057,34.85,317.988342,44.055168,-93.94,46.742868,22027.584076,20160623_045158
1,KDLH20160623_095536_V06,-20,0.071,34.89,317.656553,49.066210,-93.94,46.744364,24533.105244,20160623_045536
2,KDLH20160623_095915_V06,-16,0.077,239.22,141.241119,3.363441,-92.61,47.550242,1681.720734,20160623_045915
2,KDLH20160624_100748_V06,-8,0.381,64.23,433.134857,37.290104,-93.74,46.227824,18645.051956,20160624_050748
2,KDLH20160624_101727_V06,2,0.465,65.31,433.958923,42.111580,-93.73,46.224212,21055.789783,20160624_051727
1,KDLH20160624_095808_V06,-17,0.101,51.37,423.808167,47.985641,-93.82,46.268613,23992.820740,20160624_045808
1,KDLH20160625_101028_V06,-5,0.056,283.58,318.432465,17.261765,-92.32,46.753985,8630.882263,20160625_051028
1,KDLH20160625_101432_V06,-1,-1.000,283.58,318.432465,23.621765,-92.32,46.753985,11810.882263,20160625_051432
1,KDLH20160625_101814_V06,3,0.069,281.07,308.851748,28.972190,-92.33,46.797060,14486.095119,20160625_051814
3,KDLH20160625_102150_V06,6,0.072,352.27,233.944000,14.404037,-91.87,47.133517,7202.018738,20160625_052150
8,KDLH20160625_104212_V06,27,0.063,300.19,360.412170,5.714806,-92.21,46.565217,2857.402802,20160625_054212
11,KDLH20160625_114023_V06,85,0.067,267.10,297.938477,25.220692,-92.43,46.846009,12610.345840,20160625_064023
2,KDLH20160630_105709_V06,39,0.073,37.50,222.370422,48.876625,-93.94,47.173049,24438.312531,20160630_055709
2,KDLH20160630_110124_V06,43,0.069,37.22,222.119089,53.410796,-93.94,47.174151,26705.397768,20160630_060124
2,KDLH20160630_110549_V06,47,0.062,40.41,219.630033,58.719421,-93.92,47.185657,29359.710478,20160630_060549
2,KDLH20160630_111002_V06,52,-1.000,43.32,217.242630,65.268411,-93.90,47.196676,32634.205630,20160630_061002
2,KDLH20160630_111415_V06,56,0.060,46.51,211.300842,57.969547,-93.88,47.223698,28984.773636,20160630_061415
2,KDLH20160630_111818_V06,60,0.062,46.96,210.785470,63.531293,-93.88,47.226059,31765.646680,20160630_061818
1,KDLH20160703_095820_V06,-22,0.051,329.90,330.471954,5.064041,-92.01,46.699717,2532.020569,20160703_045820
3,KDLH20160703_103654_V06,16,0.143,239.24,139.474762,3.308403,-92.61,47.558186,1654.201508,20160703_053654
13,KDLH20160705_112756_V06,66,0.055,289.83,338.160980,23.740696,-92.28,46.665281,11870.347977,20160705_062756
13,KDLH20160705_113131_V06,70,0.066,291.43,337.954005,28.603299,-92.27,46.666218,14301.649548,20160705_063131
1,KDLH20160705_095402_V06,-27,0.111,302.76,349.072723,14.799343,-92.19,46.616219,7399.671555,20160705_045402
1,KDLH20160705_095725_V06,-24,0.163,307.49,347.699768,12.246498,-92.16,46.622386,6123.249054,20160705_045725
6,KDLH20160705_100410_V06,-17,0.066,333.45,196.404480,17.946426,-91.99,47.302651,8973.213196,20160705_050410
6,KDLH20160706_110313_V06,41,0.059,351.45,319.159210,23.348206,-91.87,46.750271,11674.102783,20160706_060313
6,KDLH20160706_111252_V06,50,0.099,348.51,321.753302,31.680538,-91.89,46.738659,15840.268932,20160706_061252
3,KDLH20160706_102440_V06,2,0.569,374.63,413.968323,5.991249,-91.73,46.323288,2995.624542,20160706_052440
3,KDLH20160707_104241_V06,19,0.090,305.43,303.971649,18.296463,-92.17,46.819071,9148.231506,20160707_054241
3,KDLH20160707_104603_V06,23,0.051,305.39,303.083450,24.704631,-92.17,46.823066,12352.315294,20160707_054603
4,KDLH20160707_105609_V06,33,0.051,206.04,429.864624,4.569359,-92.82,46.251183,2284.679413,20160707_055609
6,KDLH20160707_110309_V06,40,0.058,286.29,291.990875,16.151688,-92.30,46.872927,8075.843811,20160707_060309
1,KDLH20160709_101206_V06,-12,0.069,298.52,337.644440,5.183380,-92.22,46.667623,2591.690063,20160709_051206
2,KDLH20160709_111936_V06,55,0.082,271.79,349.359467,2.122955,-92.39,46.614783,1061.477661,20160709_061936
1,KDLH20160713_100929_V06,-19,0.060,384.33,133.828583,38.065979,-91.65,47.582923,19032.989502,20160713_050929
2,KDLH20160713_102845_V06,0,0.074,380.29,381.572510,7.983650,-91.69,46.468839,3991.825104,20160713_052845
3,KDLH20160713_103823_V06,10,0.113,338.02,526.547729,34.400146,-91.97,45.817638,17200.073242,20160713_053823
4,KDLH20160713_114552_V06,77,0.053,261.56,338.860596,10.971287,-92.46,46.661878,5485.643387,20160713_064552
8,KDLH20160714_105527_V06,26,0.061,286.71,80.793945,38.587990,-92.30,47.822746,19293.994904,20160714_055527
9,KDLH20160714_110459_V06,35,0.126,410.19,122.157654,29.405472,-91.48,47.634445,14702.735901,20160714_060459
11,KDLH20160714_110459_V06,35,0.059,415.61,460.177551,13.238272,-91.46,46.113997,6619.135857,20160714_060459
11,KDLH20160714_110946_V06,40,0.057,421.42,487.726318,30.453709,-91.43,45.989827,15226.854324,20160714_060946
11,KDLH20160714_111432_V06,45,-1.000,421.42,487.726318,38.403709,-91.43,45.989827,19201.854324,20160714_061432
11,KDLH20160714_111917_V06,50,0.162,431.61,468.745361,13.439758,-91.36,46.074729,6719.879150,20160714_061917
16,KDLH20160714_111917_V06,50,0.057,303.72,95.237549,41.542259,-92.18,47.757825,20771.129608,20160714_061917
3,KDLH20160715_101438_V06,-16,0.157,304.71,344.054199,14.279716,-92.18,46.638789,7139.858246,20160715_051438
1,KDLH20160716_100309_V06,-28,0.060,299.82,339.796661,6.017315,-92.21,46.657943,3008.657455,20160716_050309
1,KDLH20160716_101247_V06,-19,0.053,298.44,337.774576,14.359033,-92.22,46.667038,7179.516421,20160716_051247
1,KDLH20160718_102117_V06,-12,0.195,205.91,518.495789,11.890465,-92.82,45.852501,5945.232391,20160718_052117
1,KDLH20160718_103055_V06,-3,0.619,211.15,519.935741,17.426079,-92.78,45.846199,8713.039334,20160718_053055
1,KDLH20160718_104032_V06,7,-1.000,216.57,521.425347,24.249128,-92.75,45.839670,12124.563757,20160718_054032
1,KDLH20160718_105011_V06,17,0.205,224.17,548.710597,29.559517,-92.70,45.717151,14779.758261,20160718_055011
3,KDLH20160718_102117_V06,-12,0.108,87.50,444.524780,11.124435,-93.59,46.178529,5562.217712,20160718_052117
3,KDLH20160718_103055_V06,-3,0.475,80.36,467.349794,19.534141,-93.63,46.075307,9767.070548,20160718_053055
5,KDLH20160718_103055_V06,-3,0.760,47.00,486.181213,10.130245,-93.84,45.987715,5065.122604,20160718_053055
5,KDLH20160718_104032_V06,7,0.086,49.81,490.353975,20.407367,-93.82,45.969209,10203.683614,20160718_054032
2,KDLH20160718_102117_V06,-12,0.113,312.26,159.834351,24.103592,-92.13,47.467301,12051.795959,20160718_052117
7,KDLH20160718_103055_V06,-3,0.090,142.40,371.601196,14.231766,-93.24,46.510265,7115.882874,20160718_053055
10,KDLH20160718_103055_V06,-3,0.058,298.17,133.900635,19.532364,-92.22,47.583957,9766.181946,20160718_053055
11,KDLH20160718_104032_V06,7,0.064,227.44,129.269836,14.986107,-92.69,47.603777,7493.053436,20160718_054032
12,KDLH20160718_105011_V06,17,0.110,206.20,350.517426,2.261810,-92.82,46.608081,1130.905151,20160718_055011
14,KDLH20160718_105950_V06,26,0.212,328.37,311.036926,10.966217,-92.02,46.787148,5483.108521,20160718_055950
15,KDLH20160718_113821_V06,65,0.055,29.76,438.546265,46.491199,-93.96,46.200264,23245.599747,20160718_063821
1,KDLH20160720_105752_V06,22,0.120,291.61,524.201172,40.663879,-92.26,45.828446,20331.939697,20160720_055752
1,KDLH20160720_110731_V06,32,0.303,298.52,521.864948,46.153085,-92.22,45.838968,23076.542331,20160720_060731
1,KDLH20160721_102156_V06,-15,0.523,234.17,131.995026,7.544426,-92.65,47.591700,3772.212982,20160721_052156
3,KDLH20160721_103801_V06,2,0.086,307.32,357.066406,70.641792,-92.16,46.580256,35320.896149,20160721_053801
1,KDLH20160722_103441_V06,-3,0.129,201.83,512.002808,14.833103,-92.84,45.881565,7416.551590,20160722_053441
1,KDLH20160723_101610_V06,-22,0.067,300.58,288.375854,4.718674,-92.21,46.889222,2359.336853,20160723_051610
2,KDLH20160723_103525_V06,-3,0.301,79.75,424.335724,28.057186,-93.64,46.268704,14028.593063,20160723_053525
1,KDLH20160724_101643_V06,-23,0.052,291.39,171.400818,29.088715,-92.27,47.415299,14544.357300,20160724_051643
1,KDLH20160724_102006_V06,-19,0.119,292.64,170.971131,36.446213,-92.26,47.417235,18223.106740,20160724_052006
2,KDLH20160724_102328_V06,-16,0.126,299.41,352.150848,12.147572,-92.21,46.602376,6073.785782,20160724_052328
2,KDLH20160724_102656_V06,-13,-1.000,299.41,352.150848,16.917572,-92.21,46.602376,8458.785782,20160724_052656
2,KDLH20160724_103018_V06,-9,0.059,301.89,351.878878,18.807173,-92.20,46.603598,9403.586371,20160724_053018
3,KDLH20160724_104041_V06,1,0.052,322.59,348.159485,7.817215,-92.06,46.620233,3908.607483,20160724_054041
4,KDLH20160724_104740_V06,8,0.061,309.78,329.907501,7.514526,-92.15,46.702405,3757.263184,20160724_054740
1,KDLH20160725_101837_V06,-23,0.664,89.34,388.707031,11.946445,-93.58,46.429700,5973.222733,20160725_051837
10,KDLH20160726_105654_V06,14,0.064,295.96,342.465668,6.748230,-92.24,46.645935,3374.114990,20160726_055654
10,KDLH20160726_110211_V06,20,0.121,298.65,341.212172,13.457139,-92.22,46.651576,6728.569350,20160726_060211
10,KDLH20160726_110757_V06,25,0.083,309.96,340.685382,15.736223,-92.14,46.653927,7868.111598,20160726_060757
10,KDLH20160726_111343_V06,31,0.290,307.94,345.832526,23.954340,-92.16,46.630783,11977.170024,20160726_061343
4,KDLH20160726_102955_V06,-13,0.175,239.96,385.043091,12.393394,-92.60,46.453758,6196.697235,20160726_052955
5,KDLH20160726_102955_V06,-13,0.104,66.84,144.969086,36.032681,-93.76,47.523809,18016.340256,20160726_052955
6,KDLH20160726_102955_V06,-13,0.057,81.50,461.913574,4.918327,-93.62,46.099848,2459.163666,20160726_052955
7,KDLH20160726_104617_V06,4,0.078,337.73,330.336273,8.096527,-91.96,46.700228,4048.263550,20160726_054617
9,KDLH20160726_105654_V06,14,0.085,41.91,201.822632,47.474892,-93.92,47.265866,23737.445831,20160726_055654
8,KDLH20160727_110242_V06,19,0.078,313.33,294.696960,19.111649,-92.12,46.860758,9555.824280,20160727_060242
8,KDLH20160727_110631_V06,23,0.173,313.43,294.352564,23.889705,-92.12,46.862307,11944.852651,20160727_060631
10,KDLH20160727_110631_V06,23,0.053,227.53,240.817017,17.111000,-92.69,47.102130,8555.500031,20160727_060631
10,KDLH20160727_111034_V06,27,0.086,228.33,240.713885,22.477264,-92.68,47.102615,11238.632181,20160727_061034
1,KDLH20160727_101628_V06,-27,0.061,289.52,337.870270,7.637741,-92.28,46.666587,3818.870544,20160727_051628
5,KDLH20160727_105040_V06,7,0.081,224.09,136.833191,15.613136,-92.71,47.569669,7806.568146,20160727_055040
5,KDLH20160727_105444_V06,11,0.110,224.40,141.962128,10.036911,-92.71,47.546613,5018.455505,20160727_055444
7,KDLH20160727_105848_V06,15,0.070,312.48,284.918640,26.319717,-92.13,46.904742,13159.858704,20160727_055848
11,KDLH20160727_115103_V06,68,0.077,375.76,309.599304,7.517776,-91.71,46.792689,3758.888245,20160727_065103
12,KDLH20160727_115911_V06,76,0.073,254.70,273.540588,21.779892,-92.51,46.955559,10889.945984,20160727_065911
1,KDLH20160728_102054_V06,-24,0.524,229.92,136.240509,8.729858,-92.68,47.572497,4364.929199,20160728_052054
3,KDLH20160728_103032_V06,-14,0.843,73.17,381.193909,17.126698,-93.69,46.462171,8563.348770,20160728_053032
5,KDLH20160728_104011_V06,-4,0.087,31.51,435.705627,53.911762,-93.95,46.213212,26955.881119,20160728_054011
6,KDLH20160728_105928_V06,15,0.054,114.99,372.593994,2.516376,-93.41,46.504052,1258.188248,20160728_055928
1,KDLH20160729_102423_V06,-21,0.622,84.16,375.004211,12.263390,-93.62,46.490912,6131.694794,20160729_052423
1,KDLH20160729_103402_V06,-11,0.676,84.09,378.226977,23.295430,-93.62,46.476413,11647.714974,20160729_053402
1,KDLH20160729_104340_V06,-2,0.581,85.34,389.361727,27.823445,-93.61,46.426439,13911.722554,20160729_054340
3,KDLH20160729_110258_V06,17,0.095,228.08,548.571411,5.082602,-92.67,45.717883,2541.300774,20160729_060258
1,KDLH20160730_102757_V06,-19,0.868,85.93,377.304138,16.970974,-93.60,46.480711,8485.486984,20160730_052757
1,KDLH20160730_103735_V06,-9,0.923,87.03,379.532100,28.834782,-93.60,46.470778,14417.390782,20160730_053735
1,KDLH20160730_104714_V06,1,0.839,92.03,392.180468,33.429827,-93.56,46.414288,16714.913494,20160730_054714
1,KDLH20160730_105654_V06,10,0.108,95.18,394.389586,45.060575,-93.54,46.404595,22530.287436,20160730_055654
2,KDLH20160730_102757_V06,-19,0.314,345.44,543.286133,16.118515,-91.92,45.742227,8059.257507,20160730_052757
2,KDLH20160730_103735_V06,-9,0.628,345.27,542.236800,26.958325,-91.92,45.746950,13479.162572,20160730_053735
3,KDLH20160730_102757_V06,-19,0.257,284.89,357.692139,4.356102,-92.31,46.577409,2178.050995,20160730_052757
1,KDLH20160731_103344_V06,-15,0.667,86.38,364.604553,15.633179,-93.60,46.537857,7816.589355,20160731_053344
1,KDLH20160731_103707_V06,-11,0.120,86.26,365.505955,20.734441,-93.60,46.533794,10367.220355,20160731_053707
1,KDLH20160731_104031_V06,-8,0.671,87.11,362.103173,24.402467,-93.60,46.549164,12201.233640,20160731_054031
1,KDLH20160731_104410_V06,-4,0.770,86.47,361.771691,25.398088,-93.60,46.550604,12699.044159,20160731_054410
1,KDLH20160731_104732_V06,-1,0.717,88.40,361.750087,27.276594,-93.59,46.550854,13638.296783,20160731_054732
1,KDLH20160731_105109_V06,3,0.797,89.89,363.743873,28.915438,-93.58,46.542005,14457.718849,20160731_055109
1,KDLH20160731_105446_V06,6,0.540,92.06,364.186669,32.363441,-93.57,46.540183,16181.720610,20160731_055446
1,KDLH20160731_105813_V06,10,0.185,93.98,367.490394,31.843225,-93.55,46.525473,15921.612550,20160731_055813
1,KDLH20160731_110151_V06,13,0.290,96.86,360.923065,41.666824,-93.53,46.555227,20833.412170,20160731_060151
3,KDLH20160731_104031_V06,-8,0.081,278.25,340.549561,17.894573,-92.35,46.654469,8947.286606,20160731_054031
1,KDLH20160801_104759_V06,-2,0.054,99.02,365.152435,22.168896,-93.52,46.536370,11084.447861,20160801_054759
1,KDLH20160802_103347_V06,-17,0.092,28.33,431.849426,43.756855,-93.97,46.230235,21878.427505,20160802_053347
1,KDLH20160803_103053_V06,-21,0.699,86.39,377.200806,12.779884,-93.60,46.481212,6389.942169,20160803_053053
1,KDLH20160803_104031_V06,-11,0.581,91.37,373.747496,31.115752,-93.57,46.497133,15557.876015,20160803_054031
1,KDLH20160803_105009_V06,-1,0.780,90.38,385.127322,34.129774,-93.57,46.445879,17064.887180,20160803_055009
1,KDLH20160803_105946_V06,8,0.154,93.93,390.981595,40.992167,-93.55,46.419826,20496.083415,20160803_055946
3,KDLH20160803_110925_V06,18,0.069,340.86,360.497131,2.049507,-91.94,46.564524,1024.753571,20160803_060925
5,KDLH20160803_111903_V06,28,0.062,383.77,302.835846,14.068832,-91.66,46.822869,7034.416199,20160803_061903
7,KDLH20160804_121338_V06,80,0.062,237.34,306.360260,25.490181,-92.62,46.807597,12745.090485,20160804_071338
7,KDLH20160804_121851_V06,85,0.533,237.63,305.967840,30.371678,-92.62,46.809369,15185.838901,20160804_071851
2,KDLH20160804_104816_V06,-5,0.080,90.90,383.862823,10.277760,-93.57,46.451607,5138.879776,20160804_054816
5,KDLH20160804_111457_V06,21,0.180,80.25,292.941528,44.372639,-93.65,46.859620,22186.319351,20160804_061457
2,KDLH20160805_103952_V06,-15,0.816,96.56,394.130249,19.822243,-93.53,46.405866,9911.121368,20160805_053952
2,KDLH20160805_104930_V06,-5,0.798,97.60,403.476211,29.680695,-93.52,46.363913,14840.347350,20160805_054930
2,KDLH20160805_105908_V06,5,0.153,98.93,414.456093,38.437912,-93.52,46.314633,19218.955889,20160805_055908
5,KDLH20160805_104930_V06,-5,0.067,239.30,362.037476,2.284431,-92.61,46.557220,1142.215729,20160805_054930
9,KDLH20160805_105908_V06,5,0.057,290.66,135.059540,26.200058,-92.27,47.578730,13100.028992,20160805_055908
11,KDLH20160805_110846_V06,14,0.152,268.60,120.622070,13.421886,-92.42,47.643484,6710.943222,20160805_060846
14,KDLH20160805_112803_V06,34,0.089,341.47,152.982635,26.393036,-91.93,47.497815,13196.517944,20160805_062803
14,KDLH20160805_113742_V06,43,0.102,316.49,160.885071,20.599945,-92.10,47.462553,10299.972534,20160805_063742
17,KDLH20160805_113742_V06,43,0.082,203.04,390.641846,2.840775,-92.84,46.427498,1420.387268,20160805_063742
1,KDLH20160806_103553_V06,-20,0.887,88.63,381.836670,15.329369,-93.59,46.460540,7664.684296,20160806_053553
1,KDLH20160806_104532_V06,-10,0.926,96.20,387.942984,29.159359,-93.54,46.433664,14579.679460,20160806_054532
1,KDLH20160806_105512_V06,0,0.861,99.94,397.471336,38.644792,-93.51,46.391093,19322.396232,20160806_055512
1,KDLH20160806_110450_V06,9,0.513,105.22,407.570750,47.565489,-93.47,46.346060,23782.744451,20160806_060450
2,KDLH20160806_110450_V06,9,0.499,190.61,560.607178,18.309849,-92.91,45.662499,9154.924393,20160806_060450
2,KDLH20160806_111429_V06,19,0.342,192.10,565.317939,29.007513,-92.90,45.641367,14503.756650,20160806_061429
2,KDLH20160806_112408_V06,29,0.217,163.05,568.754407,28.519722,-93.09,45.624611,14259.861121,20160806_062408
3,KDLH20160806_110450_V06,9,0.311,133.11,565.354980,29.757072,-93.28,45.638244,14878.536224,20160806_060450
6,KDLH20160806_112408_V06,29,0.070,427.45,292.858521,15.779129,-91.37,46.866010,7889.564514,20160806_062408
1,KDLH20160807_103926_V06,-17,0.944,83.31,378.659973,16.228859,-93.62,46.474403,8114.429474,20160807_053926
1,KDLH20160807_104905_V06,-7,0.939,89.41,381.856887,28.901394,-93.58,46.460511,14450.696833,20160807_054905
1,KDLH20160807_105843_V06,2,0.557,88.78,388.765779,37.252212,-93.58,46.429392,18626.106004,20160807_055843
5,KDLH20160807_115641_V06,60,0.087,349.13,306.871582,23.889328,-91.89,46.805581,11944.664001,20160807_065641
5,KDLH20160807_120620_V06,70,0.094,350.42,291.123841,34.182326,-91.88,46.876385,17091.162930,20160807_070620
5,KDLH20160807_121559_V06,79,0.142,355.27,276.730780,38.475721,-91.85,46.941023,19237.860677,20160807_071559
2,KDLH20160807_104905_V06,-7,0.126,389.94,332.345459,5.151901,-91.62,46.689945,2575.950623,20160807_054905
4,KDLH20160807_113720_V06,41,0.084,466.09,360.661682,37.988838,-91.13,46.558952,18994.419098,20160807_063720
1,KDLH20160808_103408_V06,-24,0.838,87.68,368.502167,11.667736,-93.59,46.520432,5833.868027,20160808_053408
1,KDLH20160808_104347_V06,-15,0.857,90.61,366.768250,23.062588,-93.57,46.528460,11531.293980,20160808_054347
1,KDLH20160808_105325_V06,-5,0.842,95.90,361.348358,37.952067,-93.54,46.553242,18976.033265,20160808_055325
1,KDLH20160808_110305_V06,5,0.173,93.31,361.828981,48.074692,-93.56,46.550882,24037.345844,20160808_060305
4,KDLH20160808_104347_V06,-15,0.284,298.48,196.363251,4.587402,-92.22,47.303049,2293.701172,20160808_054347
4,KDLH20160808_105325_V06,-5,0.051,304.86,188.216350,19.678929,-92.18,47.339684,9839.464581,20160808_055325
6,KDLH20160808_104347_V06,-15,0.065,348.02,162.013519,21.299149,-91.89,47.457090,10649.574280,20160808_054347
6,KDLH20160808_105325_V06,-5,0.096,339.82,168.112179,37.278940,-91.95,47.429801,18639.470064,20160808_055325
6,KDLH20160808_110305_V06,5,-1.000,332.09,173.865632,53.254215,-92.00,47.404032,26627.107596,20160808_060305
6,KDLH20160808_111245_V06,14,0.076,337.18,147.859131,19.297348,-91.96,47.520921,9648.674011,20160808_061245
10,KDLH20160808_105325_V06,-5,0.063,395.44,509.615540,37.198959,-91.59,45.892400,18599.479675,20160808_055325
10,KDLH20160808_110305_V06,5,0.166,396.25,504.778646,42.193452,-91.59,45.914129,21096.726036,20160808_060305
2,KDLH20160808_103408_V06,-24,0.059,98.51,295.389191,34.850628,-93.53,46.850057,17425.313950,20160808_053408
3,KDLH20160808_104347_V06,-15,0.338,230.10,161.602966,21.730705,-92.67,47.458445,10865.352631,20160808_054347
12,KDLH20160808_110305_V06,5,0.063,271.29,352.349915,2.263954,-92.40,46.601327,1131.977081,20160808_060305
13,KDLH20160808_111245_V06,14,0.136,374.49,316.730408,5.166489,-91.72,46.760652,2583.244324,20160808_061245
14,KDLH20160808_111245_V06,14,0.089,286.54,101.202667,55.076187,-92.30,47.730968,27538.093567,20160808_061245
16,KDLH20160808_121038_V06,72,0.063,239.19,136.695343,2.340157,-92.61,47.570684,1170.078278,20160808_071038
3,KDLH20160809_110304_V06,4,0.072,104.35,365.405304,15.460030,-93.48,46.535626,7730.014801,20160809_060304
3,KDLH20160809_110642_V06,7,-1.000,104.35,365.405304,20.230030,-93.48,46.535626,10115.014801,20160809_060642
3,KDLH20160809_111019_V06,11,0.499,110.55,360.542319,26.766163,-93.45,46.557941,13383.081640,20160809_061019
3,KDLH20160809_111356_V06,14,0.127,116.11,358.083937,29.264314,-93.41,46.569384,14632.157166,20160809_061356
2,KDLH20160809_105609_V06,-3,0.163,112.34,352.082642,29.521587,-93.43,46.596112,14760.793686,20160809_055609
2,KDLH20160810_105257_V06,-8,0.060,303.12,283.787567,27.930222,-92.19,46.909857,13965.110779,20160810_055257
8,KDLH20160810_111339_V06,13,0.093,332.41,187.830811,24.445129,-92.00,47.341223,12222.564697,20160810_061339
10,KDLH20160810_112034_V06,20,0.051,341.02,350.493835,17.456078,-91.94,46.609515,8728.038788,20160810_062034
10,KDLH20160810_112729_V06,27,-1.000,341.02,350.493835,28.586078,-91.94,46.609515,14293.038788,20160810_062729
10,KDLH20160810_113422_V06,34,0.077,333.92,349.493378,16.671951,-91.99,46.614114,8335.975647,20160810_063422
19,KDLH20160810_120626_V06,66,0.127,361.28,337.663635,15.717175,-91.81,46.666836,7858.587265,20160810_070626
2,KDLH20160811_110415_V06,2,0.605,79.98,373.260132,11.622410,-93.64,46.498416,5811.204910,20160811_060415
2,KDLH20160811_110943_V06,7,0.889,80.21,375.074091,19.091451,-93.64,46.490277,9545.725581,20160811_060943
2,KDLH20160811_111510_V06,13,0.882,80.99,374.040815,25.877819,-93.64,46.494988,12938.909599,20160811_061510
2,KDLH20160811_112038_V06,18,0.422,81.69,372.772204,35.046679,-93.63,46.500750,17523.339633,20160811_062038
1,KDLH20160812_110122_V06,-2,0.253,86.03,369.079773,20.867050,-93.60,46.517704,10433.525085,20160812_060122
1,KDLH20160813_105551_V06,-9,0.890,88.16,383.735535,14.141014,-93.59,46.451964,7070.507050,20160813_055551
1,KDLH20160813_105918_V06,-5,0.924,88.77,385.036246,19.416117,-93.58,46.446163,9708.058335,20160813_055918
1,KDLH20160813_110245_V06,-2,0.914,90.77,389.016075,24.500869,-93.57,46.428422,12250.434368,20160813_060245
1,KDLH20160813_110612_V06,2,0.928,94.70,392.288577,28.468132,-93.54,46.414007,14234.065854,20160813_060612
1,KDLH20160813_110939_V06,5,0.869,96.28,395.177101,32.608070,-93.53,46.401137,16304.034913,20160813_060939
1,KDLH20160813_111307_V06,9,0.308,97.79,398.554776,36.401737,-93.52,46.386061,18200.868574,20160813_061307
1,KDLH20160813_111634_V06,12,0.151,99.29,402.874155,42.812072,-93.51,46.366747,21406.035942,20160813_061634
3,KDLH20160814_105740_V06,-8,0.818,97.10,393.004639,24.905285,-93.53,46.410969,12452.642441,20160814_055740
3,KDLH20160814_110718_V06,2,0.102,100.41,393.211369,32.788351,-93.51,46.410286,16394.175587,20160814_060718
3,KDLH20160814_111657_V06,11,-1.000,103.21,393.386894,40.291521,-93.49,46.409703,20145.760334,20160814_061657
3,KDLH20160814_112636_V06,21,-1.000,106.33,393.581923,48.628376,-93.47,46.409052,24314.187830,20160814_062636
3,KDLH20160814_113614_V06,31,0.094,90.88,431.822404,47.670293,-93.57,46.235919,23835.146393,20160814_063614
3,KDLH20160814_114552_V06,40,-1.000,86.64,446.423874,51.649040,-93.59,46.169921,25824.519797,20160814_064552
3,KDLH20160814_115531_V06,50,0.114,50.43,443.798824,58.637073,-93.83,46.178630,29318.536288,20160814_065531
6,KDLH20160814_105740_V06,-8,0.136,118.03,543.034180,10.081852,-93.38,45.737683,5040.925980,20160814_055740
6,KDLH20160814_110718_V06,2,0.061,126.98,536.138010,26.635931,-93.32,45.769282,13317.965475,20160814_060718
8,KDLH20160814_110718_V06,2,0.263,240.30,145.686829,7.760063,-92.61,47.530274,3880.031586,20160814_060718
8,KDLH20160814_111657_V06,11,0.065,240.42,146.013314,16.034351,-92.61,47.528808,8017.175470,20160814_061657
11,KDLH20160814_110718_V06,2,0.081,43.67,395.268433,26.274990,-93.88,46.396232,13137.495041,20160814_060718
11,KDLH20160814_111657_V06,11,-1.000,43.67,395.268433,40.584990,-93.88,46.396232,20292.495041,20160814_061657
11,KDLH20160814_112636_V06,21,0.134,60.64,429.057823,60.291301,-93.76,46.245844,30145.650320,20160814_062636
11,KDLH20160814_113614_V06,31,-1.000,74.07,455.794841,79.203175,-93.67,46.126757,39601.587411,20160814_063614
11,KDLH20160814_114552_V06,40,0.279,37.47,446.899689,46.220943,-93.91,46.163460,23110.471725,20160814_064552
19,KDLH20160814_122428_V06,79,0.200,129.88,472.976440,26.824217,-93.31,46.053558,13412.108421,20160814_072428
19,KDLH20160814_123407_V06,89,0.099,129.76,477.447321,36.492727,-93.31,46.033441,18246.363378,20160814_073407
1,KDLH20160814_103823_V06,-27,0.052,79.06,397.491455,76.742996,-93.65,46.389371,38371.498108,20160814_053823
1,KDLH20160814_104801_V06,-17,0.057,42.48,425.788208,50.741524,-93.88,46.258877,25370.761871,20160814_054801
5,KDLH20160814_105740_V06,-8,0.149,221.55,442.708130,20.830421,-92.72,46.193907,10415.210724,20160814_055740
5,KDLH20160814_110718_V06,2,0.085,221.14,428.681549,5.536339,-92.72,46.256987,2768.169403,20160814_060718
15,KDLH20160814_113614_V06,31,0.144,267.60,348.384521,7.437241,-92.42,46.619120,3718.620300,20160814_063614
18,KDLH20160814_115531_V06,50,0.077,288.16,406.596741,14.670212,-92.29,46.357452,7335.105896,20160814_065531
1,KDLH20160815_105148_V06,-16,0.088,91.39,367.205017,15.405167,-93.57,46.526557,7702.583313,20160815_055148
1,KDLH20160815_110127_V06,-6,0.750,95.61,366.925925,28.098063,-93.54,46.528136,14049.031367,20160815_060127
1,KDLH20160815_111106_V06,4,0.730,104.05,370.864175,38.582930,-93.49,46.511054,19291.464937,20160815_061106
8,KDLH20160815_114942_V06,42,0.059,352.66,303.619873,25.476410,-91.86,46.820139,12738.204956,20160815_064942
8,KDLH20160815_115921_V06,52,0.063,347.14,297.327222,34.689908,-91.90,46.848544,17344.953794,20160815_065921
8,KDLH20160815_120859_V06,61,-1.000,342.46,291.984405,43.322689,-91.93,46.872653,21661.344317,20160815_070859
8,KDLH20160815_121839_V06,71,0.076,380.44,294.787659,28.005600,-91.68,46.859169,14002.799988,20160815_071839
2,KDLH20160815_110127_V06,-6,0.125,128.80,561.477295,30.679504,-93.31,45.655420,15339.752197,20160815_060127
3,KDLH20160815_111106_V06,4,0.073,56.70,400.204590,9.082595,-93.79,46.375243,4541.297436,20160815_061106
4,KDLH20160815_111106_V06,4,0.067,236.24,142.342865,7.183891,-92.63,47.545216,3591.945648,20160815_061106
6,KDLH20160815_112044_V06,13,0.074,393.55,190.892120,49.644379,-91.59,47.325993,24822.189331,20160815_062044
7,KDLH20160815_113024_V06,23,0.084,241.49,307.193573,6.735405,-92.59,46.803943,3367.702484,20160815_063024
9,KDLH20160815_120859_V06,61,0.102,285.01,88.155029,54.218060,-92.31,47.789635,27109.029770,20160815_070859
9,KDLH20160815_121839_V06,71,0.108,300.56,95.781372,38.170326,-92.21,47.755382,19085.163116,20160815_071839
1,KDLH20160816_105104_V06,-17,0.857,81.50,375.910339,10.442692,-93.63,46.486621,5221.345901,20160816_055104
1,KDLH20160816_105454_V06,-14,0.861,82.01,376.437594,15.525832,-93.63,46.484292,7762.915963,20160816_055454
1,KDLH20160816_105844_V06,-10,0.841,81.11,376.931748,19.329505,-93.64,46.481996,9664.752694,20160816_055844
1,KDLH20160816_110221_V06,-6,0.760,84.73,374.416348,26.131758,-93.61,46.493601,13065.878930,20160816_060221
1,KDLH20160816_110559_V06,-3,0.582,88.33,374.360170,33.001091,-93.59,46.494140,16500.545281,20160816_060559
1,KDLH20160816_110936_V06,1,0.060,91.06,371.917635,40.632404,-93.57,46.505338,20316.201900,20160816_060936
5,KDLH20160816_105454_V06,-14,0.051,189.63,332.160950,2.251366,-92.93,46.690010,1125.682831,20160816_055454
5,KDLH20160816_105844_V06,-10,0.295,189.34,331.798062,7.935326,-92.93,46.691630,3967.663073,20160816_055844
14,KDLH20160816_114929_V06,41,0.067,342.54,300.234436,17.604218,-91.93,46.835546,8802.108765,20160816_064929
14,KDLH20160816_115306_V06,45,0.051,342.39,300.669913,22.934157,-91.93,46.833590,11467.078303,20160816_065306
14,KDLH20160816_115628_V06,48,-1.000,342.30,300.907445,27.142305,-91.93,46.832523,13571.152596,20160816_065628
14,KDLH20160816_120005_V06,52,0.081,335.50,304.441498,16.763321,-91.98,46.816727,8381.660461,20160816_070005
14,KDLH20160816_120330_V06,55,0.100,335.84,303.981706,21.501782,-91.97,46.818790,10750.891137,20160816_070330
21,KDLH20160816_122358_V06,75,0.063,340.83,310.648651,22.331238,-91.94,46.788733,11165.618896,20160816_072358
21,KDLH20160816_122720_V06,79,0.103,341.04,309.915000,27.611894,-91.94,46.792029,13805.946864,20160816_072720
21,KDLH20160816_123043_V06,82,0.121,341.34,304.914429,23.090942,-91.94,46.814516,11545.471191,20160816_073043
21,KDLH20160816_123407_V06,86,0.296,341.52,305.014513,27.940453,-91.94,46.814063,13970.226634,20160816_073407
2,KDLH20160816_105104_V06,-17,0.124,269.63,364.602753,16.486195,-92.41,46.546196,8243.097305,20160816_055104
8,KDLH20160816_105844_V06,-10,0.070,34.33,319.397278,43.010792,-93.95,46.736482,21505.395889,20160816_055844
8,KDLH20160816_110221_V06,-6,-1.000,34.33,319.397278,49.370792,-93.95,46.736482,24685.395889,20160816_060221
8,KDLH20160816_110559_V06,-3,0.068,26.81,305.868683,40.927032,-94.00,46.796551,20463.516235,20160816_060559
10,KDLH20160816_111650_V06,8,0.063,295.37,436.454773,30.971985,-92.24,46.223169,15485.992432,20160816_061650
11,KDLH20160816_112406_V06,16,0.218,79.30,402.474243,28.031551,-93.64,46.366982,14015.775681,20160816_062406
11,KDLH20160816_112743_V06,19,0.273,57.55,390.904419,51.951874,-93.79,46.417141,25975.936890,20160816_062743
1,KDLH20160817_105729_V06,-12,0.066,67.01,391.749817,36.285633,-93.73,46.414175,18142.816544,20160817_055729
1,KDLH20160817_110706_V06,-2,0.936,106.52,380.985339,41.301589,-93.47,46.465716,20650.794672,20160817_060706
1,KDLH20160817_111646_V06,7,0.171,111.90,399.120699,46.825489,-93.43,46.384538,23412.744480,20160817_061646
1,KDLH20160817_112623_V06,17,0.386,110.24,399.430173,44.682901,-93.44,46.383030,22341.450412,20160817_062623
1,KDLH20160817_113601_V06,27,0.242,128.17,398.479431,32.736481,-93.33,46.388509,16368.240356,20160817_063601
1,KDLH20160817_114538_V06,36,-1.000,128.17,398.479431,47.046481,-93.33,46.388509,23523.240356,20160817_064538
1,KDLH20160817_115516_V06,46,0.073,137.54,419.495056,32.550438,-93.26,46.294571,16275.218964,20160817_065516
15,KDLH20160817_120454_V06,55,0.077,92.55,444.662781,33.154587,-93.55,46.178300,16577.293396,20160817_070454
15,KDLH20160817_121432_V06,65,0.083,94.60,445.582090,39.853588,-93.54,46.174322,19926.793870,20160817_071432
2,KDLH20160817_110706_V06,-2,0.092,373.54,186.238556,31.803085,-91.72,47.347556,15901.542664,20160817_060706
4,KDLH20160817_110706_V06,-2,0.058,30.53,390.825378,28.514040,-93.96,46.414927,14257.019997,20160817_060706
5,KDLH20160817_110706_V06,-2,0.052,49.15,458.499207,49.882847,-93.83,46.112404,24941.423416,20160817_060706
6,KDLH20160817_111646_V06,7,0.147,111.28,516.645508,38.022190,-93.42,45.855917,19011.095047,20160817_061646
7,KDLH20160817_111646_V06,7,0.071,376.53,280.505798,22.183563,-91.71,46.923517,11091.781616,20160817_061646
11,KDLH20160817_113601_V06,27,0.129,250.69,388.183716,24.714561,-92.53,46.439849,12357.280731,20160817_063601
12,KDLH20160817_114538_V06,36,0.067,214.24,398.138672,3.112534,-92.77,46.394158,1556.266785,20160817_064538
17,KDLH20160817_122410_V06,75,0.194,225.60,445.849915,45.816582,-92.69,46.179889,22908.290863,20160817_072410
3,KDLH20160818_111309_V06,2,0.070,73.68,427.471985,37.172504,-93.68,46.254099,18586.252213,20160818_061309
3,KDLH20160818_112248_V06,11,0.141,75.66,433.994531,44.002709,-93.66,46.224931,22001.354570,20160818_062248
3,KDLH20160818_113227_V06,21,0.054,43.93,449.850124,42.877084,-93.87,46.150810,21438.541949,20160818_063227
1,KDLH20160818_105353_V06,-18,0.892,87.97,365.844482,17.991859,-93.59,46.532407,8995.929718,20160818_055353
1,KDLH20160818_110331_V06,-8,0.168,94.10,363.321744,34.160590,-93.55,46.544229,17080.294759,20160818_060331
9,KDLH20160818_115144_V06,40,0.108,543.44,350.275055,31.038860,-90.62,46.599754,15519.430161,20160818_065144
9,KDLH20160818_120124_V06,50,0.069,544.97,359.641239,46.732930,-90.61,46.557497,23366.464762,20160818_070124
16,KDLH20160818_123018_V06,79,0.053,355.23,315.602325,17.750351,-91.85,46.766193,8875.175476,20160818_073018
16,KDLH20160818_123957_V06,88,0.158,359.46,316.182141,26.057990,-91.82,46.763495,13028.995170,20160818_073957
2,KDLH20160818_105353_V06,-18,0.110,105.71,303.652191,30.897673,-93.48,46.813434,15448.836327,20160818_055353
4,KDLH20160818_112248_V06,11,0.068,477.11,367.222717,55.052929,-91.06,46.528740,27526.464462,20160818_062248
5,KDLH20160818_112248_V06,11,0.064,429.79,199.557404,2.610352,-91.35,47.285489,1305.175781,20160818_062248
6,KDLH20160818_112248_V06,11,0.058,35.59,460.264008,41.665680,-93.92,46.103179,20832.839966,20160818_062248
8,KDLH20160818_114206_V06,31,0.061,548.75,361.048462,46.993248,-90.59,46.550821,23496.623993,20160818_064206
11,KDLH20160818_121101_V06,60,0.425,219.24,379.703186,13.779564,-92.74,46.477233,6889.781952,20160818_071101
12,KDLH20160818_121101_V06,60,0.262,247.02,148.677612,14.398335,-92.56,47.516968,7199.167252,20160818_071101
15,KDLH20160818_123018_V06,79,0.086,38.07,431.580322,42.888466,-93.91,46.232406,21444.232941,20160818_073018
3,KDLH20160819_122104_V06,69,0.087,30.44,462.209412,32.035564,-93.95,46.093923,16017.782211,20160819_072104
4,KDLH20160820_120739_V06,54,0.450,364.85,269.699036,52.583511,-91.78,46.972432,26291.755676,20160820_070739
4,KDLH20160820_121101_V06,58,0.388,364.60,270.489745,56.728401,-91.79,46.968882,28364.200369,20160820_071101
4,KDLH20160820_121424_V06,61,0.064,359.60,269.230849,60.914593,-91.82,46.974660,30457.296432,20160820_071424
4,KDLH20160820_121804_V06,65,0.444,367.31,269.601593,50.601791,-91.77,46.972809,25300.895691,20160820_071804
4,KDLH20160820_122145_V06,68,0.092,367.52,269.950932,54.297557,-91.77,46.971232,27148.778356,20160820_072145
4,KDLH20160820_122525_V06,72,0.084,365.10,274.587036,44.555618,-91.78,46.950442,22277.809143,20160820_072525
4,KDLH20160820_122914_V06,76,0.307,365.33,274.462539,49.536730,-91.78,46.950996,24768.364952,20160820_072914
4,KDLH20160820_123303_V06,80,0.177,367.55,276.644165,44.065140,-91.77,46.941129,22032.569885,20160820_073303
4,KDLH20160820_123651_V06,83,0.085,373.83,276.718140,38.105621,-91.72,46.940629,19052.810669,20160820_073651
7,KDLH20160820_120739_V06,54,0.058,341.65,332.131836,11.436279,-91.94,46.692094,5718.139648,20160820_070739
7,KDLH20160820_121101_V06,58,-1.000,341.65,332.131836,17.796279,-91.94,46.692094,8898.139648,20160820_071101
7,KDLH20160820_121424_V06,61,0.130,341.30,328.443874,21.397924,-91.94,46.708687,10698.961900,20160820_071424
7,KDLH20160820_121804_V06,65,0.066,336.97,325.184979,24.683853,-91.97,46.723408,12341.926746,20160820_071804
2,KDLH20160820_114040_V06,27,0.158,309.98,324.132385,20.669571,-92.14,46.728380,10334.785461,20160820_064040
3,KDLH20160820_115046_V06,37,0.076,277.19,376.500366,12.566383,-92.36,46.492756,6283.191681,20160820_065046
5,KDLH20160821_111754_V06,3,0.328,115.80,542.106140,9.806937,-93.39,45.741708,4903.468609,20160821_061754
5,KDLH20160821_112732_V06,13,0.296,118.26,548.943641,22.750829,-93.38,45.711117,11375.414319,20160821_062732
5,KDLH20160821_113709_V06,23,0.588,126.91,559.267340,28.445097,-93.32,45.665242,14222.548496,20160821_063709
5,KDLH20160821_114647_V06,32,0.886,134.97,555.747838,28.164836,-93.27,45.681570,14082.418250,20160821_064647
5,KDLH20160821_115625_V06,42,0.062,144.03,560.079291,35.230096,-93.21,45.662618,17615.047944,20160821_065625
5,KDLH20160821_120603_V06,52,0.070,148.88,560.649830,37.029276,-93.18,45.660323,18514.637865,20160821_070603
5,KDLH20160821_121542_V06,61,0.080,152.10,547.819837,39.833815,-93.16,45.718211,19916.907603,20160821_071542
4,KDLH20160821_110816_V06,-6,0.847,91.24,380.544922,15.330101,-93.57,46.466554,7665.050507,20160821_060816
4,KDLH20160821_111754_V06,3,0.836,96.61,382.811700,26.825594,-93.53,46.456772,13412.796875,20160821_061754
4,KDLH20160821_112732_V06,13,0.653,104.74,395.265493,42.277977,-93.48,46.401366,21138.988347,20160821_062732
4,KDLH20160821_113709_V06,23,0.205,107.86,408.653117,57.244022,-93.46,46.341381,28622.010909,20160821_063709
4,KDLH20160821_114647_V06,32,0.082,105.70,396.020883,54.529364,-93.47,46.398038,27264.682146,20160821_064647
6,KDLH20160821_111754_V06,3,0.155,187.23,551.482056,10.339638,-92.93,45.703411,5169.818878,20160821_061754
6,KDLH20160821_112732_V06,13,0.648,190.97,554.976683,19.092965,-92.91,45.687842,9546.482691,20160821_062732
6,KDLH20160821_113709_V06,23,0.807,191.07,566.757203,29.961178,-92.91,45.634852,14980.589176,20160821_063709
2,KDLH20160821_104903_V06,-25,0.062,170.52,361.459961,6.235626,-93.05,46.557379,3117.813110,20160821_054903
2,KDLH20160821_105839_V06,-16,0.059,165.29,367.688750,21.006763,-93.09,46.529107,10503.381290,20160821_055839
11,KDLH20160821_120603_V06,52,0.163,198.70,562.741638,29.192160,-92.86,45.653209,14596.079826,20160821_070603
11,KDLH20160821_121542_V06,61,0.257,202.95,563.123039,36.042410,-92.83,45.651647,18021.204878,20160821_071542
3,KDLH20160821_105839_V06,-16,0.170,295.23,415.721436,16.377792,-92.24,46.316430,8188.896179,20160821_055839
16,KDLH20160821_122519_V06,71,0.087,303.65,337.118927,2.164993,-92.19,46.669985,1082.496643,20160821_072519
1,KDLH20160822_105051_V06,-26,0.817,93.43,364.700745,8.034779,-93.56,46.537977,4017.389297,20160822_055051
1,KDLH20160822_105414_V06,-22,0.899,95.36,362.765219,11.957538,-93.54,46.546828,5978.768753,20160822_055414
1,KDLH20160822_105742_V06,-19,0.830,99.02,358.827493,15.276645,-93.52,46.564813,7638.322504,20160822_055742
1,KDLH20160822_110104_V06,-15,0.874,104.42,355.431613,20.849751,-93.49,46.580484,10424.875647,20160822_060104
1,KDLH20160822_110426_V06,-12,0.814,106.90,351.800682,25.658963,-93.47,46.596994,12829.481317,20160822_060426
1,KDLH20160822_110748_V06,-9,0.756,115.31,347.487495,33.639332,-93.42,46.616983,16819.665981,20160822_060748
1,KDLH20160822_111111_V06,-5,0.877,118.31,347.433660,38.609527,-93.40,46.617430,19304.763558,20160822_061111
1,KDLH20160822_111433_V06,-2,0.801,123.24,345.469538,41.913665,-93.36,46.626594,20956.832711,20160822_061433
1,KDLH20160822_111755_V06,1,0.674,127.64,343.959209,47.470220,-93.34,46.633673,23735.109859,20160822_061755
4,KDLH20160822_111111_V06,-5,0.141,193.58,531.114136,12.468647,-92.89,45.795287,6234.323502,20160822_061111
3,KDLH20160823_105955_V06,-18,0.678,109.57,353.653229,23.190823,-93.45,46.588853,11595.411301,20160823_055955
3,KDLH20160823_110933_V06,-8,0.622,113.52,358.568153,29.587046,-93.43,46.567027,14793.522912,20160823_060933
5,KDLH20160823_113825_V06,21,0.088,274.96,357.121338,16.286560,-92.37,46.579902,8143.280029,20160823_063825
5,KDLH20160823_114803_V06,31,0.312,274.80,355.258070,22.637205,-92.37,46.588281,11318.602674,20160823_064803
5,KDLH20160823_115741_V06,40,-1.000,274.67,353.676050,28.839263,-92.38,46.595396,14419.631335,20160823_065741
5,KDLH20160823_120719_V06,50,0.144,261.15,338.376343,9.034447,-92.46,46.664050,4517.223358,20160823_070719
1,KDLH20160823_105018_V06,-27,0.446,275.46,354.350403,8.238533,-92.37,46.592370,4119.266510,20160823_055018
6,KDLH20160823_115741_V06,40,0.066,251.36,350.400879,16.103844,-92.53,46.609805,8051.921844,20160823_065741
2,KDLH20160824_122935_V06,71,0.114,358.58,315.548187,4.563583,-91.83,46.766366,2281.791687,20160824_072935
1,KDLH20160825_105238_V06,-28,0.289,141.91,351.604401,22.879253,-93.24,46.600170,11439.626694,20160825_055238
1,KDLH20160825_110217_V06,-18,-1.000,141.91,351.604401,38.779253,-93.24,46.600170,19389.626694,20160825_060217
1,KDLH20160825_111155_V06,-9,0.061,150.98,370.200507,46.591892,-93.18,46.517054,23295.946177,20160825_061155
11,KDLH20160825_112134_V06,1,0.167,538.89,436.926758,28.847527,-90.66,46.210498,14423.763275,20160825_062134
11,KDLH20160825_113113_V06,11,0.067,540.01,447.661547,42.406257,-90.66,46.162123,21203.128492,20160825_063113
16,KDLH20160825_120949_V06,49,0.174,455.53,333.968567,18.096588,-91.19,46.679635,9048.294067,20160825_070949
16,KDLH20160825_121928_V06,59,0.183,461.05,328.987838,31.169769,-91.16,46.701708,15584.884435,20160825_071928
17,KDLH20160825_121928_V06,59,0.073,319.56,231.952057,42.424301,-92.08,47.142919,21212.150574,20160825_071928
17,KDLH20160825_122906_V06,69,0.098,319.91,231.556125,49.674215,-92.08,47.144697,24837.107738,20160825_072906
2,KDLH20160825_105238_V06,-28,0.205,306.87,322.619904,8.515640,-92.16,46.735192,4257.820129,20160825_055238
8,KDLH20160825_111155_V06,-9,0.443,75.23,416.394836,37.721664,-93.67,46.304044,18860.832214,20160825_061155
9,KDLH20160825_111155_V06,-9,0.134,79.53,465.219940,5.679539,-93.64,46.084819,2839.769363,20160825_061155
12,KDLH20160825_113113_V06,11,0.078,335.73,371.013123,14.170952,-91.98,46.517297,7085.475922,20160825_063113
13,KDLH20160825_113113_V06,11,0.053,416.83,439.239502,8.121201,-91.45,46.208123,4060.600281,20160825_063113
14,KDLH20160825_114052_V06,20,0.057,89.62,432.702576,10.850845,-93.57,46.231863,5425.422668,20160825_064052
15,KDLH20160825_120009_V06,40,0.065,371.37,361.619446,13.955711,-91.74,46.558837,6977.855682,20160825_070009
1,KDLH20160826_123607_V06,75,0.055,60.06,418.685120,51.543423,-93.77,46.292438,25771.711349,20160826_073607
1,KDLH20160827_105741_V06,-25,0.080,26.59,163.420166,30.077072,-94.02,47.436971,15038.536072,20160827_055741
2,KDLH20160827_114332_V06,21,0.160,281.08,309.590820,22.849503,-92.33,46.793736,11424.751282,20160827_064332
4,KDLH20160827_115858_V06,36,0.069,349.84,149.534790,11.970169,-91.88,47.513175,5985.084534,20160827_065858
1,KDLH20160828_113622_V06,13,0.091,232.32,295.750427,26.588428,-92.65,46.855193,13294.214249,20160828_063622
5,KDLH20160829_115309_V06,28,0.050,243.77,149.162354,15.597954,-92.58,47.514721,7798.976898,20160829_065309
7,KDLH20160829_121129_V06,46,0.508,103.88,280.843994,12.733204,-93.50,46.915866,6366.601944,20160829_071129
4,KDLH20160830_113203_V06,6,0.056,89.58,418.154663,30.585865,-93.58,46.297286,15292.932510,20160830_063203
4,KDLH20160830_114141_V06,15,0.247,92.98,416.555423,38.427937,-93.55,46.304741,19213.968589,20160830_064141
4,KDLH20160830_115118_V06,25,0.083,107.80,426.777710,33.699532,-93.46,46.259864,16849.765778,20160830_065118
4,KDLH20160830_120056_V06,34,0.067,104.16,429.573642,40.742949,-93.48,46.247028,20371.474651,20160830_070056
1,KDLH20160830_110310_V06,-23,0.058,66.79,395.802490,14.243579,-93.73,46.395931,7121.789455,20160830_060310
2,KDLH20160830_112225_V06,-4,0.099,163.45,380.072510,29.460960,-93.10,46.473317,14730.480194,20160830_062225
2,KDLH20160830_113203_V06,6,0.063,140.56,379.053284,9.920166,-93.25,46.476640,4960.083008,20160830_063203
5,KDLH20160830_114141_V06,15,0.079,183.83,521.446594,20.581135,-92.96,45.838377,10290.567398,20160830_064141
6,KDLH20160830_115118_V06,25,0.237,34.24,404.521210,49.356720,-93.94,46.353711,24678.359985,20160830_065118
7,KDLH20160830_115118_V06,25,0.213,251.97,406.344025,30.351952,-92.52,46.358187,15175.975800,20160830_065118
8,KDLH20160830_115118_V06,25,0.088,456.73,394.781128,20.148865,-91.19,46.406063,10074.432373,20160830_065118
10,KDLH20160830_120056_V06,34,0.095,442.86,287.637146,20.456818,-91.27,46.888710,10228.408813,20160830_070056
11,KDLH20160830_121033_V06,44,0.125,503.06,537.235352,25.352478,-90.90,45.762279,12676.239014,20160830_071033
12,KDLH20160830_122011_V06,54,0.212,33.59,418.008209,47.298374,-93.94,46.292999,23649.187088,20160830_072011
13,KDLH20160830_122011_V06,54,0.121,26.36,273.412872,37.209789,-94.01,46.942432,18604.894638,20160830_072011
14,KDLH20160830_122948_V06,63,0.370,429.44,113.836426,30.193672,-91.35,47.670981,15096.836090,20160830_072948
15,KDLH20160830_122948_V06,63,0.089,478.04,491.830048,35.523663,-91.06,45.968251,17761.831284,20160830_072948
15,KDLH20160830_123926_V06,73,0.057,483.64,517.125793,28.688454,-91.03,45.854104,14344.226837,20160830_073926
16,KDLH20160830_123926_V06,73,0.208,34.28,211.191254,47.719765,-93.96,47.222988,23859.882355,20160830_073926
1,KDLH20160831_114543_V06,18,0.451,114.00,556.466064,22.814724,-93.40,45.676996,11407.361984,20160831_064543
2,KDLH20160831_122417_V06,57,0.129,350.17,313.467957,17.518539,-91.88,46.775893,8759.269714,20160831_072417
3,KDLH20160831_122417_V06,57,0.078,302.63,386.374207,5.920181,-92.19,46.448439,2960.090637,20160831_072417
1,KDLH20160901_111829_V06,-11,0.057,323.94,263.901581,17.425888,-92.05,46.999190,8712.944031,20160901_061829
1,KDLH20160901_112807_V06,-1,0.113,319.50,258.551122,25.957829,-92.08,47.023290,12978.914397,20160901_062807
1,KDLH20160901_113745_V06,8,0.073,341.74,241.814120,30.732510,-91.93,47.098308,15366.255240,20160901_063745
4,KDLH20160901_113745_V06,8,0.263,398.78,213.411713,38.771393,-91.56,47.224528,19385.696411,20160901_063745
4,KDLH20160901_114722_V06,18,0.055,391.98,210.207422,45.127291,-91.60,47.239184,22563.645331,20160901_064722
3,KDLH20160901_113745_V06,8,0.413,69.73,410.615906,20.423096,-93.70,46.329568,10211.547852,20160901_063745
6,KDLH20160901_123531_V06,66,0.079,296.94,280.048553,14.859924,-92.23,46.926673,7429.962158,20160901_073531
2,KDLH20160904_112215_V06,-11,0.514,90.77,358.905823,8.853832,-93.57,46.563830,4426.916122,20160904_062215
4,KDLH20160904_113153_V06,-2,0.389,228.96,99.591553,14.074997,-92.68,47.737280,7037.498474,20160904_063153
4,KDLH20160904_114130_V06,8,0.373,239.07,91.901031,10.288559,-92.62,47.772120,5144.279480,20160904_064130
5,KDLH20160905_111514_V06,-19,0.055,36.22,433.134766,48.627438,-93.92,46.225237,24313.718796,20160905_061514
14,KDLH20160905_125035_V06,76,0.054,351.93,316.495178,4.659805,-91.87,46.762244,2329.902649,20160905_075035
3,KDLH20160906_114508_V06,10,0.097,345.33,220.872101,25.102829,-91.91,47.192434,12551.414490,20160906_064508
3,KDLH20160906_114952_V06,14,0.221,345.65,220.053750,30.952242,-91.91,47.196109,15476.121044,20160906_064952
1,KDLH20160906_113109_V06,-4,0.050,400.44,282.985809,25.818787,-91.55,46.911568,12909.393311,20160906_063109
7,KDLH20160906_122217_V06,47,0.073,174.61,219.807037,30.454926,-93.04,47.194638,15227.462769,20160906_072217
10,KDLH20160906_124113_V06,66,0.190,96.90,530.946533,43.229538,-93.52,45.790562,21614.768982,20160906_074113
13,KDLH20160906_125037_V06,75,0.147,303.79,150.458618,17.821121,-92.18,47.509491,8910.560608,20160906_075037
4,KDLH20160907_114242_V06,6,0.378,74.67,432.692719,25.620781,-93.67,46.230703,12810.390472,20160907_064242
4,KDLH20160907_115217_V06,16,0.887,69.94,442.453336,34.152839,-93.70,46.186409,17076.419366,20160907_065217
4,KDLH20160907_120153_V06,25,0.347,69.13,444.244877,34.116737,-93.70,46.178283,17058.368481,20160907_070153
4,KDLH20160907_121129_V06,35,0.219,46.55,461.467619,32.015650,-93.85,46.098813,16007.825017,20160907_071129
4,KDLH20160907_122104_V06,45,0.516,36.15,464.886726,35.579833,-93.92,46.082445,17789.916485,20160907_072104
13,KDLH20160907_124016_V06,64,0.147,285.01,302.327576,44.565262,-92.31,46.826429,22282.630920,20160907_074016
13,KDLH20160907_124953_V06,73,0.056,284.73,301.650521,51.916766,-92.31,46.829473,25958.383155,20160907_074953
13,KDLH20160907_125325_V06,77,0.053,280.97,300.424731,51.553756,-92.33,46.834962,25776.878024,20160907_075325
13,KDLH20160907_125647_V06,80,0.266,281.04,302.875689,49.236767,-92.33,46.823939,24618.383439,20160907_075647
1,KDLH20160907_111356_V06,-23,0.553,67.09,433.256775,31.311752,-93.72,46.227524,15655.876160,20160907_061356
1,KDLH20160907_112331_V06,-13,0.114,56.71,436.090631,47.436441,-93.79,46.213866,23718.220725,20160907_062331
14,KDLH20160907_125325_V06,77,0.078,536.61,264.413422,18.765808,-90.65,46.986452,9382.904053,20160907_075325
14,KDLH20160907_125647_V06,80,0.053,536.69,264.644081,22.859519,-90.65,46.985408,11429.759718,20160907_075647
5,KDLH20160907_114242_V06,6,0.188,317.59,290.498291,24.154129,-92.09,46.879618,12077.064514,20160907_064242
6,KDLH20160907_114242_V06,6,0.152,336.52,311.777374,23.100815,-91.97,46.783719,11550.407410,20160907_064242
7,KDLH20160907_115217_V06,16,0.153,244.42,164.921326,5.928017,-92.58,47.443864,2964.008331,20160907_065217
10,KDLH20160907_120153_V06,25,0.061,161.07,396.115356,23.299179,-93.11,46.401040,11649.589539,20160907_070153
12,KDLH20160907_123040_V06,54,0.061,150.32,401.348267,33.651375,-93.18,46.376928,16825.687408,20160907_073040
14,KDLH20160908_114212_V06,4,0.081,139.27,564.131653,14.019901,-93.24,45.644115,7009.950638,20160908_064212
14,KDLH20160908_114538_V06,7,0.050,139.64,563.808341,18.406217,-93.24,45.645591,9203.108361,20160908_064538
14,KDLH20160908_114905_V06,11,0.136,137.41,568.245514,26.642559,-93.25,45.625500,13321.279739,20160908_064905
14,KDLH20160908_115232_V06,14,0.057,142.95,573.352715,28.175141,-93.22,45.602850,14087.570398,20160908_065232
17,KDLH20160908_114905_V06,11,0.050,212.97,574.170593,26.584780,-92.77,45.602286,13292.389870,20160908_064905
17,KDLH20160908_115232_V06,14,0.064,213.93,574.001711,30.885927,-92.76,45.603076,15442.963498,20160908_065232
1,KDLH20160908_111045_V06,-28,0.098,253.57,177.725342,19.923309,-92.52,47.386460,9961.654663,20160908_061045
2,KDLH20160908_111421_V06,-24,0.061,287.72,114.341766,54.425705,-92.29,47.671887,27212.852478,20160908_061421
19,KDLH20160908_115558_V06,17,0.058,333.14,93.864288,47.813507,-91.99,47.763793,23906.753540,20160908_065558
22,KDLH20160908_122420_V06,46,0.095,368.80,147.786804,13.356979,-91.75,47.520607,6678.489685,20160908_072420
1,KDLH20160909_113739_V06,-2,0.057,55.51,140.756470,81.556976,-93.83,47.541717,40778.488159,20160909_063739
2,KDLH20160909_125148_V06,72,0.091,241.20,157.497437,19.975735,-92.60,47.477181,9987.867355,20160909_075148
12,KDLH20160910_125027_V06,70,0.177,330.62,297.495331,19.645874,-92.01,46.848029,9822.937012,20160910_075027
12,KDLH20160910_125349_V06,73,-1.000,330.62,297.495331,24.415874,-92.01,46.848029,12207.937012,20160910_075349
12,KDLH20160910_125711_V06,77,0.054,334.49,301.343454,26.360802,-91.98,46.830674,13180.400980,20160910_075711
12,KDLH20160910_130034_V06,80,0.054,332.77,299.832984,28.427859,-91.99,46.837490,14213.929340,20160910_080034
12,KDLH20160910_130356_V06,83,-1.000,332.94,300.103092,30.565678,-91.99,46.836273,15282.838983,20160910_080356
12,KDLH20160910_130718_V06,87,0.070,325.77,301.580578,31.081910,-92.04,46.829706,15540.954756,20160910_080718
1,KDLH20160910_112732_V06,-13,0.515,326.94,354.625122,5.670815,-92.03,46.591111,2835.407257,20160910_062732
1,KDLH20160910_113113_V06,-9,0.101,327.00,355.049879,11.528861,-92.03,46.589200,5764.430597,20160910_063113
6,KDLH20160910_113832_V06,-2,0.115,312.97,305.497223,19.812775,-92.12,46.812183,9906.387329,20160910_063832
6,KDLH20160910_114213_V06,2,0.140,312.62,305.745170,25.119426,-92.13,46.811070,12559.712790,20160910_064213
5,KDLH20160910_113452_V06,-6,0.059,46.18,434.964294,54.391438,-93.85,46.217963,27195.718765,20160910_063452
7,KDLH20160910_114552_V06,5,0.112,185.44,575.638916,15.506199,-92.94,45.594669,7753.099442,20160910_064552
8,KDLH20160910_114552_V06,5,0.067,339.95,356.669708,14.126659,-91.95,46.581753,7063.329697,20160910_064552
9,KDLH20160910_115244_V06,12,0.225,308.94,316.296875,20.538635,-92.15,46.763626,10269.317627,20160910_065244
11,KDLH20160910_123338_V06,53,0.064,327.91,288.498566,20.974442,-92.03,46.888524,10487.220764,20160910_073338
1,KDLH20160911_111852_V06,-24,0.145,237.78,142.716675,6.251701,-92.62,47.543572,3125.850677,20160911_061852
3,KDLH20160911_121636_V06,34,0.196,237.63,147.336517,10.174194,-92.62,47.522793,5087.097168,20160911_071636
1,KDLH20160913_113805_V06,-6,0.257,339.30,288.525635,22.335052,-91.95,46.888258,11167.526245,20160913_063805
1,KDLH20160913_114742_V06,3,0.101,343.69,295.339815,29.097277,-91.92,46.857542,14548.638511,20160913_064742
1,KDLH20160913_115719_V06,13,0.062,358.62,304.537757,28.594396,-91.83,46.815886,14297.198031,20160913_065719
1,KDLH20160913_120656_V06,22,-1.000,370.77,312.550708,29.202553,-91.75,46.779552,14601.276272,20160913_070656
1,KDLH20160913_121634_V06,32,0.062,379.48,318.884857,18.643372,-91.69,46.750818,9321.685791,20160913_071634
2,KDLH20160913_115719_V06,13,0.341,115.80,568.704468,26.848969,-93.39,45.622069,13424.484253,20160913_065719
3,KDLH20160913_115719_V06,13,0.104,174.45,571.375366,27.671625,-93.01,45.613367,13835.812569,20160913_065719
1,KDLH20160914_120102_V06,16,0.128,108.92,519.129761,19.637493,-93.44,45.844579,9818.746567,20160914_070102
5,KDLH20160916_123513_V06,47,0.155,416.37,151.610229,38.329697,-91.44,47.501733,19164.848328,20160916_073513
7,KDLH20160916_123513_V06,47,0.061,158.87,558.149048,15.708738,-93.12,45.672105,7854.369164,20160916_073513
2,KDLH20160917_115438_V06,5,0.082,330.79,303.573364,19.843994,-92.01,46.820690,9921.997070,20160917_065438
2,KDLH20160917_115815_V06,9,0.079,329.06,304.358825,26.554280,-92.02,46.817177,13277.139885,20160917_065815
2,KDLH20160917_120146_V06,12,0.219,328.45,308.087928,27.885208,-92.02,46.800411,13942.603861,20160917_070146
1,KDLH20160917_114735_V06,-2,0.054,315.84,278.482880,38.214142,-92.11,46.933670,19107.070923,20160917_064735
4,KDLH20160917_121551_V06,26,0.118,352.32,323.848236,15.206161,-91.87,46.729164,7603.080750,20160917_071551
5,KDLH20160917_121922_V06,30,0.127,287.54,367.568359,49.267109,-92.29,46.533000,24633.554459,20160917_071922
6,KDLH20160917_122605_V06,37,0.201,350.97,327.982208,23.307922,-91.88,46.710597,11653.961182,20160917_072605
7,KDLH20160917_124255_V06,53,0.108,299.12,382.778687,48.943810,-92.22,46.464613,24471.904755,20160917_074255
8,KDLH20160917_124255_V06,53,0.067,285.74,192.036194,19.417480,-92.30,47.322471,9708.740234,20160917_074255
8,KDLH20160917_124617_V06,57,0.071,294.15,192.082489,16.364029,-92.25,47.322295,8182.014465,20160917_074617
1,KDLH20160918_115435_V06,3,0.116,241.69,363.169220,25.875988,-92.59,46.552182,12937.994003,20160918_065435
1,KDLH20160918_120413_V06,13,0.120,236.20,359.126214,39.549775,-92.63,46.570242,19774.887712,20160918_070413
2,KDLH20160918_122328_V06,32,0.067,403.70,309.542877,5.602036,-91.53,46.792003,2801.017761,20160918_072328
3,KDLH20160918_123306_V06,42,0.136,188.92,236.045593,31.099533,-92.94,47.122250,15549.766541,20160918_073306
4,KDLH20160918_124244_V06,51,0.082,424.82,304.267273,5.969345,-91.39,46.814825,2984.672546,20160918_074244
1,KDLH20160919_113826_V06,-14,0.166,358.01,304.069366,12.824051,-91.83,46.818006,6412.025452,20160919_063826
1,KDLH20160919_114219_V06,-10,-1.000,358.01,304.069366,19.184051,-91.83,46.818006,9592.025452,20160919_064219
1,KDLH20160919_114559_V06,-7,0.120,364.78,304.329395,24.406903,-91.79,46.816680,12203.451614,20160919_064559
4,KDLH20160919_115810_V06,6,0.074,347.38,288.291412,16.377106,-91.90,46.889180,8188.552856,20160919_065810
4,KDLH20160919_120746_V06,15,0.172,349.90,289.490487,25.299607,-91.88,46.883741,12649.803535,20160919_070746
5,KDLH20160919_122447_V06,32,0.056,388.04,290.054443,27.762634,-91.63,46.880216,13881.317139,20160919_072447
17,KDLH20160920_123828_V06,45,0.355,386.27,362.918152,15.144226,-91.65,46.552558,7572.113037,20160920_073828
17,KDLH20160920_124805_V06,55,0.258,385.03,365.796948,22.072031,-91.66,46.539650,11036.015444,20160920_074805
26,KDLH20160920_125743_V06,64,0.438,422.34,346.317688,20.681816,-91.41,46.625818,10340.908051,20160920_075743
26,KDLH20160920_130721_V06,74,0.056,426.87,328.676387,31.553248,-91.38,46.704950,15776.623844,20160920_080721
1,KDLH20160920_113105_V06,-22,0.063,233.14,178.266602,2.140266,-92.65,47.383585,1070.133209,20160920_063105
2,KDLH20160920_113105_V06,-22,0.059,353.79,308.768127,23.747192,-91.86,46.796961,11873.596191,20160920_063105
3,KDLH20160920_115020_V06,-3,0.377,409.94,310.671783,19.973343,-91.49,46.786676,9986.671448,20160920_065020
3,KDLH20160920_115957_V06,6,0.166,409.30,322.099091,16.578781,-91.49,46.735308,8289.390564,20160920_065957
5,KDLH20160920_115957_V06,6,0.153,282.40,172.183716,26.060242,-92.33,47.411733,13030.120850,20160920_065957
5,KDLH20160920_120935_V06,16,-1.000,282.40,172.183716,41.960242,-92.33,47.411733,20980.120850,20160920_070935
5,KDLH20160920_121912_V06,26,0.137,281.21,164.030670,20.700546,-92.33,47.448391,10350.273132,20160920_071912
5,KDLH20160920_122850_V06,35,-1.000,281.21,164.030670,35.010546,-92.33,47.448391,17505.273132,20160920_072850
5,KDLH20160920_123828_V06,45,0.126,283.53,173.910217,26.764069,-92.32,47.403976,13382.034302,20160920_073828
6,KDLH20160920_115957_V06,6,0.081,331.48,397.955353,25.440971,-92.01,46.396164,12720.485687,20160920_065957
8,KDLH20160920_120935_V06,16,0.067,283.26,390.902344,12.957054,-92.32,46.428021,6478.527069,20160920_070935
10,KDLH20160920_121912_V06,26,0.129,115.16,440.144104,29.420267,-93.41,46.200262,14710.133553,20160920_071912
11,KDLH20160920_121912_V06,26,0.114,381.25,186.829865,64.520447,-91.67,47.344670,32260.223389,20160920_071912
12,KDLH20160920_121912_V06,26,0.112,427.06,331.076874,17.025513,-91.38,46.694144,8512.756348,20160920_071912
12,KDLH20160920_122850_V06,35,-1.000,427.06,331.076874,31.335513,-91.38,46.694144,15667.756348,20160920_072850
12,KDLH20160920_123828_V06,45,0.136,423.74,336.728973,19.527893,-91.40,46.668880,9763.946533,20160920_073828
13,KDLH20160920_121912_V06,26,0.079,382.74,278.176697,12.272461,-91.67,46.933806,6136.230469,20160920_071912
14,KDLH20160920_121912_V06,26,0.062,365.48,359.138000,18.289585,-91.78,46.570149,9144.792557,20160920_071912
15,KDLH20160920_121912_V06,26,0.054,341.23,132.307892,15.654831,-91.94,47.590796,7827.415466,20160920_071912
21,KDLH20160920_123828_V06,45,0.082,200.44,357.110474,66.198288,-92.86,46.578219,33099.143982,20160920_073828
21,KDLH20160920_124805_V06,55,0.279,240.99,363.012787,28.777386,-92.59,46.552871,14388.692856,20160920_074805
23,KDLH20160920_124805_V06,55,0.149,354.59,563.359253,28.728065,-91.86,45.651759,14364.032745,20160920_074805
25,KDLH20160920_124805_V06,55,0.073,283.61,386.308289,10.033081,-92.32,46.448687,5016.540527,20160920_074805
25,KDLH20160920_125743_V06,64,0.064,259.12,417.524048,43.337879,-92.48,46.308017,21668.939590,20160920_075743
28,KDLH20160920_125743_V06,64,0.207,370.28,226.402344,19.385132,-91.75,47.167017,9692.565918,20160920_075743
28,KDLH20160920_130721_V06,74,0.109,391.71,172.211609,59.357346,-91.60,47.410066,29678.672791,20160920_080721
28,KDLH20160920_131659_V06,83,0.102,371.70,222.815399,19.291122,-91.74,47.183111,9645.561218,20160920_081659
33,KDLH20160920_130721_V06,74,0.064,214.37,304.453674,21.750648,-92.77,46.815534,10875.324249,20160920_080721
34,KDLH20160920_130721_V06,74,0.059,236.63,161.035522,49.165352,-92.63,47.461163,24582.675934,20160920_080721
10,KDLH20160921_120326_V06,8,0.122,77.03,446.944427,20.379864,-93.65,46.166806,10189.931870,20160921_070326
10,KDLH20160921_121301_V06,18,0.078,74.87,432.287929,35.963797,-93.67,46.232539,17981.898646,20160921_071301
10,KDLH20160921_122237_V06,27,0.237,71.89,429.726655,42.965118,-93.69,46.243809,21482.559084,20160921_072237
10,KDLH20160921_123214_V06,37,0.238,106.60,429.615479,12.592937,-93.46,46.247016,6296.468735,20160921_073214
10,KDLH20160921_124151_V06,46,0.051,108.89,462.409790,52.514500,-93.45,46.099685,26257.249832,20160921_074151
6,KDLH20160921_115350_V06,-2,0.068,209.78,330.462891,24.598991,-92.80,46.698403,12299.495697,20160921_065350
6,KDLH20160921_120326_V06,8,0.055,206.00,327.165043,33.333890,-92.82,46.713105,16666.944988,20160921_070326
6,KDLH20160921_121301_V06,18,0.105,193.95,321.036865,26.199924,-92.90,46.740216,13099.962234,20160921_071301
22,KDLH20160921_124523_V06,50,0.053,109.26,423.766083,18.553024,-93.45,46.273512,9276.512146,20160921_074523
22,KDLH20160921_124901_V06,54,0.541,104.61,421.696139,24.058604,-93.48,46.282489,12029.302077,20160921_074901
22,KDLH20160921_125228_V06,57,-1.000,102.07,420.567079,28.362557,-93.49,46.287382,14181.278403,20160921_075228
22,KDLH20160921_125551_V06,60,0.168,80.68,424.690430,34.023548,-93.63,46.267185,17011.774063,20160921_075551
32,KDLH20160921_131927_V06,84,0.244,71.95,436.837463,29.990204,-93.69,46.211835,14995.101929,20160921_081927
32,KDLH20160921_132249_V06,87,0.418,71.34,436.949436,33.854020,-93.69,46.211280,16927.010093,20160921_082249
1,KDLH20160921_113439_V06,-21,0.176,42.40,431.844910,42.794289,-93.88,46.231633,21397.144318,20160921_063439
2,KDLH20160921_113439_V06,-21,0.061,307.81,308.597839,17.646957,-92.16,46.798258,8823.478699,20160921_063439
3,KDLH20160921_114414_V06,-11,0.072,158.30,391.512482,27.142426,-93.13,46.421597,13571.212769,20160921_064414
5,KDLH20160921_115350_V06,-2,0.096,230.84,154.098724,14.610878,-92.67,47.492212,7305.438995,20160921_065350
5,KDLH20160921_120326_V06,8,0.188,235.49,149.600311,12.224762,-92.64,47.512560,6112.380981,20160921_070326
7,KDLH20160921_120326_V06,8,0.218,170.33,509.818176,45.248783,-93.04,45.890075,22624.391556,20160921_070326
11,KDLH20160921_120326_V06,8,0.059,499.04,565.034302,34.487240,-90.93,45.637540,17243.619919,20160921_070326
14,KDLH20160921_123214_V06,37,0.382,109.94,222.676941,49.793514,-93.46,47.177872,24896.757126,20160921_073214
16,KDLH20160921_123214_V06,37,0.116,30.95,222.658081,30.063446,-93.98,47.171097,15031.723022,20160921_073214
17,KDLH20160921_123214_V06,37,0.069,192.33,520.409180,64.471878,-92.90,45.843392,32235.939026,20160921_073214
19,KDLH20160921_123214_V06,37,0.052,169.04,227.626221,15.449066,-93.07,47.159204,7724.533081,20160921_073214
23,KDLH20160921_124901_V06,54,0.204,34.74,454.508484,28.537434,-93.93,46.128978,14268.716812,20160921_074901
4,KDLH20160922_113523_V06,-21,0.054,320.03,304.842529,8.564056,-92.08,46.815084,4282.028198,20160922_063523
18,KDLH20160922_125210_V06,56,0.054,363.41,245.666229,15.437271,-91.79,47.080553,7718.635559,20160922_075210
19,KDLH20160922_131122_V06,75,0.054,276.95,306.255219,17.008560,-92.36,46.808706,8504.280090,20160922_081122
1,KDLH20160923_120738_V06,10,0.164,226.09,375.982300,29.586945,-92.69,46.494167,14793.472290,20160923_070738
2,KDLH20160923_130523_V06,68,0.073,287.95,410.915131,15.894867,-92.29,46.338027,7947.433472,20160923_080523
21,KDLH20160926_130851_V06,67,0.115,268.85,306.089478,27.556778,-92.41,46.809369,13778.388977,20160926_080851
21,KDLH20160926_131254_V06,71,0.108,270.94,306.260654,33.913533,-92.40,46.808623,16956.766618,20160926_081254
21,KDLH20160926_131659_V06,75,0.072,280.33,303.228460,43.310140,-92.34,46.822347,21655.069863,20160926_081659
21,KDLH20160926_132103_V06,80,-1.000,289.60,300.425109,54.105810,-92.28,46.835008,27052.904888,20160926_082103
21,KDLH20160926_132506_V06,84,0.350,293.55,342.296814,23.852051,-92.25,46.646690,11926.025391,20160926_082506
9,KDLH20160926_115915_V06,-2,0.105,292.96,399.030182,11.735153,-92.26,46.391504,5867.576599,20160926_065915
9,KDLH20160926_120319_V06,2,0.054,293.55,399.778577,17.435875,-92.25,46.388139,8717.937445,20160926_070319
17,KDLH20160926_123621_V06,35,0.230,319.96,248.760620,29.264862,-92.08,47.067320,14632.431030,20160926_073621
17,KDLH20160926_124010_V06,39,0.401,321.45,248.944630,33.620060,-92.07,47.066481,16810.029999,20160926_074010
17,KDLH20160926_124414_V06,43,0.313,324.29,248.273254,29.674637,-92.05,47.069476,14837.318420,20160926_074414
17,KDLH20160926_124817_V06,47,-1.000,324.29,248.273254,36.034637,-92.05,47.069476,18017.318420,20160926_074817
17,KDLH20160926_125220_V06,51,0.069,315.31,248.998871,30.344269,-92.11,47.066279,15172.134399,20160926_075220
5,KDLH20160926_114718_V06,-14,0.274,271.96,399.193420,25.600475,-92.39,46.390633,12800.237656,20160926_064718
5,KDLH20160926_115108_V06,-10,-1.000,271.96,399.193420,31.960475,-92.39,46.390633,15980.237656,20160926_065108
5,KDLH20160926_115512_V06,-6,0.129,282.30,382.580322,22.291496,-92.32,46.465447,11145.748138,20160926_065512
16,KDLH20160926_123217_V06,31,0.083,244.08,375.682617,48.587677,-92.57,46.495949,24293.838501,20160926_073217
19,KDLH20160926_124414_V06,43,0.097,262.59,308.808014,25.912750,-92.45,46.797062,12956.375122,20160926_074414
22,KDLH20160926_130851_V06,67,0.062,455.36,486.112885,40.211170,-91.21,45.995357,20105.585098,20160926_080851
22,KDLH20160926_131254_V06,71,0.063,425.39,506.253235,46.670998,-91.40,45.906311,23335.498810,20160926_081254
25,KDLH20160926_131659_V06,75,0.053,224.21,284.155273,25.069237,-92.71,46.907125,12534.618378,20160926_081659
5,KDLH20160927_114206_V06,-20,0.079,239.87,435.848938,9.380768,-92.60,46.225229,4690.383911,20160927_064206
5,KDLH20160927_114528_V06,-17,-1.000,239.87,435.848938,14.150768,-92.60,46.225229,7075.383911,20160927_064528
5,KDLH20160927_114851_V06,-14,0.099,242.90,435.783574,18.513114,-92.58,46.225589,9256.556897,20160927_064851
1,KDLH20160927_113523_V06,-27,0.383,276.98,428.588623,41.633438,-92.36,46.258458,20816.719055,20160927_063523
1,KDLH20160927_113844_V06,-24,0.131,287.49,428.201172,51.234360,-92.29,46.260270,25617.179871,20160927_063844
2,KDLH20160927_113523_V06,-27,0.081,321.38,488.020569,21.376741,-92.07,45.991131,10688.370705,20160927_063523
4,KDLH20160927_113844_V06,-24,0.130,331.24,177.382172,14.217438,-92.00,47.388227,7108.718872,20160927_063844
8,KDLH20160927_114528_V06,-17,0.085,399.29,331.329285,26.363693,-91.56,46.694184,13181.846619,20160927_064528
11,KDLH20160927_114851_V06,-14,0.226,503.55,372.589752,45.349243,-90.88,46.502729,22674.621582,20160927_064851
14,KDLH20160927_114851_V06,-14,0.069,39.76,149.392609,54.940125,-93.94,47.501374,27470.062256,20160927_064851
15,KDLH20160927_114851_V06,-14,0.068,334.89,89.623901,35.471138,-91.98,47.782839,17735.569000,20160927_064851
17,KDLH20160927_115826_V06,-4,0.220,301.84,537.147400,18.687700,-92.20,45.770219,9343.850136,20160927_065826
22,KDLH20160927_121735_V06,15,0.164,379.23,377.335022,18.549614,-91.69,46.487931,9274.806976,20160927_071735
23,KDLH20160927_121735_V06,15,0.160,317.28,579.243469,19.565632,-92.10,45.580791,9782.815933,20160927_071735
27,KDLH20160927_122710_V06,25,0.054,167.04,288.594299,26.757950,-93.08,46.884918,13378.974915,20160927_072710
28,KDLH20160927_123646_V06,34,0.155,202.15,292.793701,21.838509,-92.85,46.867554,10919.254303,20160927_073646
28,KDLH20160927_124622_V06,44,-1.000,202.15,292.793701,37.738509,-92.85,46.867554,18869.254303,20160927_074622
28,KDLH20160927_125558_V06,53,0.237,182.99,278.730560,24.000771,-92.98,46.930028,12000.385284,20160927_075558
29,KDLH20160927_123646_V06,34,0.107,157.59,213.245422,27.508194,-93.15,47.223282,13754.096985,20160927_073646
31,KDLH20160927_123646_V06,34,0.063,33.96,239.518311,44.707054,-93.96,47.095598,22353.527069,20160927_073646
37,KDLH20160927_125558_V06,53,0.080,439.84,434.137024,19.917274,-91.30,46.229981,9958.637238,20160927_075558
43,KDLH20160927_125930_V06,57,0.052,370.08,310.014832,6.939148,-91.75,46.790975,3469.573975,20160927_075930
45,KDLH20160927_130307_V06,61,0.116,332.27,304.884644,26.767960,-92.00,46.814775,13383.979797,20160927_080307
48,KDLH20160927_130645_V06,64,0.067,306.07,346.551331,5.153034,-92.17,46.627555,2576.517105,20160927_080645
52,KDLH20160927_132452_V06,82,0.057,305.04,332.050110,16.291077,-92.18,46.692781,8145.538330,20160927_082452
1,KDLH20160928_125407_V06,50,0.090,231.37,406.376465,5.431953,-92.66,46.357595,2715.976715,20160928_075407
5,KDLH20160929_124506_V06,40,0.087,244.65,348.585663,21.014717,-92.57,46.617840,10507.358551,20160929_074506
5,KDLH20160929_125443_V06,49,0.061,247.16,346.672344,28.424365,-92.55,46.626496,14212.182412,20160929_075443
7,KDLH20160929_131357_V06,68,0.228,316.42,327.904022,14.904892,-92.10,46.711384,7452.445984,20160929_081357
7,KDLH20160929_132335_V06,78,0.193,315.56,330.235880,22.183064,-92.11,46.700901,11091.531893,20160929_082335
3,KDLH20160929_120638_V06,1,0.074,306.49,428.923096,30.060486,-92.17,46.257044,15030.242920,20160929_070638
4,KDLH20160929_122552_V06,20,0.061,332.22,361.686432,7.892624,-92.00,46.559292,3946.311951,20160929_072552
1,KDLH20160930_132649_V06,80,0.054,267.90,353.527649,5.665894,-92.42,46.595991,2832.946777,20160930_082649
2,KDLH20161001_123920_V06,31,0.052,190.64,183.560028,16.133026,-92.93,47.358357,8066.513062,20161001_073920
7,KDLH20161002_124742_V06,38,0.074,79.05,440.494812,28.106743,-93.64,46.195977,14053.371429,20161002_074742
7,KDLH20161002_125719_V06,48,0.076,90.31,451.565884,49.946545,-93.57,46.147082,24973.272388,20161002_075719
7,KDLH20161002_130657_V06,57,0.277,81.47,423.476044,15.849831,-93.63,46.272710,7924.915314,20161002_080657
7,KDLH20161002_131635_V06,67,0.114,78.77,433.377824,29.761481,-93.64,46.227960,14880.740423,20161002_081635
1,KDLH20161002_115934_V06,-10,0.137,436.33,309.766754,4.112732,-91.32,46.789528,2056.365967,20161002_065934
2,KDLH20161002_120911_V06,0,0.219,199.02,508.765686,38.138649,-92.86,45.896024,19069.324493,20161002_070911
3,KDLH20161002_120911_V06,0,0.200,328.55,403.101196,30.148041,-92.02,46.373050,15074.020386,20161002_070911
5,KDLH20161002_124742_V06,38,0.143,65.13,401.761230,27.074787,-93.74,46.368991,13537.393570,20161002_074742
6,KDLH20161002_124742_V06,38,0.121,158.93,513.169250,37.677025,-93.12,45.874435,18838.512421,20161002_074742
8,KDLH20161002_124742_V06,38,0.053,344.48,292.127075,26.664825,-91.92,46.871978,13332.412720,20161002_074742
11,KDLH20161002_132612_V06,77,0.066,171.47,539.451538,31.179247,-93.04,45.756832,15589.623451,20161002_082612
1,KDLH20161003_120822_V06,-2,0.356,73.03,420.155792,33.619465,-93.68,46.286946,16809.732437,20161003_070822
2,KDLH20161003_120822_V06,-2,0.053,217.78,412.683105,27.913582,-92.74,46.328848,13956.790924,20161003_070822
3,KDLH20161003_121759_V06,7,0.102,341.43,134.082672,18.061569,-91.93,47.582811,9030.784607,20161003_071759
4,KDLH20161003_121759_V06,7,0.062,363.62,228.639160,10.325317,-91.79,47.157126,5162.658691,20161003_071759
5,KDLH20161003_122737_V06,17,0.147,294.85,91.698486,49.495632,-92.24,47.773738,24747.816086,20161003_072737
5,KDLH20161003_123715_V06,27,0.140,310.95,100.043549,33.415222,-92.14,47.736192,16707.611084,20161003_073715
7,KDLH20161003_125630_V06,46,0.078,342.86,131.325439,16.790314,-91.92,47.595188,8395.156860,20161003_075630
2,KDLH20161006_124736_V06,32,0.115,332.10,318.662659,8.182922,-92.00,46.752807,4091.461182,20161006_074736
2,KDLH20161006_125713_V06,42,-1.000,332.10,318.662659,24.082922,-92.00,46.752807,12041.461182,20161006_075713
2,KDLH20161006_130649_V06,51,0.490,356.80,314.167774,23.801744,-91.84,46.772613,11900.871883,20161006_080649
2,KDLH20161006_131627_V06,61,0.131,362.62,312.624344,24.538785,-91.80,46.779424,12269.392733,20161006_081627
2,KDLH20161006_132604_V06,71,0.212,367.20,315.813599,21.008057,-91.77,46.764969,10504.028320,20161006_082604
1,KDLH20161006_124736_V06,32,0.154,370.26,310.097321,24.733307,-91.75,46.790600,12366.653442,20161006_074736
1,KDLH20161007_115123_V06,-25,0.253,393.06,226.257874,20.499725,-91.60,47.166963,10249.862671,20161007_065123
1,KDLH20161007_115633_V06,-20,0.285,395.04,224.353037,26.503969,-91.58,47.175459,13251.984488,20161007_065633
1,KDLH20161007_120142_V06,-15,0.123,401.96,224.928203,32.128130,-91.54,47.172615,16064.064914,20161007_070142
3,KDLH20161007_122125_V06,5,0.329,290.24,435.741089,42.130283,-92.27,46.226365,21065.141678,20161007_072125
3,KDLH20161007_122611_V06,10,0.319,294.28,435.515751,48.290172,-92.25,46.227391,24145.085937,20161007_072611
3,KDLH20161007_123127_V06,15,0.090,308.86,438.001138,51.291482,-92.15,46.216202,25645.740883,20161007_073127
8,KDLH20161007_123608_V06,20,0.063,69.71,440.714478,30.047043,-93.70,46.194209,15023.521423,20161007_073608
8,KDLH20161007_124546_V06,29,0.114,76.42,446.281043,40.993192,-93.66,46.169738,20496.596192,20161007_074546
9,KDLH20161007_124546_V06,29,0.096,156.38,300.481476,36.398239,-93.15,46.830904,18199.119568,20161007_074546
11,KDLH20161007_130458_V06,48,0.058,342.72,502.753571,19.762760,-91.93,45.924605,9881.380081,20161007_080458
12,KDLH20161007_131435_V06,58,0.284,369.04,511.894653,7.978630,-91.77,45.882945,3989.315033,20161007_081435
1,KDLH20161008_121721_V06,0,0.229,26.21,428.685608,50.093121,-93.98,46.244248,25046.560287,20161008_071721
1,KDLH20161008_122659_V06,9,0.186,30.86,431.778491,57.171638,-93.95,46.230807,28585.818784,20161008_072659
5,KDLH20161008_130529_V06,48,0.089,33.53,399.606018,60.959171,-93.94,46.375742,30479.585648,20161008_080529
6,KDLH20161008_132444_V06,67,0.137,362.35,182.723053,6.012558,-91.80,47.363655,3006.278992,20161008_082444
7,KDLH20161008_133421_V06,77,0.267,287.72,164.428528,14.941757,-92.29,47.446640,7470.878601,20161008_083421
5,KDLH20161009_120702_V06,-12,0.121,437.38,256.311737,42.702515,-91.31,47.029876,21351.257324,20161009_070702
5,KDLH20161009_121640_V06,-3,0.493,443.39,251.911901,50.739007,-91.27,47.049344,25369.503553,20161009_071640
5,KDLH20161009_122619_V06,7,0.864,444.58,248.107131,47.116945,-91.26,47.066390,23558.472720,20161009_072619
5,KDLH20161009_123556_V06,16,-1.000,446.15,244.608991,45.145801,-91.25,47.082036,22572.900349,20161009_073556
5,KDLH20161009_124535_V06,26,-1.000,447.89,240.722170,42.955640,-91.24,47.099418,21477.819937,20161009_074535
5,KDLH20161009_125513_V06,36,0.069,452.06,249.594263,54.349556,-91.21,47.059284,27174.777828,20161009_075513
5,KDLH20161009_130450_V06,45,-1.000,454.56,251.043209,57.645441,-91.19,47.052623,28822.720283,20161009_080450
5,KDLH20161009_131428_V06,55,0.081,449.35,250.726890,54.625202,-91.23,47.054344,27312.600755,20161009_081428
5,KDLH20161009_132405_V06,65,0.055,453.86,262.826194,49.865365,-91.20,46.999675,24932.682316,20161009_082405
8,KDLH20161009_121640_V06,-3,0.108,382.71,290.542175,26.340485,-91.67,46.878194,13170.242310,20161009_071640
8,KDLH20161009_122619_V06,7,0.114,383.77,288.031943,32.663793,-91.66,46.889450,16331.896490,20161009_072619
8,KDLH20161009_123556_V06,16,0.265,383.39,283.230743,26.352234,-91.66,46.911056,13176.116943,20161009_073556
8,KDLH20161009_124535_V06,26,0.134,366.09,276.465088,5.833206,-91.78,46.941971,2916.603088,20161009_074535
8,KDLH20161009_125513_V06,36,0.087,366.36,274.075806,4.689621,-91.77,46.952710,2344.810486,20161009_075513
2,KDLH20161009_115725_V06,-22,0.095,441.24,244.351776,55.395737,-91.28,47.083459,27697.868347,20161009_065725
3,KDLH20161009_115725_V06,-22,0.072,300.20,138.599518,14.872803,-92.21,47.562826,7436.401367,20161009_065725
9,KDLH20161009_123556_V06,16,0.301,371.96,144.825775,13.466034,-91.73,47.533838,6733.016968,20161009_073556
15,KDLH20161009_125513_V06,36,0.060,358.90,165.542114,10.797897,-91.82,47.441000,5398.948669,20161009_075513
20,KDLH20161009_133343_V06,74,0.066,399.55,284.338898,13.573318,-91.56,46.905516,6786.659241,20161009_083343
3,KDLH20161029_121819_V06,-29,0.132,44.36,464.059784,44.894161,-93.86,46.086950,22447.080612,20161029_071819
3,KDLH20161029_122803_V06,-19,0.100,46.85,468.115590,52.805030,-93.85,46.068944,26402.514936,20161029_072803
3,KDLH20161029_123747_V06,-10,0.105,42.74,446.263419,54.365408,-93.88,46.166826,27182.704189,20161029_073747
12,KDLH20161029_140527_V06,78,0.059,191.08,192.236481,41.580002,-92.93,47.319356,20790.000916,20161029_090527
12,KDLH20161029_141511_V06,88,0.098,192.05,196.290219,49.520930,-92.92,47.301166,24760.464832,20161029_091511
9,KDLH20161029_134559_V06,58,0.079,176.73,171.848846,49.634315,-93.03,47.410407,24817.157745,20161029_084559
4,KDLH20161030_131158_V06,22,0.058,341.29,334.972870,4.889862,-91.94,46.679321,2444.931030,20161030_081158
7,KDLH20161030_140041_V06,71,0.119,371.51,91.413330,29.334274,-91.73,47.774044,14667.137146,20161030_090041
1,KDLH20161104_124446_V06,-12,0.165,131.98,503.541718,12.073887,-93.29,45.916211,6036.943436,20161104_074446
3,KDLH20161108_132601_V06,24,0.064,275.94,412.088989,2.129845,-92.37,46.332667,1064.922333,20161108_072601
1,KDLH20161110_133318_V06,28,0.054,321.13,309.083252,21.597961,-92.07,46.796002,10798.980713,20161110_073318
2,KDLH20161116_143347_V06,80,0.093,27.31,284.691681,45.919083,-94.00,46.891819,22959.541321,20161116_083347
1,KDLH20161117_132618_V06,11,0.059,28.94,424.762695,40.924351,-93.97,46.262163,20462.175369,20161117_072618
18,KDLH20161118_141759_V06,61,0.383,112.48,456.276001,40.793159,-93.42,46.127523,20396.579742,20161118_081759
18,KDLH20161118_142211_V06,66,0.658,112.44,454.079360,44.434999,-93.42,46.137400,22217.499358,20161118_082211
18,KDLH20161118_142637_V06,70,-1.000,112.41,452.662173,48.015540,-93.42,46.143772,24007.770078,20161118_082637
18,KDLH20161118_143051_V06,74,0.085,107.45,428.390381,43.230301,-93.46,46.252586,21615.150452,20161118_083051
15,KDLH20161119_143818_V06,80,0.136,302.55,129.381439,11.779999,-92.19,47.604280,5889.999390,20161119_083818
19,KDLH20161119_143818_V06,80,0.052,237.30,515.049194,19.721500,-92.61,45.868908,9860.750198,20161119_083818
10,KDLH20161125_134149_V06,15,0.096,237.29,192.659821,23.425453,-92.62,47.318958,11712.726593,20161125_074149
51,KDLH20161128_143438_V06,64,0.136,389.29,151.078827,14.544174,-91.62,47.505185,7272.087097,20161128_083438
51,KDLH20161128_143919_V06,69,0.183,387.15,150.991685,21.831055,-91.63,47.505649,10915.527439,20161128_083919
51,KDLH20161128_144359_V06,73,0.393,383.77,151.805882,30.080800,-91.65,47.502097,15040.400121,20161128_084359
51,KDLH20161128_144845_V06,78,0.604,381.36,145.380485,32.834910,-91.67,47.531068,16417.454962,20161128_084845
51,KDLH20161128_145331_V06,83,0.397,377.33,137.495918,33.910378,-91.70,47.566648,16955.188829,20161128_085331
6,KDLH20161128_130606_V06,-24,0.367,357.41,576.500183,28.115622,-91.84,45.592586,14057.810783,20161128_070606
6,KDLH20161128_131044_V06,-20,0.746,361.14,574.262413,32.798682,-91.82,45.602572,16399.340774,20161128_071044
6,KDLH20161128_131521_V06,-15,0.458,372.22,570.261871,35.531013,-91.75,45.620299,17765.506580,20161128_071521
4,KDLH20161128_130129_V06,-29,0.097,191.50,169.804840,22.868011,-92.93,47.420250,11434.005737,20161128_070129
4,KDLH20161128_130606_V06,-24,0.108,189.47,166.154966,30.145732,-92.94,47.436579,15072.865968,20161128_070606
9,KDLH20161128_130606_V06,-24,0.117,109.13,177.349792,31.849236,-93.47,47.381632,15924.617767,20161128_070606
9,KDLH20161128_131044_V06,-20,0.314,108.37,175.585590,36.953655,-93.48,47.389509,18476.827279,20161128_071044
9,KDLH20161128_131521_V06,-15,-1.000,107.68,173.981769,43.762217,-93.48,47.396671,21881.108653,20161128_071521
9,KDLH20161128_131957_V06,-11,0.071,104.32,148.369690,33.280445,-93.51,47.511586,16640.222549,20161128_071957
9,KDLH20161128_132434_V06,-6,0.087,102.59,145.960736,39.513502,-93.52,47.522287,19756.751214,20161128_072434
9,KDLH20161128_132910_V06,-1,0.113,101.34,117.764832,25.309059,-93.53,47.648970,12654.529572,20161128_072910
28,KDLH20161128_133822_V06,8,0.089,200.28,503.188660,41.426777,-92.85,45.921157,20713.388443,20161128_073822
48,KDLH20161128_142438_V06,54,0.084,158.34,496.481476,58.664841,-93.12,45.949467,29332.420349,20161128_082438
59,KDLH20161128_144359_V06,73,0.055,373.78,110.434296,25.529800,-91.72,47.688445,12764.900208,20161128_084359
60,KDLH20161128_144359_V06,73,0.052,339.38,354.934418,2.016396,-91.95,46.589566,1008.197784,20161128_084359
2,KDLH20161129_132630_V06,-5,0.085,28.67,489.385437,41.738464,-93.96,45.971539,20869.232178,20161129_072630
2,KDLH20161129_133611_V06,5,0.060,32.66,490.968019,52.069814,-93.93,45.964817,26034.906879,20161129_073611
2,KDLH20161129_134553_V06,14,0.050,38.56,493.666876,51.418156,-93.90,45.953253,25709.078181,20161129_074553
6,KDLH20161129_143421_V06,63,0.164,445.90,18.705200,23.983398,-91.23,48.097865,11991.699219,20161129_083421
7,KDLH20161129_143421_V06,63,0.111,215.48,504.925781,44.839191,-92.75,45.913857,22419.595718,20161129_083421
8,KDLH20161129_143421_V06,63,0.058,41.28,459.167938,50.066620,-93.88,46.108656,25033.309937,20161129_083421
5,KDLH20161201_133306_V06,0,0.094,166.84,194.486664,30.700691,-93.09,47.308124,15350.345612,20161201_073306
7,KDLH20161201_141151_V06,38,0.169,414.01,341.668152,49.430164,-91.47,46.647097,24715.082169,20161201_081151
11,KDLH20161201_144055_V06,67,0.113,201.56,179.260071,37.222717,-92.86,47.378125,18611.358643,20161201_084055
1,KDLH20161202_133603_V06,1,0.126,352.87,312.610748,25.122009,-91.86,46.779696,12561.004639,20161202_073603
1,KDLH20161202_134547_V06,10,0.078,356.50,313.330081,31.811643,-91.84,46.776387,15905.821688,20161202_074547
5,KDLH20161204_132122_V06,-16,0.063,33.22,446.089478,46.674393,-93.94,46.166687,23337.196350,20161204_072122
8,KDLH20161207_140736_V06,27,0.088,318.14,45.293213,19.272964,-92.09,47.982359,9636.482239,20161207_080736
8,KDLH20161207_141718_V06,37,0.095,314.94,48.266165,31.682305,-92.11,47.969011,15841.152451,20161207_081718
13,KDLH20161207_141718_V06,37,0.535,141.29,75.594360,48.723206,-93.27,47.841320,24361.602783,20161207_081718
13,KDLH20161207_142659_V06,46,0.187,144.48,80.088955,58.272651,-93.25,47.821303,29136.325510,20161207_082659
13,KDLH20161207_143641_V06,56,0.380,160.19,98.521667,50.929985,-93.14,47.739311,25464.992523,20161207_083641
7,KDLH20161207_140736_V06,27,0.110,202.59,110.101044,46.506477,-92.86,47.689169,23253.238678,20161207_080736
9,KDLH20161207_140736_V06,27,0.062,34.67,437.188721,42.429596,-93.93,46.206855,21214.797974,20161207_080736
9,KDLH20161208_142849_V06,47,0.186,455.52,79.545898,8.007477,-91.17,47.823745,4003.738403,20161208_082849
12,KDLH20161208_142849_V06,47,0.054,202.96,557.423218,33.692722,-92.83,45.677288,16846.361160,20161208_082849
14,KDLH20161208_143833_V06,57,0.087,446.30,452.636993,11.304276,-91.26,46.146430,5652.137756,20161208_083833
12,KDLH20161211_141057_V06,26,0.159,19.13,475.654419,28.633554,-94.02,46.032316,14316.777229,20161211_081057
12,KDLH20161211_142039_V06,36,0.268,26.49,472.266748,42.490175,-93.98,46.048301,21245.087472,20161211_082039
12,KDLH20161211_143022_V06,46,-1.000,33.42,469.070833,56.462458,-93.93,46.063363,28231.229210,20161211_083022
12,KDLH20161211_144005_V06,56,0.092,47.97,432.666867,55.860974,-93.84,46.228461,27930.487043,20161211_084005
12,KDLH20161211_144947_V06,65,0.168,48.68,409.738086,55.671063,-93.84,46.331636,27835.531580,20161211_084947
7,KDLH20161211_140114_V06,17,0.186,470.16,128.449036,45.806107,-91.08,47.602940,22903.053284,20161211_080114
1,KDLH20161212_134715_V06,2,0.177,366.03,302.129456,23.038055,-91.78,46.826544,11519.027710,20161212_074715
1,KDLH20161212_140640_V06,21,0.063,368.16,302.403460,28.178898,-91.76,46.825259,14089.448874,20161212_080640
1,KDLH20161212_141623_V06,31,0.063,369.17,296.917937,27.228338,-91.76,46.849904,13614.169147,20161212_081623
1,KDLH20161212_142606_V06,41,0.087,367.51,267.236392,47.135850,-91.77,46.983441,23567.925232,20161212_082606
1,KDLH20161212_143549_V06,50,-1.000,366.47,244.744774,61.669723,-91.77,47.084623,30834.861502,20161212_083549
1,KDLH20161212_144533_V06,60,0.289,363.28,294.397369,23.709045,-91.79,46.861387,11854.522705,20161212_084533
3,KDLH20161213_144239_V06,56,0.080,321.49,306.782562,9.955826,-92.07,46.806347,4977.912903,20161213_084239
3,KDLH20161213_150207_V06,76,0.112,319.17,307.209450,18.772189,-92.08,46.804445,9386.094467,20161213_090207
2,KDLH20161213_140344_V06,17,0.067,320.18,309.011169,10.562515,-92.08,46.796334,5281.257629,20161213_080344
2,KDLH20161214_132026_V06,-26,0.351,376.93,417.042023,9.943565,-91.71,46.309398,4971.782684,20161214_072026
2,KDLH20161214_133009_V06,-16,0.166,385.19,418.991625,17.511945,-91.66,46.300380,8755.972742,20161214_073009
5,KDLH20161214_132026_V06,-26,0.096,194.34,248.151520,27.737022,-92.91,47.068028,13868.511200,20161214_072026
1,KDLH20161215_132712_V06,-20,0.253,304.56,318.359772,25.039703,-92.18,46.754359,12519.851685,20161215_072712
1,KDLH20161215_133656_V06,-11,0.151,306.57,316.780629,31.073612,-92.17,46.761457,15536.806040,20161215_073656
2,KDLH20161215_141551_V06,28,0.131,302.23,311.072632,29.797501,-92.20,46.787137,14898.750305,20161215_081551
2,KDLH20161215_142534_V06,38,0.068,302.90,311.897280,36.894202,-92.19,46.783428,18447.101040,20161215_082534
3,KDLH20161215_142534_V06,38,0.066,463.35,185.558990,3.133713,-91.13,47.346571,1566.856384,20161215_082534
1,KDLH20161216_134358_V06,-5,0.065,29.05,459.604431,31.888828,-93.96,46.105499,15944.414139,20161216_074358
4,KDLH20161219_132520_V06,-25,0.063,346.55,319.223694,46.288742,-91.91,46.750071,23144.371033,20161219_072520
4,KDLH20161219_133502_V06,-15,-1.000,346.55,319.223694,62.188742,-91.91,46.750071,31094.371033,20161219_073502
4,KDLH20161219_134445_V06,-6,0.060,346.56,321.948669,45.695419,-91.91,46.737815,22847.709656,20161219_074445
11,KDLH20161219_141355_V06,23,0.330,166.43,128.390533,12.586990,-93.10,47.605327,6293.495178,20161219_081355
16,KDLH20161219_144305_V06,53,0.087,180.96,64.308472,40.136520,-93.01,47.894186,20068.260193,20161219_084305
2,KDLH20161222_140107_V06,10,0.126,306.07,308.825500,29.052963,-92.17,46.797238,14526.481628,20161222_080107
4,KDLH20161222_141051_V06,19,0.117,232.49,275.580292,37.612320,-92.65,46.945914,18806.159973,20161222_081051
11,KDLH20161226_134449_V06,-9,0.110,310.94,69.151001,31.011795,-92.14,47.875115,15505.897522,20161226_074449
20,KDLH20161226_143910_V06,46,0.098,332.51,396.222382,5.739204,-92.00,46.403947,2869.602203,20161226_083910
21,KDLH20161226_144356_V06,50,0.375,404.25,246.103455,12.099060,-91.52,47.077295,6049.530029,20161226_084356
25,KDLH20161226_145329_V06,60,0.296,393.10,234.223724,14.610489,-91.60,47.131137,7305.244446,20161226_085329
12,KDLH20161228_142323_V06,30,0.135,26.40,467.561035,37.242004,-93.98,46.069453,18621.002197,20161228_082323
1,KDLH20161230_141403_V06,21,0.093,29.97,473.511292,47.041786,-93.95,46.043053,23520.893097,20161230_081403
2,KDLH20161230_150235_V06,69,0.057,306.49,391.419495,6.127983,-92.17,46.425739,3063.991547,20161230_090235
