track_id,filename,from_sunset,det_score,x,y,r,lon,lat,radius,local_time
29,KBYX20050502_002226,-1414,0.104,354.31,282.774536,27.449936,-81.44,24.674456,13724.967957,20050501_202226
29,KBYX20050502_002644,-1410,0.351,353.47,283.414619,32.749558,-81.44,24.671574,16374.778889,20050501_202644
29,KBYX20050502_003104,-1405,0.560,355.12,286.093682,33.059352,-81.43,24.659466,16529.676058,20050501_203104
29,KBYX20050502_003524,-1401,-1.000,356.08,287.926073,34.296791,-81.43,24.651186,17148.395562,20050501_203524
29,KBYX20050502_003944,-1397,-1.000,357.05,289.758465,35.534230,-81.42,24.642906,17767.115065,20050501_203944
29,KBYX20050502_004402,-1392,0.194,349.16,289.485196,40.225622,-81.46,24.644208,20112.810876,20050501_204402
29,KBYX20050502_004820,-1388,0.336,345.91,293.620398,44.420842,-81.48,24.625567,22210.421197,20050501_204820
11,KBYX20050501_234753,-9,0.539,219.61,472.115662,16.743883,-82.10,23.819458,8371.941566,20050501_194753
11,KBYX20050501_235212,-4,0.380,221.03,474.670673,25.925423,-82.09,23.807942,12962.711410,20050501_195212
11,KBYX20050501_235631,0,0.592,233.14,473.073924,34.050334,-82.03,23.815291,17025.166889,20050501_195631
26,KBYX20050502_002226,-1414,0.865,213.18,471.633545,32.581612,-82.13,23.821549,16290.805817,20050501_202226
26,KBYX20050502_002644,-1410,0.878,216.15,470.731820,35.796383,-82.11,23.825660,17898.191562,20050501_202644
26,KBYX20050502_003104,-1405,0.471,209.63,462.096178,45.571619,-82.15,23.864554,22785.809525,20050501_203104
26,KBYX20050502_003524,-1401,0.644,223.42,470.758820,40.344643,-82.08,23.825631,20172.321320,20050501_203524
26,KBYX20050502_003944,-1397,-1.000,223.42,470.758820,46.704643,-82.08,23.825631,23352.321320,20050501_203944
26,KBYX20050502_004402,-1392,0.205,229.19,467.072955,53.580958,-82.05,23.842338,26790.478754,20050501_204402
6,KBYX20050501_233912,-17,0.560,309.09,460.253632,33.386902,-81.66,23.873517,16693.450928,20050501_193912
6,KBYX20050501_234332,-13,0.540,309.42,461.968580,38.614212,-81.66,23.865774,19307.105913,20050501_194332
6,KBYX20050501_234753,-9,-1.000,309.67,463.215815,44.150437,-81.66,23.860143,22075.218630,20050501_194753
6,KBYX20050501_235212,-4,0.216,316.63,491.934784,17.822128,-81.62,23.730478,8911.064148,20050501_195212
6,KBYX20050501_235631,0,0.214,317.03,493.142464,22.854319,-81.62,23.725025,11427.159618,20050501_195631
20,KBYX20050502_000051,-1436,0.160,97.81,287.567810,16.913815,-82.70,24.649746,8456.907272,20050501_200051
20,KBYX20050502_000509,-1431,0.911,99.34,296.183677,27.821123,-82.69,24.610906,13910.561278,20050501_200509
19,KBYX20050502_000051,-1436,0.259,258.82,497.358337,24.382679,-81.91,23.705881,12191.339493,20050501_200051
19,KBYX20050502_000509,-1431,-1.000,258.82,497.358337,32.332679,-81.91,23.705881,16166.339493,20050501_200509
19,KBYX20050502_000929,-1427,-1.000,258.82,497.358337,38.692679,-81.91,23.705881,19346.339493,20050501_200929
19,KBYX20050502_001347,-1423,0.600,263.70,481.280887,36.684057,-81.88,23.778492,18342.028274,20050501_201347
30,KBYX20050502_003104,-1405,0.553,167.87,389.738831,24.685188,-82.35,24.190448,12342.594147,20050501_203104
30,KBYX20050502_003524,-1401,0.162,166.90,390.745280,32.166754,-82.36,24.185884,16083.377227,20050501_203524
1,KBYX20050501_233034,-26,0.347,89.11,311.771729,26.097813,-82.74,24.540206,13048.906326,20050501_193034
2,KBYX20050501_233034,-26,0.245,211.59,304.555573,7.873795,-82.14,24.575744,3936.897278,20050501_193034
3,KBYX20050501_233034,-26,0.198,256.06,190.031525,7.386181,-81.92,25.093162,3693.090439,20050501_193034
4,KBYX20050501_233452,-22,0.118,219.96,202.281891,11.152306,-82.10,25.037502,5576.152802,20050501_193452
5,KBYX20050501_233452,-22,0.100,93.43,363.103607,23.781536,-82.72,24.308652,11890.768051,20050501_193452
8,KBYX20050501_233912,-17,0.168,309.86,286.873749,11.422821,-81.65,24.656184,5711.410522,20050501_193912
9,KBYX20050501_233912,-17,0.115,231.76,197.313782,6.970955,-82.04,25.060069,3485.477448,20050501_193912
10,KBYX20050501_234332,-13,0.398,215.09,301.785309,10.903091,-82.12,24.588298,5451.545715,20050501_194332
10,KBYX20050501_234753,-9,-1.000,215.09,301.785309,17.263091,-82.12,24.588298,8631.545715,20050501_194753
10,KBYX20050501_235212,-4,0.432,216.91,302.589630,10.637993,-82.11,24.584692,5318.996429,20050501_195212
13,KBYX20050501_234753,-9,0.112,299.14,375.341614,42.029976,-81.71,24.256842,21014.987946,20050501_194753
14,KBYX20050501_235212,-4,0.886,135.65,384.155060,31.545723,-82.51,24.214886,15772.861481,20050501_195212
22,KBYX20050502_000509,-1431,0.108,221.53,350.813385,10.952068,-82.09,24.367070,5476.034164,20050501_200509
24,KBYX20050502_001806,-1418,0.455,212.22,483.770874,43.781712,-82.13,23.766743,21890.855789,20050501_201806
25,KBYX20050502_001806,-1418,0.440,60.80,284.958771,48.471939,-82.88,24.660198,24235.969543,20050501_201806
27,KBYX20050502_002226,-1414,0.137,30.50,357.245178,25.161821,-83.03,24.332684,12580.910683,20050501_202226
28,KBYX20050502_002226,-1414,0.118,256.98,553.867432,19.260910,-81.91,23.450754,9630.455017,20050501_202226
32,KBYX20050502_003104,-1405,0.169,298.58,539.796753,6.298916,-81.71,23.514424,3149.457932,20050501_203104
34,KBYX20050502_003524,-1401,0.514,350.96,280.117340,29.177490,-81.45,24.686479,14588.745117,20050501_203524
34,KBYX20050502_003944,-1397,0.215,347.35,301.375061,48.968647,-81.47,24.590552,24484.323502,20050501_203944
36,KBYX20050502_003524,-1401,0.341,85.97,327.075287,20.834141,-82.76,24.471023,10417.070389,20050501_203524
36,KBYX20050502_003944,-1397,0.263,78.64,321.231201,33.791401,-82.80,24.497143,16895.700455,20050501_203944
39,KBYX20050502_003524,-1401,0.101,310.44,375.583710,39.297653,-81.65,24.255740,19648.826599,20050501_203524
42,KBYX20050502_003944,-1397,0.191,134.16,349.613037,20.037376,-82.52,24.370768,10018.688202,20050501_203944
43,KBYX20050502_004402,-1392,0.886,130.20,239.719940,41.003906,-82.54,24.866691,20501.953125,20050501_204402
44,KBYX20050502_004820,-1388,0.161,102.93,479.381165,40.749523,-82.67,23.784081,20374.761581,20050501_204820
45,KBYX20050502_004820,-1388,0.115,186.07,359.530396,11.407555,-82.26,24.327171,5703.777313,20050501_204820
48,KBYX20050503_003607,-1401,0.477,210.24,303.328217,6.830734,-82.15,24.581265,3415.367126,20050502_203607
48,KBYX20050503_004130,-1396,0.836,208.99,299.692126,13.037079,-82.15,24.597659,6518.539554,20050502_204130
48,KBYX20050503_004550,-1392,0.894,211.35,298.401539,16.028884,-82.14,24.603519,8014.441756,20050502_204550
48,KBYX20050503_005009,-1387,0.607,209.14,295.307725,16.953796,-82.15,24.617452,8476.898031,20050502_205009
48,KBYX20050503_005429,-1383,0.742,211.40,292.686044,16.817437,-82.14,24.629319,8408.718299,20050502_205429
33,KBYX20050502_233527,-21,0.687,479.92,299.659332,52.558128,-80.82,24.595857,26279.064178,20050502_193527
33,KBYX20050502_233947,-17,-1.000,479.92,299.659332,58.918128,-80.82,24.595857,29459.064178,20050502_193947
33,KBYX20050502_234408,-12,0.230,479.57,304.512544,56.857329,-80.82,24.573961,28428.664486,20050502_194408
43,KBYX20050503_000547,-1432,0.526,427.70,366.275085,41.914665,-81.07,24.296458,20957.332611,20050502_200547
43,KBYX20050503_001007,-1427,0.397,426.62,365.994514,46.558105,-81.08,24.297746,23279.052644,20050502_201007
43,KBYX20050503_001427,-1423,0.593,427.12,367.290985,41.894882,-81.08,24.291884,20947.441101,20050502_201427
43,KBYX20050503_001847,-1419,0.152,432.61,367.265686,36.045876,-81.05,24.291883,18022.937775,20050502_201847
51,KBYX20050503_004130,-1396,0.598,367.46,287.595612,20.254333,-81.37,24.652564,10127.166748,20050502_204130
51,KBYX20050503_004550,-1392,0.186,367.42,287.311153,27.128717,-81.37,24.653849,13564.358506,20050502_204550
31,KBYX20050502_233107,-25,0.277,71.36,289.025940,22.551323,-82.83,24.642241,11275.661469,20050502_193107
31,KBYX20050502_233527,-21,0.380,64.05,294.306091,15.110835,-82.87,24.618134,7555.417538,20050502_193527
32,KBYX20050502_233107,-25,0.178,531.62,389.887573,53.255188,-80.56,24.186871,26627.593994,20050502_193107
32,KBYX20050502_233527,-21,-1.000,531.62,389.887573,59.615188,-80.56,24.186871,29807.593994,20050502_193527
32,KBYX20050502_233947,-17,0.176,540.65,394.396332,52.954281,-80.52,24.166178,26477.140427,20050502_193947
32,KBYX20050502_234408,-12,-1.000,540.65,394.396332,60.904281,-80.52,24.166178,30452.140427,20050502_194408
32,KBYX20050502_234827,-8,0.102,553.17,401.906158,49.345135,-80.46,24.131784,24672.567368,20050502_194827
36,KBYX20050502_234408,-12,0.735,225.13,303.080017,15.004021,-82.07,24.582583,7502.010345,20050502_194408
39,KBYX20050502_234827,-8,0.307,62.66,287.962677,9.835985,-82.88,24.646712,4917.992592,20050502_194827
41,KBYX20050502_235707,1,0.239,427.41,365.635468,44.217884,-81.08,24.299351,22108.942032,20050502_195707
50,KBYX20050503_003607,-1401,0.126,350.50,296.177765,35.489502,-81.45,24.613987,17744.750977,20050502_203607
55,KBYX20050503_004550,-1392,0.219,505.87,314.529755,77.205307,-80.69,24.527926,38602.653503,20050502_204550
56,KBYX20050503_005009,-1387,0.301,63.00,284.740967,11.018044,-82.87,24.661266,5509.021759,20050502_205009
47,KBYX20050504_002346,-1414,0.424,367.75,278.680298,15.741699,-81.37,24.692804,7870.849609,20050503_202346
47,KBYX20050504_002806,-1409,0.516,365.70,279.554302,22.550558,-81.38,24.688881,11275.279191,20050503_202806
47,KBYX20050504_003226,-1405,-1.000,364.37,280.118175,28.174338,-81.39,24.686350,14087.169243,20050503_203226
47,KBYX20050504_003646,-1401,0.885,360.46,288.104496,30.393065,-81.40,24.650340,15196.532554,20050503_203646
47,KBYX20050504_004106,-1396,0.837,348.44,293.942932,40.741738,-81.46,24.624091,20370.869129,20050503_204106
47,KBYX20050504_004526,-1392,0.867,345.18,291.564936,43.889218,-81.48,24.634850,21944.608908,20050503_204526
47,KBYX20050504_004946,-1388,0.826,347.31,288.900709,43.611249,-81.47,24.646860,21805.624712,20050503_204946
47,KBYX20050504_005406,-1383,0.716,347.52,280.955167,44.586281,-81.47,24.682724,22293.140349,20050503_205406
52,KBYX20050504_002806,-1409,0.212,213.58,302.059296,10.571243,-82.13,24.587040,5285.621643,20050503_202806
52,KBYX20050504_003226,-1405,0.509,211.86,300.472004,16.550689,-82.14,24.594181,8275.344465,20050503_203226
52,KBYX20050504_003646,-1401,0.164,203.16,305.644850,25.622944,-82.18,24.570700,12811.472207,20050503_203646
52,KBYX20050504_004106,-1396,0.676,195.93,308.581521,26.825244,-82.22,24.557327,13412.621922,20050503_204106
52,KBYX20050504_004526,-1392,0.728,190.86,310.431513,30.892186,-82.24,24.548889,15446.092966,20050503_204526
52,KBYX20050504_004946,-1388,0.458,181.03,311.685671,38.526880,-82.29,24.543046,19263.439910,20050503_204946
52,KBYX20050504_005406,-1383,0.672,182.10,312.290080,40.786055,-82.29,24.540339,20393.027641,20050503_205406
53,KBYX20050504_002806,-1409,0.160,499.11,312.644012,72.979813,-80.72,24.536660,36489.906311,20050503_202806
53,KBYX20050504_003226,-1405,0.191,502.34,312.079749,79.265976,-80.70,24.539102,39632.988013,20050503_203226
53,KBYX20050504_003646,-1401,-1.000,504.68,311.669376,85.572277,-80.69,24.540877,42786.138342,20050503_203646
53,KBYX20050504_004106,-1396,0.147,509.01,299.955431,82.970582,-80.67,24.593605,41485.291177,20050503_204106
43,KBYX20050503_233500,-22,0.303,516.50,298.655914,24.152435,-80.63,24.599213,12076.217651,20050503_193500
44,KBYX20050503_233500,-22,0.216,398.14,107.259460,15.720016,-81.22,25.466123,7860.008240,20050503_193500
45,KBYX20050503_233921,-18,0.169,363.15,271.522003,7.147675,-81.39,24.725164,3573.837280,20050503_193921
46,KBYX20050503_235640,-1,0.231,381.73,302.355377,34.314194,-81.30,24.585767,17157.096863,20050503_195640
48,KBYX20050504_002346,-1414,0.287,95.45,357.857178,6.842117,-82.71,24.332401,3421.058655,20050503_202346
59,KBYX20050504_004526,-1392,0.156,372.35,525.611755,36.817066,-81.35,23.578049,18408.533096,20050503_204526
60,KBYX20050504_004526,-1392,0.100,247.08,302.242889,18.011414,-81.96,24.586589,9005.706787,20050503_204526
60,KBYX20050504_004946,-1388,0.231,259.64,302.149841,11.978241,-81.90,24.587104,5989.120483,20050503_204946
65,KBYX20050505_002433,-1414,0.816,370.83,282.266052,6.932205,-81.35,24.676583,3466.102600,20050504_202433
65,KBYX20050505_002851,-1410,0.446,369.65,281.693209,12.813361,-81.36,24.679183,6406.680589,20050504_202851
65,KBYX20050505_003312,-1405,0.263,366.40,280.749720,14.707063,-81.38,24.683477,7353.531388,20050504_203312
65,KBYX20050505_003732,-1401,0.404,367.36,283.027681,15.153639,-81.37,24.673184,7576.819358,20050504_203732
65,KBYX20050505_004152,-1397,0.527,360.56,281.921955,23.179432,-81.40,24.678246,11589.716051,20050504_204152
65,KBYX20050505_004612,-1392,0.872,359.42,289.941275,32.577534,-81.41,24.642059,16288.767186,20050504_204612
60,KBYX20050504_234846,-9,0.857,571.59,410.396423,27.021011,-80.37,24.092686,13510.505676,20050504_194846
60,KBYX20050504_235307,-4,0.508,568.65,412.201937,34.579533,-80.38,24.084664,17289.766498,20050504_195307
60,KBYX20050504_235727,0,0.585,562.36,419.364021,40.725006,-80.41,24.052603,20362.503153,20050504_195727
58,KBYX20050504_234007,-17,0.137,208.33,309.293671,11.201500,-82.16,24.554309,5600.749969,20050504_194007
58,KBYX20050504_234427,-13,0.112,208.04,308.466712,17.031841,-82.16,24.558037,8515.920521,20050504_194427
71,KBYX20050505_003312,-1405,0.127,429.85,295.652679,43.988953,-81.06,24.615198,21994.476318,20050504_203312
71,KBYX20050505_003732,-1401,-1.000,429.85,295.652679,50.348953,-81.06,24.615198,25174.476318,20050504_203732
71,KBYX20050505_004152,-1397,-1.000,429.85,295.652679,56.708953,-81.06,24.615198,28354.476318,20050504_204152
71,KBYX20050505_004612,-1392,0.124,424.94,298.623265,54.936494,-81.09,24.601891,27468.247180,20050504_204612
74,KBYX20050505_004152,-1397,0.735,581.17,323.858002,16.144638,-80.32,24.482860,8072.319031,20050504_204152
74,KBYX20050505_004612,-1392,0.872,582.99,320.838424,17.935253,-80.31,24.496405,8967.626587,20050504_204612
53,KBYX20050504_233127,-26,0.744,399.12,144.515442,25.618088,-81.21,25.297955,12809.043884,20050504_193127
55,KBYX20050504_233127,-26,0.192,190.83,327.855408,27.473202,-82.24,24.470238,13736.600876,20050504_193127
55,KBYX20050504_233546,-22,0.191,205.15,311.891937,14.639885,-82.17,24.542532,7319.942474,20050504_193546
57,KBYX20050504_234007,-17,0.189,544.71,469.891113,29.356766,-80.50,23.825244,14678.382874,20050504_194007
61,KBYX20050504_235307,-4,0.114,411.11,489.307068,12.264431,-81.16,23.741381,6132.215500,20050504_195307
62,KBYX20050504_235727,0,0.191,208.35,306.153473,6.758102,-82.16,24.568484,3379.051208,20050504_195727
69,KBYX20050505_003312,-1405,0.191,342.64,285.600952,10.077988,-81.49,24.661789,5038.993835,20050504_203312
70,KBYX20050505_003312,-1405,0.135,288.60,296.706787,2.910767,-81.76,24.611795,1455.383301,20050504_203312
72,KBYX20050505_003732,-1401,0.194,446.18,287.298279,34.066208,-80.98,24.652544,17033.103943,20050504_203732
80,KBYX20050505_005032,-1388,0.396,348.77,367.770782,10.403954,-81.46,24.290826,5201.976776,20050504_205032
81,KBYX20050505_005032,-1388,0.125,574.48,400.693481,22.894157,-80.35,24.136356,11447.078705,20050504_205032
80,KBYX20050506_003025,-1408,0.479,215.19,302.611969,4.028198,-82.12,24.584567,2014.099121,20050505_203025
80,KBYX20050506_003615,-1402,-1.000,215.19,302.611969,13.568198,-82.12,24.584567,6784.099121,20050505_203615
80,KBYX20050506_004205,-1396,0.213,224.69,302.212804,22.126581,-82.08,24.586492,11063.290417,20050505_204205
80,KBYX20050506_004755,-1391,0.956,230.42,304.341377,24.120904,-82.05,24.576951,12060.452054,20050505_204755
80,KBYX20050506_005343,-1385,0.839,234.01,306.443546,28.638979,-82.03,24.567502,14319.489591,20050505_205343
85,KBYX20050506_003615,-1402,0.885,363.96,273.606842,24.374268,-81.39,24.715745,12187.133789,20050505_203615
85,KBYX20050506_004205,-1396,0.919,364.77,270.852875,27.233272,-81.38,24.728168,13616.636194,20050505_204205
85,KBYX20050506_004755,-1391,0.943,366.39,263.142320,26.275237,-81.38,24.762955,13137.618683,20050505_204755
85,KBYX20050506_005343,-1385,0.957,371.87,266.592027,29.934346,-81.35,24.747322,14967.172864,20050505_205343
88,KBYX20050506_003615,-1402,0.106,304.33,279.654083,3.151337,-81.68,24.688779,1575.668335,20050505_203615
88,KBYX20050506_004205,-1396,0.200,307.89,277.853412,10.477285,-81.66,24.696904,5238.642623,20050505_204205
88,KBYX20050506_004755,-1391,-1.000,310.43,276.567218,16.845820,-81.65,24.702706,8422.909971,20050505_204755
88,KBYX20050506_005343,-1385,0.292,313.77,292.282242,29.535841,-81.64,24.631762,14767.920525,20050505_205343
69,KBYX20050505_233102,-27,0.182,376.21,267.735779,6.902039,-81.33,24.742107,3451.019287,20050505_193102
69,KBYX20050505_233652,-22,0.169,376.62,267.513626,12.634209,-81.32,24.743105,6317.104645,20050505_193652
69,KBYX20050505_234243,-16,0.219,374.04,272.150085,10.769073,-81.34,24.722208,5384.536743,20050505_194243
81,KBYX20050506_003025,-1408,0.358,441.35,277.220886,19.329102,-81.00,24.698143,9664.550781,20050505_203025
81,KBYX20050506_003615,-1402,-1.000,441.35,277.220886,28.869102,-81.00,24.698143,14434.550781,20050505_203615
81,KBYX20050506_004205,-1396,-1.000,441.35,277.220886,38.409102,-81.00,24.698143,19204.550781,20050505_204205
81,KBYX20050506_004755,-1391,0.699,460.47,285.385987,40.217210,-80.91,24.660820,20108.605074,20050505_204755
86,KBYX20050506_003615,-1402,0.211,293.21,293.451538,6.778748,-81.74,24.626496,3389.373779,20050505_203615
86,KBYX20050506_004205,-1396,-1.000,293.21,293.451538,16.318748,-81.74,24.626496,8159.373779,20050505_204205
86,KBYX20050506_004755,-1391,0.308,307.12,296.578950,27.104175,-81.67,24.612378,13552.087569,20050505_204755
68,KBYX20050505_233102,-27,0.241,367.83,277.057404,10.821442,-81.37,24.700129,5410.720825,20050505_193102
70,KBYX20050505_233102,-27,0.119,62.40,230.878693,45.526714,-82.88,24.904347,22763.357162,20050505_193102
70,KBYX20050505_233652,-22,0.316,97.16,226.066162,26.572243,-82.71,24.927315,13286.121368,20050505_193652
72,KBYX20050505_234243,-16,0.285,209.10,306.085297,6.970772,-82.15,24.568802,3485.385895,20050505_194243
73,KBYX20050505_234243,-16,0.221,567.79,564.771240,23.749996,-80.39,23.396009,11874.998093,20050505_194243
75,KBYX20050506_000117,-1437,0.224,211.04,305.258179,6.703804,-82.14,24.572564,3351.902008,20050505_200117
76,KBYX20050506_000117,-1437,0.163,378.29,283.427460,15.308807,-81.32,24.671251,7654.403687,20050505_200117
77,KBYX20050506_001258,-1426,0.267,313.08,278.920319,3.191589,-81.64,24.692079,1595.794678,20050505_201258
78,KBYX20050506_001258,-1426,0.143,318.46,279.032867,3.135193,-81.61,24.691557,1567.596436,20050505_201258
84,KBYX20050506_003025,-1408,0.104,64.78,290.532623,3.450878,-82.86,24.635193,1725.439072,20050505_203025
89,KBYX20050506_004205,-1396,0.802,467.11,289.092224,45.036018,-80.88,24.643915,22518.009186,20050505_204205
91,KBYX20050506_004205,-1396,0.217,464.80,374.037476,6.565628,-80.89,24.260545,3282.814026,20050505_204205
95,KBYX20050506_004755,-1391,0.106,137.30,291.885437,68.573761,-82.51,24.631425,34286.880493,20050505_204755
86,KBYX20050506_234328,-15,0.195,398.51,101.236938,17.270966,-81.21,25.493299,8635.482788,20050506_194328
86,KBYX20050506_234918,-9,0.416,395.76,102.707665,24.195406,-81.23,25.486705,12097.703023,20050506_194918
86,KBYX20050506_235507,-3,0.126,408.90,108.216652,33.645698,-81.16,25.461619,16822.848919,20050506_195507
86,KBYX20050507_000203,-1437,0.119,408.60,115.484924,37.184959,-81.16,25.428820,18592.479706,20050506_200203
86,KBYX20050507_000752,-1432,0.233,396.13,123.095184,30.334152,-81.23,25.394682,15167.076111,20050506_200752
93,KBYX20050507_004250,-1397,0.179,515.00,313.648346,83.176285,-80.64,24.531594,41588.142395,20050506_204250
93,KBYX20050507_004839,-1391,0.222,514.91,314.964434,91.019914,-80.64,24.525657,45509.956891,20050506_204839
92,KBYX20050507_002523,-1414,0.147,402.74,282.440887,6.424362,-81.20,24.675345,3212.181091,20050506_202523
95,KBYX20050508_003915,-1400,0.175,209.03,301.262329,12.200043,-82.15,24.590572,6100.021362,20050507_203915
95,KBYX20050508_004504,-1394,0.347,207.56,301.111839,19.522901,-82.16,24.591230,9761.450284,20050507_204504
95,KBYX20050508_005053,-1389,0.227,200.48,303.287244,24.752432,-82.19,24.581300,12376.216228,20050507_205053
95,KBYX20050508_005642,-1383,0.257,195.90,299.252745,26.940215,-82.22,24.599436,13470.107475,20050507_205642
92,KBYX20050508_002736,-1412,0.204,343.76,272.583435,25.454926,-81.49,24.720541,12727.462769,20050507_202736
92,KBYX20050508_003327,-1406,0.130,342.63,274.552300,34.040144,-81.49,24.711662,17020.072016,20050507_203327
92,KBYX20050508_003915,-1400,0.351,331.40,267.339359,39.566177,-81.55,24.744288,19783.088729,20050507_203915
89,KBYX20050507_233408,-25,0.103,296.95,329.648132,3.098923,-81.72,24.463107,1549.461365,20050507_193408
90,KBYX20050507_233956,-20,0.176,319.56,278.393951,6.307571,-81.61,24.694438,3153.785706,20050507_193956
91,KBYX20050507_234547,-14,0.123,386.48,266.691071,6.299042,-81.28,24.746687,3149.520874,20050507_194547
93,KBYX20050508_003327,-1406,0.734,388.58,240.463257,45.902863,-81.27,24.865044,22951.431274,20050507_203327
96,KBYX20050508_004504,-1394,0.159,369.14,285.357361,7.062485,-81.36,24.662649,3531.242371,20050507_204504
96,KBYX20050509_001819,18,0.255,214.42,303.072693,10.391685,-82.13,24.582477,5195.842743,20050508_201819
96,KBYX20050509_002806,28,-1.000,214.42,303.072693,26.291685,-82.13,24.582477,13145.842743,20050508_202806
96,KBYX20050509_003752,37,-1.000,214.42,303.072693,40.601685,-82.13,24.582477,20300.842743,20050508_203752
96,KBYX20050509_004738,47,0.305,187.68,330.245053,45.883833,-82.26,24.459395,22941.916537,20050508_204738
97,KBYX20050509_002806,28,0.526,408.26,295.745239,20.619736,-81.17,24.615197,10309.867859,20050508_202806
99,KBYX20050509_003752,37,0.459,417.00,201.743286,71.573334,-81.12,25.039338,35786.666870,20050508_203752
111,KBYX20050510_004844,48,0.183,208.06,298.279419,14.731186,-82.16,24.604022,7365.592957,20050509_204844
111,KBYX20050510_005433,54,0.295,204.85,298.112906,22.586375,-82.17,24.604725,11293.187307,20050509_205433
111,KBYX20050510_010021,60,0.371,191.55,299.286819,27.775223,-82.24,24.599207,13887.611616,20050509_210021
99,KBYX20050509_233155,1411,0.491,403.05,281.886261,6.540710,-81.19,24.677844,3270.355225,20050509_193155
99,KBYX20050509_233746,1417,-1.000,403.05,281.886261,16.080710,-81.19,24.677844,8040.355225,20050509_193746
99,KBYX20050509_234335,1423,0.133,411.95,291.138365,19.645936,-81.15,24.635926,9822.967956,20050509_194335
109,KBYX20050510_004844,48,0.498,368.86,288.617767,14.899445,-81.36,24.647935,7449.722290,20050509_204844
109,KBYX20050510_005433,54,-1.000,368.86,288.617767,24.439445,-81.36,24.647935,12219.722290,20050509_205433
109,KBYX20050510_010021,60,0.198,386.25,289.883041,34.861515,-81.28,24.642005,17430.757301,20050509_210021
103,KBYX20050509_234926,1429,0.234,398.70,482.659454,38.597721,-81.22,23.771598,19298.860550,20050509_194926
105,KBYX20050510_001347,13,0.130,403.64,281.309570,6.485962,-81.19,24.680437,3242.980957,20050509_201347
107,KBYX20050510_003115,31,0.116,209.85,295.425659,3.064514,-82.15,24.616930,1532.257080,20050509_203115
108,KBYX20050510_003705,37,0.127,285.68,300.123230,6.318954,-81.77,24.596367,3159.477234,20050509_203705
108,KBYX20050510_004254,42,-1.000,285.68,300.123230,14.268954,-81.77,24.596367,7134.477234,20050509_204254
108,KBYX20050510_004844,48,0.146,287.04,294.842377,6.701462,-81.77,24.620208,3350.730896,20050509_204844
106,KBYX20050510_233246,1412,0.574,133.50,264.627014,25.971939,-82.53,24.754360,12985.969543,20050510_193246
106,KBYX20050510_233836,1418,0.216,132.58,264.990365,32.394850,-82.53,24.752695,16197.425139,20050510_193836
107,KBYX20050510_235605,1436,0.263,405.36,286.943298,12.342941,-81.18,24.654978,6171.470642,20050510_195605
107,KBYX20050511_000301,2,0.160,403.40,280.385010,6.499863,-81.19,24.684614,3249.931335,20050510_200301
109,KBYX20050511_001441,13,0.110,343.73,296.243896,3.405731,-81.49,24.613740,1702.865601,20050510_201441
110,KBYX20050511_002030,19,0.133,408.30,285.011780,8.037903,-81.17,24.663646,4018.951416,20050510_202030
111,KBYX20050511_004348,42,0.122,437.23,281.860596,25.446213,-81.03,24.677294,12723.106384,20050510_204348
112,KBYX20050511_004348,42,0.119,402.32,271.592834,7.874557,-81.20,24.724319,3937.278748,20050510_204348
117,KBYX20050512_000341,2,0.427,518.18,433.301453,61.247253,-80.63,23.991390,30623.626709,20050511_200341
117,KBYX20050512_000932,8,0.615,521.01,433.013111,67.673580,-80.62,23.992592,33836.790095,20050511_200932
117,KBYX20050512_001522,14,0.206,516.82,435.809395,65.974897,-80.64,23.980116,32987.448615,20050511_201522
117,KBYX20050512_002110,20,0.135,522.04,438.265679,68.331109,-80.61,23.968846,34165.554468,20050511_202110
113,KBYX20050511_234506,1424,0.214,525.40,428.804443,61.083130,-80.60,24.011433,30541.564941,20050511_194506
113,KBYX20050511_235056,1429,0.263,524.48,429.338153,67.626794,-80.60,24.009057,33813.396860,20050511_195056
113,KBYX20050511_235647,1435,0.516,519.09,430.170578,66.157467,-80.63,24.005491,33078.733506,20050511_195647
112,KBYX20050511_233327,1412,0.243,522.08,428.806122,65.488548,-80.61,24.011544,32744.274139,20050511_193327
112,KBYX20050511_233917,1418,0.125,522.05,428.473768,72.255868,-80.61,24.013046,36127.934146,20050511_193917
116,KBYX20050511_235056,1429,0.110,141.13,362.467987,62.321766,-82.49,24.312924,31160.882950,20050511_195056
116,KBYX20050511_235647,1435,0.121,139.91,360.602479,66.916860,-82.49,24.321314,33458.430109,20050511_195647
118,KBYX20050512_000341,2,0.338,472.98,97.460724,44.576965,-80.84,25.508675,22288.482666,20050511_200341
118,KBYX20050512_000932,8,0.650,470.40,101.903470,51.746857,-80.86,25.488697,25873.428504,20050511_200932
118,KBYX20050512_001522,14,0.706,473.79,101.176025,44.138702,-80.84,25.491884,22069.351196,20050511_201522
119,KBYX20050512_000932,8,0.283,227.42,474.419891,60.839333,-82.06,23.809151,30419.666290,20050511_200932
119,KBYX20050512_001522,14,0.165,224.54,474.536689,66.302842,-82.07,23.808590,33151.420998,20050511_201522
119,KBYX20050512_002110,20,0.390,214.11,474.432678,54.867279,-82.12,23.808925,27433.639526,20050511_202110
124,KBYX20050512_003249,31,0.209,207.54,479.506805,57.415699,-82.16,23.785925,28707.849503,20050511_203249
124,KBYX20050512_003840,37,0.128,205.26,479.126097,63.990100,-82.17,23.787610,31995.050160,20050511_203840
124,KBYX20050512_004428,43,0.464,193.43,482.832703,56.072647,-82.23,23.770688,28036.323547,20050511_204428
124,KBYX20050512_005018,49,0.407,190.03,482.024310,60.013645,-82.24,23.774278,30006.822324,20050511_205018
114,KBYX20050511_235056,1429,0.460,455.96,99.140015,48.642555,-80.93,25.501558,24321.277618,20050511_195056
125,KBYX20050512_003249,31,0.133,402.44,276.761475,6.991135,-81.20,24.700986,3495.567322,20050511_203249
127,KBYX20050512_004428,43,0.177,82.24,268.692963,48.376198,-82.78,24.734409,24188.098907,20050511_204428
128,KBYX20050512_004428,43,0.109,498.33,106.630737,34.675491,-80.72,25.466513,17337.745667,20050511_204428
129,KBYX20050512_005018,49,0.175,211.82,296.726196,11.088463,-82.14,24.611088,5544.231415,20050511_205018
130,KBYX20050512_005018,49,0.171,367.48,289.392914,25.271851,-81.37,24.644451,12635.925293,20050511_205018
130,KBYX20050513_001200,10,0.308,410.41,289.046509,15.474030,-81.16,24.645396,7737.014771,20050512_201200
130,KBYX20050513_001750,15,0.186,411.40,293.376012,24.556946,-81.15,24.625835,12278.473079,20050512_201750
130,KBYX20050513_002340,21,0.109,418.62,308.606226,32.722745,-81.12,24.556953,16361.372490,20050512_202340
130,KBYX20050513_002929,27,0.126,429.25,318.851504,40.917681,-81.07,24.510494,20458.840499,20050512_202929
139,KBYX20050513_004658,44,0.559,100.37,307.647461,55.367081,-82.69,24.559196,27683.540344,20050512_204658
139,KBYX20050513_005248,50,0.704,97.09,308.183374,59.594034,-82.70,24.556670,29797.017137,20050512_205248
139,KBYX20050513_005838,56,0.704,92.58,308.576879,56.241883,-82.73,24.554744,28120.941370,20050512_205838
140,KBYX20050513_004658,44,0.409,198.78,303.209900,20.244408,-82.20,24.581621,10122.203827,20050512_204658
140,KBYX20050513_005248,50,0.207,190.93,305.918069,32.461868,-82.24,24.569264,16230.934218,20050512_205248
140,KBYX20050513_005838,56,0.635,181.64,310.604847,34.344025,-82.29,24.547937,17172.012282,20050512_205838
125,KBYX20050512_234146,1420,0.256,67.38,231.794128,44.802856,-82.85,24.900406,22401.428223,20050512_194146
125,KBYX20050512_234737,1426,0.250,66.07,233.481111,50.694019,-82.86,24.892742,25347.009292,20050512_194737
128,KBYX20050513_000611,4,0.567,52.37,239.012543,43.282097,-82.93,24.867240,21641.048431,20050512_200611
128,KBYX20050513_001200,10,0.486,49.98,241.320261,47.387477,-82.94,24.856727,23693.738551,20050512_201200
132,KBYX20050513_001750,15,0.345,186.51,297.033264,29.177383,-82.26,24.609289,14588.691711,20050512_201750
132,KBYX20050513_002340,21,0.161,187.02,296.524670,36.175743,-82.26,24.611594,18087.871486,20050512_202340
132,KBYX20050513_002929,27,0.242,186.53,294.935822,32.073784,-82.26,24.618757,16036.891937,20050512_202929
133,KBYX20050513_002340,21,0.404,106.45,308.374878,55.122124,-82.66,24.556106,27561.061859,20050512_202340
133,KBYX20050513_002929,27,0.140,107.83,305.147819,64.049965,-82.65,24.570715,32024.982294,20050512_202929
143,KBYX20050513_004658,44,0.123,104.64,61.952209,10.554134,-82.68,25.668248,5277.067184,20050512_204658
143,KBYX20050513_005248,50,0.560,98.56,65.317096,16.810235,-82.71,25.652862,8405.117729,20050512_205248
126,KBYX20050512_234146,1420,0.232,411.55,292.314972,16.501221,-81.15,24.630622,8250.610352,20050512_194146
129,KBYX20050513_000611,4,0.185,318.85,358.529327,11.004730,-81.61,24.332706,5502.365112,20050512_200611
138,KBYX20050513_003518,33,0.121,363.12,280.931458,6.539154,-81.39,24.682692,3269.577026,20050512_203518
144,KBYX20050513_005248,50,0.290,391.03,270.215912,21.010864,-81.25,24.730711,10505.432129,20050512_205248
145,KBYX20050513_005248,50,0.180,73.46,92.284119,35.067879,-82.83,25.530272,17533.939362,20050512_205248
146,KBYX20050513_005248,50,0.101,410.43,292.745178,18.061340,-81.16,24.628700,9030.670166,20050512_205248
144,KBYX20050514_003150,29,0.125,363.50,274.676239,6.145035,-81.39,24.710923,3072.517395,20050513_203150
144,KBYX20050514_003740,35,0.203,365.67,275.561976,17.273835,-81.38,24.706902,8636.917641,20050513_203740
144,KBYX20050514_004329,41,0.240,357.38,280.956379,25.886003,-81.42,24.682635,12943.001717,20050513_204329
144,KBYX20050514_004918,47,0.357,358.84,281.863403,27.652729,-81.41,24.678527,13826.364328,20050513_204918
147,KBYX20050514_003740,35,0.189,213.52,303.554230,6.518127,-82.13,24.580291,3259.063721,20050513_203740
147,KBYX20050514_004329,41,0.180,211.16,302.019031,14.290833,-82.14,24.587187,7145.416702,20050513_204329
147,KBYX20050514_004918,47,-1.000,209.14,300.703146,22.316010,-82.15,24.593098,11158.004971,20050513_204918
147,KBYX20050514_005509,53,0.215,192.88,311.504015,27.293625,-82.23,24.544083,13646.812299,20050513_205509
147,KBYX20050514_010059,58,0.262,190.05,313.634628,27.488679,-82.25,24.534416,13744.339296,20050513_210059
141,KBYX20050514_000831,6,0.300,281.99,293.583099,4.318344,-81.79,24.625879,2159.172058,20050513_200831
141,KBYX20050514_001420,12,0.142,283.22,293.407072,11.417696,-81.79,24.626678,5708.848030,20050513_201420
146,KBYX20050514_003740,35,0.577,400.54,239.491425,43.100647,-81.21,24.869247,21550.323486,20050513_203740
146,KBYX20050514_004329,41,0.239,400.69,233.635047,53.638843,-81.21,24.895679,26819.421368,20050513_204329
146,KBYX20050514_004918,47,-1.000,400.82,228.615294,64.034439,-81.20,24.918334,32017.219553,20050513_204918
146,KBYX20050514_005509,53,0.316,403.17,276.349213,7.440262,-81.19,24.702835,3720.130920,20050513_205509
139,KBYX20050514_000242,0,0.116,210.66,306.731750,6.612549,-82.14,24.565907,3306.274414,20050513_200242
143,KBYX20050514_003150,29,0.323,284.96,293.423859,6.826569,-81.78,24.626606,3413.284302,20050513_203150
151,KBYX20050514_004329,41,0.148,450.91,282.579010,33.082092,-80.96,24.673731,16541.046143,20050513_204329
154,KBYX20050514_005509,53,0.200,69.84,119.229370,16.580097,-82.85,25.408531,8290.048599,20050513_205509
152,KBYX20050515_004019,37,0.350,212.84,302.506531,6.748215,-82.13,24.585011,3374.107361,20050514_204019
152,KBYX20050515_004608,43,0.277,208.93,302.492024,16.858885,-82.15,24.585020,8429.442436,20050514_204608
152,KBYX20050515_005159,48,0.280,206.03,299.817145,17.866397,-82.17,24.597051,8933.198712,20050514_205159
152,KBYX20050515_005747,54,0.258,192.11,303.453755,26.375401,-82.24,24.580408,13187.700504,20050514_205747
147,KBYX20050515_000520,2,0.138,415.91,304.147247,27.627762,-81.13,24.577132,13813.880920,20050514_200520
148,KBYX20050515_001111,8,0.211,362.77,270.970123,6.327866,-81.39,24.727659,3163.932800,20050514_201111
151,KBYX20050515_002839,25,0.134,388.89,260.747467,29.641800,-81.26,24.773481,14820.899963,20050514_202839
155,KBYX20050515_004608,43,0.433,396.48,231.680145,48.811966,-81.23,24.904570,24405.982971,20050514_204608
156,KBYX20050515_004608,43,0.138,294.88,278.263763,3.597580,-81.73,24.695054,1798.789978,20050514_204608
157,KBYX20050515_004608,43,0.130,393.26,292.677704,45.415833,-81.24,24.629288,22707.916260,20050514_204608
163,KBYX20050516_004823,45,0.192,397.90,293.550934,48.557556,-81.22,24.625275,24278.778076,20050515_204823
163,KBYX20050516_005413,51,0.132,395.47,294.717435,54.864004,-81.23,24.620047,27432.001979,20050515_205413
154,KBYX20050515_233725,1414,0.160,275.07,267.011963,6.376801,-81.83,24.745796,3188.400269,20050515_193725
154,KBYX20050515_234315,1420,0.224,271.38,268.023560,3.438782,-81.84,24.741213,1719.390869,20050515_194315
156,KBYX20050516_000738,4,0.274,363.22,265.194092,6.199234,-81.39,24.753727,3099.617004,20050515_200738
159,KBYX20050516_001327,10,0.117,261.20,277.041992,9.385834,-81.90,24.700449,4692.916870,20050515_201327
160,KBYX20050516_004233,39,0.234,355.29,300.328369,33.044968,-81.43,24.595210,16522.483826,20050515_204233
161,KBYX20050516_004823,45,0.380,287.26,293.265656,7.496292,-81.77,24.627326,3748.146057,20050515_204823
162,KBYX20050516_233837,1415,0.122,366.62,342.316711,6.766998,-81.37,24.405563,3383.499146,20050516_193837
162,KBYX20050516_234255,1419,0.206,369.87,342.658218,13.272568,-81.36,24.403986,6636.284021,20050516_194255
162,KBYX20050516_234715,1424,-1.000,372.82,342.968678,21.354904,-81.34,24.402550,10677.452089,20050516_194715
162,KBYX20050516_235135,1428,0.383,378.75,343.759830,20.322082,-81.32,24.398906,10161.041240,20050516_195135
162,KBYX20050516_235555,1432,0.195,366.83,357.319427,15.560135,-81.37,24.337837,7780.067444,20050516_195555
164,KBYX20050516_235135,1428,0.242,161.17,376.112427,15.641487,-82.39,24.251813,7820.743561,20050516_195135
164,KBYX20050516_235555,1432,0.198,161.15,376.243153,20.646553,-82.39,24.251222,10323.276574,20050516_195555
164,KBYX20050517_000123,-3,0.263,153.86,378.599091,15.738258,-82.42,24.240421,7869.129181,20050516_200123
164,KBYX20050517_000543,1,0.325,150.42,384.626038,11.273277,-82.44,24.213133,5636.638641,20050516_200543
171,KBYX20050517_001423,10,0.273,345.04,287.325897,11.244202,-81.48,24.653986,5622.100830,20050516_201423
171,KBYX20050517_001843,14,-1.000,345.04,287.325897,17.604202,-81.48,24.653986,8802.100830,20050516_201843
171,KBYX20050517_002302,19,0.281,356.73,281.659072,18.690714,-81.42,24.679469,9345.357002,20050516_202302
179,KBYX20050517_005738,53,0.751,495.93,424.855743,33.242599,-80.74,24.030251,16621.299744,20050516_205738
179,KBYX20050517_010159,57,0.211,495.86,426.940819,39.836373,-80.74,24.020841,19918.186376,20050516_210159
160,KBYX20050516_233418,1411,0.250,390.67,329.785828,25.832417,-81.26,24.461822,12916.208267,20050516_193418
169,KBYX20050517_000123,-3,0.116,338.92,291.002899,6.358932,-81.51,24.637430,3179.466248,20050516_200123
172,KBYX20050517_001843,14,0.175,344.45,357.179382,3.477615,-81.48,24.338670,1738.807678,20050516_201843
173,KBYX20050517_001843,14,0.103,553.02,408.783813,44.743721,-80.46,24.100746,22371.860504,20050516_201843
175,KBYX20050517_003141,27,0.178,288.36,297.753113,3.244583,-81.76,24.607071,1622.291565,20050516_203141
177,KBYX20050517_003601,32,0.112,339.98,280.860229,6.255249,-81.51,24.683207,3127.624512,20050516_203601
178,KBYX20050517_004019,36,0.167,365.26,278.686584,11.043427,-81.38,24.692802,5521.713257,20050516_204019
178,KBYX20050518_003129,27,0.505,396.58,492.620850,45.894600,-81.23,23.726661,22947.299957,20050517_203129
178,KBYX20050518_003549,31,0.646,396.53,494.219644,50.983310,-81.23,23.719444,25491.654874,20050517_203549
178,KBYX20050518_004008,36,0.666,395.86,501.526955,51.900653,-81.23,23.686466,25950.326339,20050517_204008
178,KBYX20050518_004428,40,0.349,401.42,504.276069,51.314017,-81.21,23.673968,25657.008345,20050517_204428
178,KBYX20050518_004848,44,0.431,402.06,504.780273,52.434870,-81.20,23.671682,26217.435102,20050517_204848
178,KBYX20050518_005307,49,0.399,402.51,505.467772,51.258011,-81.20,23.668571,25629.005664,20050517_205307
178,KBYX20050518_005727,53,-1.000,403.26,506.303778,50.790598,-81.20,23.664784,25395.299072,20050517_205727
178,KBYX20050518_010148,57,0.216,397.58,510.468367,49.562890,-81.23,23.646074,24781.445129,20050517_210148
173,KBYX20050518_000950,5,0.244,409.26,506.414062,66.576645,-81.17,23.664185,33288.322449,20050517_200950
173,KBYX20050518_001410,10,0.337,411.29,504.028165,71.163531,-81.16,23.674921,35581.765558,20050517_201410
173,KBYX20050518_001829,14,0.493,410.70,498.937439,60.042450,-81.16,23.697913,30021.224976,20050517_201829
173,KBYX20050518_002249,18,0.509,411.28,499.077562,63.736151,-81.16,23.697270,31868.075344,20050517_202249
173,KBYX20050518_002709,23,0.744,404.68,497.255615,55.500477,-81.19,23.705608,27750.238419,20050517_202709
171,KBYX20050517_233831,1414,0.175,543.22,89.055817,42.132378,-80.49,25.544195,21066.188812,20050517_193831
176,KBYX20050518_002249,18,0.164,270.30,294.707764,10.039368,-81.85,24.620758,5019.683838,20050517_202249
179,KBYX20050518_003549,31,0.167,310.90,285.312378,6.522614,-81.65,24.663230,3261.306763,20050517_203549
180,KBYX20050518_004008,36,0.229,271.06,294.905029,10.642365,-81.85,24.619871,5321.182251,20050517_204008
181,KBYX20050518_004848,44,0.360,172.14,229.918701,20.263771,-82.34,24.911947,10131.885529,20050517_204848
182,KBYX20050518_004848,44,0.269,418.51,252.173462,23.868652,-81.12,24.811683,11934.326172,20050517_204848
183,KBYX20050518_005727,53,0.155,409.84,92.396729,6.626541,-81.16,25.533003,3313.270569,20050517_205727
183,KBYX20050519_001335,8,0.526,120.36,395.737244,43.232391,-82.59,24.162182,21616.195679,20050518_201335
183,KBYX20050519_001753,12,0.358,122.38,395.070226,49.077193,-82.58,24.165251,24538.596484,20050518_201753
183,KBYX20050519_002212,17,0.154,132.63,393.095298,52.910797,-82.53,24.174450,26455.398415,20050518_202212
183,KBYX20050519_002632,21,0.198,128.95,393.577551,50.297540,-82.54,24.172173,25148.770139,20050518_202632
183,KBYX20050519_003053,25,-1.000,129.54,393.311273,50.187966,-82.54,24.173391,25093.982771,20050518_203053
183,KBYX20050519_003512,30,-1.000,130.29,392.978425,50.050997,-82.54,24.174914,25025.498562,20050518_203512
183,KBYX20050519_003932,34,-1.000,130.89,392.712146,49.941422,-82.54,24.176132,24970.711194,20050518_203932
183,KBYX20050519_004351,38,0.556,117.93,402.593190,46.006178,-82.60,24.131164,23003.088811,20050518_204351
183,KBYX20050519_004812,43,0.349,113.56,406.002771,47.502766,-82.62,24.115644,23751.383017,20050518_204812
183,KBYX20050519_005231,47,0.814,105.83,408.351767,43.852425,-82.66,24.104805,21926.212538,20050518_205231
183,KBYX20050519_005652,51,0.154,104.33,407.579108,46.471033,-82.67,24.108246,23235.516621,20050518_205652
183,KBYX20050519_010111,56,0.210,104.52,413.668492,50.753865,-82.66,24.080764,25376.932522,20050518_210111
180,KBYX20050519_000455,-1,0.345,117.47,410.784668,10.143227,-82.60,24.094174,5071.613312,20050518_200455
180,KBYX20050519_000915,4,-1.000,117.47,410.784668,18.093227,-82.60,24.094174,9046.613312,20050518_200915
180,KBYX20050519_001335,8,-1.000,117.47,410.784668,24.453227,-82.60,24.094174,12226.613312,20050518_201335
180,KBYX20050519_001753,12,-1.000,117.47,410.784668,30.813227,-82.60,24.094174,15406.613312,20050518_201753
180,KBYX20050519_002212,17,-1.000,117.47,410.784668,38.763227,-82.60,24.094174,19381.613312,20050518_202212
180,KBYX20050519_002632,21,-1.000,117.47,410.784668,45.123227,-82.60,24.094174,22561.613312,20050518_202632
180,KBYX20050519_003053,25,0.299,113.65,402.352370,41.786445,-82.62,24.132125,20893.222389,20050518_203053
180,KBYX20050519_003512,30,0.401,114.45,402.983078,41.093484,-82.62,24.129302,20546.741989,20050518_203512
180,KBYX20050519_003932,34,0.517,114.30,402.100399,43.317728,-82.62,24.133281,21658.864166,20050518_203932
189,KBYX20050519_001753,12,0.155,507.34,369.930664,87.288185,-80.68,24.277810,43644.092560,20050518_201753
189,KBYX20050519_002212,17,0.252,509.56,369.749055,91.844633,-80.67,24.278556,45922.316687,20050518_202212
189,KBYX20050519_002632,21,0.432,505.32,378.490242,87.978939,-80.69,24.239240,43989.469301,20050518_202632
194,KBYX20050519_005652,51,0.122,539.64,526.758911,29.135292,-80.53,23.568733,14567.646027,20050518_205652
194,KBYX20050519_010111,56,0.100,539.21,527.774065,34.635929,-80.53,23.564167,17317.964338,20050518_210111
181,KBYX20050519_000455,-1,0.221,261.30,167.501068,64.717117,-81.90,25.194891,32358.558655,20050518_200455
182,KBYX20050519_000455,-1,0.100,304.73,501.862244,76.899490,-81.68,23.685681,38449.745178,20050518_200455
182,KBYX20050519_000915,4,-1.000,304.73,501.862244,84.849490,-81.68,23.685681,42424.745178,20050518_200915
182,KBYX20050519_001335,8,0.124,287.78,488.295532,66.368416,-81.76,23.746918,33184.207916,20050518_201335
185,KBYX20050519_001335,8,0.136,175.77,109.330200,4.062431,-82.32,25.456299,2031.215668,20050518_201335
191,KBYX20050519_002632,21,0.120,272.79,197.033539,43.977417,-81.84,25.061654,21988.708496,20050518_202632
192,KBYX20050519_003512,30,0.127,553.05,523.775818,32.341194,-80.46,23.581676,16170.597076,20050518_203512
193,KBYX20050519_005652,51,0.149,514.85,379.400848,89.363159,-80.65,24.234808,44681.579590,20050518_205652
195,KBYX20050519_005652,51,0.119,258.31,239.773682,23.474979,-81.91,24.868654,11737.489700,20050518_205652
200,KBYX20050520_000759,2,0.159,392.35,264.413330,21.755630,-81.25,24.756883,10877.815247,20050519_200759
200,KBYX20050520_001315,8,0.857,383.05,270.495407,28.525613,-81.29,24.729562,14262.806662,20050519_201315
200,KBYX20050520_001830,13,-1.000,376.40,274.839747,34.497030,-81.33,24.710038,17248.514816,20050519_201830
200,KBYX20050520_002346,18,-1.000,369.76,279.184088,40.468446,-81.36,24.690507,20234.222970,20050519_202346
200,KBYX20050520_002902,24,0.149,388.49,295.220112,37.852517,-81.27,24.617882,18926.258388,20050519_202902
200,KBYX20050520_003418,29,-1.000,392.14,303.737426,40.052412,-81.25,24.579382,20026.205831,20050519_203418
200,KBYX20050520_003933,34,0.369,387.97,287.521615,36.541913,-81.27,24.652640,18270.956649,20050519_203933
200,KBYX20050520_004449,39,0.594,383.27,283.307720,35.257575,-81.29,24.671726,17628.787359,20050519_204449
200,KBYX20050520_005004,45,0.368,384.90,284.417571,38.318200,-81.28,24.666694,19159.099988,20050519_205004
200,KBYX20050520_005520,50,0.186,377.72,283.333841,36.002104,-81.32,24.671681,18001.052032,20050519_205520
192,KBYX20050519_233627,1411,0.326,562.17,393.284149,38.362549,-80.41,24.170329,19181.274414,20050519_193627
192,KBYX20050519_234142,1416,0.573,562.33,394.330100,43.179381,-80.41,24.165602,21589.690739,20050519_194142
192,KBYX20050519_234657,1421,0.507,562.02,398.187462,41.726962,-80.41,24.148204,20863.480782,20050519_194657
192,KBYX20050519_235214,1427,0.224,560.47,401.278067,39.912550,-80.42,24.134319,19956.274814,20050519_195214
192,KBYX20050519_235729,1432,0.650,560.75,401.725356,39.219950,-80.42,24.132288,19609.974840,20050519_195729
192,KBYX20050520_000245,-3,-1.000,611.66,46.805693,287.190576,-80.15,25.731718,143595.287789,20050519_200245
192,KBYX20050520_000759,2,0.185,560.35,391.644928,33.910904,-80.42,24.177805,16955.451965,20050519_200759
192,KBYX20050520_001315,8,-1.000,560.35,391.644928,43.450904,-80.42,24.177805,21725.451965,20050519_201315
192,KBYX20050520_001830,13,0.524,552.62,405.602670,47.133063,-80.46,24.115121,23566.531256,20050519_201830
192,KBYX20050520_002346,18,0.722,551.24,412.489759,46.026165,-80.47,24.084090,23013.082653,20050519_202346
192,KBYX20050520_002902,24,0.665,550.55,414.453241,45.275675,-80.47,24.075255,22637.837591,20050519_202902
192,KBYX20050520_003418,29,0.580,547.21,429.580615,53.627215,-80.49,24.007105,26813.607322,20050519_203418
192,KBYX20050520_003933,34,0.575,553.86,405.580231,45.655693,-80.45,24.115172,22827.846527,20050519_203933
192,KBYX20050520_004449,39,0.593,552.34,408.967189,51.862052,-80.46,24.099945,25931.026177,20050519_204449
192,KBYX20050520_005004,45,0.342,544.57,412.795764,51.389120,-80.50,24.082973,25694.559823,20050519_205004
192,KBYX20050520_005520,50,0.603,549.33,411.780548,43.928925,-80.48,24.087368,21964.462280,20050519_205520
192,KBYX20050520_010035,55,0.620,548.92,410.936945,49.400033,-80.48,24.091192,24700.016585,20050519_210035
203,KBYX20050520_001315,8,0.146,147.35,476.109802,7.164890,-82.45,23.800086,3582.445145,20050519_201315
203,KBYX20050520_001830,13,0.455,147.14,477.593274,13.711056,-82.45,23.793384,6855.527808,20050519_201830
203,KBYX20050520_002346,18,0.241,144.94,480.756030,14.893343,-82.46,23.779053,7446.671561,20050519_202346
203,KBYX20050520_002902,24,-1.000,142.81,484.067738,17.698050,-82.47,23.764050,8849.024842,20050519_202902
203,KBYX20050520_003418,29,-1.000,141.03,486.827495,20.035305,-82.48,23.751546,10017.652576,20050519_203418
203,KBYX20050520_003933,34,-1.000,139.25,489.587252,22.372561,-82.49,23.739043,11186.280310,20050519_203933
203,KBYX20050520_004449,39,-1.000,137.47,492.347009,24.709816,-82.50,23.726539,12354.908045,20050519_204449
203,KBYX20050520_005004,45,0.505,141.60,510.924185,23.641650,-82.48,23.642780,11820.824819,20050519_205004
203,KBYX20050520_005520,50,0.141,153.31,522.556024,31.111970,-82.42,23.590553,15555.984997,20050519_205520
191,KBYX20050519_233627,1411,0.682,410.05,284.444031,56.123993,-81.16,24.666177,28061.996460,20050519_193627
191,KBYX20050519_234142,1416,0.488,409.28,284.828333,60.357921,-81.16,24.664456,30178.960449,20050519_194142
191,KBYX20050519_234657,1421,-1.000,408.66,285.138253,65.311089,-81.17,24.663068,32655.544312,20050519_194657
191,KBYX20050519_235214,1427,0.888,393.33,277.955841,43.254837,-81.24,24.695740,21627.418518,20050519_195214
191,KBYX20050519_235729,1432,0.193,392.22,279.700991,49.344637,-81.25,24.687879,24672.318438,20050519_195729
195,KBYX20050520_000245,-3,0.633,556.60,403.566772,43.206131,-80.44,24.124148,21603.065491,20050519_200245
195,KBYX20050520_000759,2,-1.000,556.60,403.566772,51.156131,-80.44,24.124148,25578.065491,20050519_200759
195,KBYX20050520_001315,8,0.580,551.55,415.799009,52.371166,-80.47,24.069140,26185.583004,20050519_201315
202,KBYX20050520_001315,8,0.232,51.19,216.855347,26.828194,-82.94,24.967194,13414.096832,20050519_201315
202,KBYX20050520_001830,13,0.442,49.65,217.794424,33.347055,-82.94,24.962893,16673.527315,20050519_201830
220,KBYX20050520_005004,45,0.186,33.89,238.064728,34.207870,-83.02,24.870745,17103.935242,20050519_205004
220,KBYX20050520_005520,50,0.190,34.07,239.021291,40.676316,-83.02,24.866435,20338.158221,20050519_205520
193,KBYX20050519_234657,1421,0.654,401.29,285.367920,48.729202,-81.20,24.662157,24364.601135,20050519_194657
197,KBYX20050520_000759,2,0.878,60.38,214.782471,32.108513,-82.89,24.976916,16054.256439,20050519_200759
213,KBYX20050520_003418,29,0.179,415.37,314.422455,60.175961,-81.13,24.530761,30087.980270,20050519_203418
211,KBYX20050521_004444,38,0.584,500.10,295.280304,68.770081,-80.72,24.615002,34385.040283,20050520_204444
211,KBYX20050521_005000,44,0.768,498.76,296.301754,70.862428,-80.72,24.610435,35431.214051,20050520_205000
211,KBYX20050521_005516,49,0.280,502.57,297.507373,69.351351,-80.70,24.604869,34675.675562,20050520_205516
211,KBYX20050521_010032,54,0.325,492.97,299.417175,69.610641,-80.75,24.596556,34805.320482,20050520_210032
207,KBYX20050521_003412,28,0.506,522.08,320.722351,39.007084,-80.61,24.499414,19503.541946,20050520_203412
207,KBYX20050521_003928,33,0.271,521.43,321.403743,44.443381,-80.61,24.496362,22221.690331,20050520_203928
209,KBYX20050521_003412,28,0.352,468.10,382.370972,38.643536,-80.88,24.222840,19321.767807,20050520_203412
209,KBYX20050521_003928,33,0.503,468.59,380.206157,42.997752,-80.87,24.232598,21498.875837,20050520_203928
209,KBYX20050521_004444,38,-1.000,468.99,378.460338,48.047926,-80.87,24.240468,24023.962958,20050520_204444
209,KBYX20050521_005000,44,0.355,461.82,382.600830,40.291939,-80.91,24.221969,20145.969391,20050520_205000
201,KBYX20050520_234135,1416,0.178,504.43,332.516876,20.486603,-80.70,24.446785,10243.301392,20050520_194135
202,KBYX20050520_235206,1427,0.280,198.61,516.642761,7.373428,-82.20,23.618140,3686.714172,20050520_195206
203,KBYX20050521_000753,1,0.659,253.87,500.292725,46.115322,-81.93,23.692599,23057.661057,20050520_200753
203,KBYX20050521_001309,7,-1.000,253.87,500.292725,55.655322,-81.93,23.692599,27827.661057,20050520_201309
203,KBYX20050521_001825,12,0.151,246.80,502.304474,46.400475,-81.96,23.683461,23200.237274,20050520_201825
204,KBYX20050521_001309,7,0.314,472.13,369.187439,27.311943,-80.86,24.282239,13655.971527,20050520_201309
206,KBYX20050521_002341,17,0.156,543.27,421.690796,28.535339,-80.51,24.042873,14267.669678,20050520_202341
210,KBYX20050521_003928,33,0.167,317.98,268.915497,6.431824,-81.61,24.737227,3215.911865,20050520_203928
212,KBYX20050521_004444,38,0.182,366.05,280.001923,20.251709,-81.38,24.686857,10125.854492,20050520_204444
215,KBYX20050521_005000,44,0.102,545.17,424.322296,30.052841,-80.50,24.030921,15026.420593,20050520_205000
217,KBYX20050521_005516,49,0.139,337.02,287.156006,14.929077,-81.52,24.654806,7464.538574,20050520_205516
223,KBYX20050522_004228,36,0.250,337.45,288.591003,3.488708,-81.52,24.648326,1744.354248,20050521_204228
223,KBYX20050522_004648,40,0.107,337.53,288.464432,8.612481,-81.52,24.648897,4306.240732,20050521_204648
223,KBYX20050522_005108,45,0.208,340.79,287.083818,12.030193,-81.50,24.655108,6015.096748,20050521_205108
223,KBYX20050522_005528,49,0.108,334.14,286.649841,9.671173,-81.53,24.657108,4835.586548,20050521_205528
230,KBYX20050522_005108,45,0.362,214.24,296.052063,10.723076,-82.13,24.614165,5361.537933,20050521_205108
230,KBYX20050522_005528,49,0.188,213.59,297.635116,16.286897,-82.13,24.607011,8143.448573,20050521_205528
230,KBYX20050522_005948,53,0.157,211.04,293.059146,22.160901,-82.14,24.627630,11080.450559,20050521_205948
222,KBYX20050522_003349,27,0.296,358.90,192.583679,35.591904,-81.41,25.081516,17795.951843,20050521_203349
222,KBYX20050522_003809,32,0.247,360.32,192.037642,41.151340,-81.40,25.083967,20575.669798,20050521_203809
234,KBYX20050522_005528,49,0.180,260.75,303.915802,11.030491,-81.90,24.579139,5515.245438,20050521_205528
234,KBYX20050522_005948,53,0.194,261.01,303.484842,15.955684,-81.90,24.581086,7977.841964,20050521_205948
213,KBYX20050521_234150,1415,0.339,295.24,180.656403,34.953033,-81.73,25.135634,17476.516724,20050521_194150
214,KBYX20050522_000330,-3,0.119,301.36,202.131409,27.931030,-81.70,25.038704,13965.515137,20050521_200330
216,KBYX20050522_000749,1,0.106,383.27,197.913849,32.953430,-81.29,25.057174,16476.715088,20050521_200749
217,KBYX20050522_001209,6,0.104,334.55,287.463928,3.272751,-81.53,24.653431,1636.375427,20050521_201209
218,KBYX20050522_001629,10,0.110,400.63,274.979340,6.497650,-81.21,24.709060,3248.825073,20050521_201629
219,KBYX20050522_002929,23,0.344,370.58,282.391937,6.333084,-81.35,24.676018,3166.542053,20050521_202929
221,KBYX20050522_002929,23,0.130,333.33,287.344543,10.354721,-81.54,24.653976,5177.360535,20050521_202929
224,KBYX20050522_004228,36,0.187,372.28,280.389771,11.183823,-81.35,24.685036,5591.911316,20050521_204228
225,KBYX20050522_004228,36,0.147,158.36,394.527771,23.940315,-82.40,24.168621,11970.157623,20050521_204228
228,KBYX20050522_004648,40,0.282,115.84,178.700043,25.324123,-82.62,25.141690,12662.061691,20050521_204648
233,KBYX20050522_005528,49,0.201,184.67,221.511230,58.871986,-82.27,24.950144,29435.993195,20050521_205528
236,KBYX20050522_005528,49,0.105,459.94,288.936584,36.557617,-80.91,24.644807,18278.808594,20050521_205528
255,KBYX20050523_005147,44,0.108,220.82,313.513245,16.657051,-82.09,24.535434,8328.525543,20050522_205147
255,KBYX20050523_005608,49,0.156,221.07,313.818929,23.567026,-82.09,24.534058,11783.513119,20050522_205608
255,KBYX20050523_010027,53,0.194,227.33,310.822648,25.891802,-82.06,24.547660,12945.901083,20050522_210027
255,KBYX20050523_010447,57,0.289,233.38,306.101714,26.075148,-82.03,24.569038,13037.573856,20050522_210447
249,KBYX20050523_004728,40,0.383,336.16,287.228821,3.545380,-81.52,24.654483,1772.689819,20050522_204728
249,KBYX20050523_005147,44,-1.000,336.16,287.228821,9.905380,-81.52,24.654483,4952.689819,20050522_205147
249,KBYX20050523_005608,49,0.178,335.50,286.214724,12.200728,-81.53,24.659064,6100.363899,20050522_205608
249,KBYX20050523_010027,53,-1.000,335.09,285.579160,15.016799,-81.53,24.661935,7508.399266,20050522_210027
249,KBYX20050523_010447,57,0.128,327.71,285.745550,14.643193,-81.57,24.661222,7321.596273,20050522_210447
229,KBYX20050522_233811,1412,0.248,400.13,512.191406,72.773117,-81.21,23.638255,36386.558533,20050522_193811
229,KBYX20050522_234231,1416,-1.000,400.13,512.191406,79.133117,-81.21,23.638255,39566.558533,20050522_194231
229,KBYX20050522_234651,1420,0.136,401.64,518.541470,80.411661,-81.21,23.609564,40205.830440,20050522_194651
231,KBYX20050522_234231,1416,0.278,476.51,384.782043,41.026123,-80.83,24.211723,20513.061523,20050522_194231
231,KBYX20050522_234651,1420,0.181,476.88,385.713119,46.036221,-80.83,24.207510,23018.110273,20050522_194651
230,KBYX20050522_233811,1412,0.107,383.00,262.550934,3.157440,-81.29,24.765423,1578.720093,20050522_193811
230,KBYX20050522_234231,1416,-1.000,383.00,262.550934,9.517440,-81.29,24.765423,4758.720093,20050522_194231
230,KBYX20050522_234651,1420,0.381,380.54,263.707855,6.396652,-81.31,24.760233,3198.326111,20050522_194651
234,KBYX20050522_234651,1420,0.282,409.33,249.698456,31.737198,-81.16,24.823025,15868.598938,20050522_194651
235,KBYX20050522_235110,1425,0.590,288.87,295.782745,3.505829,-81.76,24.615967,1752.914429,20050522_195110
238,KBYX20050522_235110,1425,0.106,336.37,287.590057,3.256699,-81.52,24.652851,1628.349304,20050522_195110
239,KBYX20050522_235950,1433,0.123,319.76,522.413818,52.006104,-81.61,23.592871,26003.051758,20050522_195950
240,KBYX20050523_000410,-3,0.358,491.64,563.137268,12.965082,-80.77,23.406149,6482.541084,20050522_200410
242,KBYX20050523_001709,10,0.471,337.77,518.071106,39.303070,-81.52,23.612394,19651.535034,20050522_201709
243,KBYX20050523_003009,23,0.155,371.25,281.478119,6.575577,-81.35,24.680135,3287.788391,20050522_203009
245,KBYX20050523_003009,23,0.110,402.09,507.694519,37.828957,-81.20,23.658525,18914.478302,20050522_203009
246,KBYX20050523_003848,31,0.556,304.32,52.578796,22.227524,-81.68,25.713710,11113.761902,20050522_203848
247,KBYX20050523_003848,31,0.110,368.61,115.755676,38.227867,-81.36,25.428182,19113.933563,20050522_203848
248,KBYX20050523_003848,31,0.106,222.95,510.480042,46.616077,-82.08,23.646306,23308.038712,20050522_203848
258,KBYX20050523_005608,49,0.165,388.74,281.164795,25.635590,-81.26,24.681323,12817.794800,20050522_205608
259,KBYX20050523_010027,53,0.300,289.28,296.181122,3.043930,-81.76,24.614169,1521.965027,20050522_210027
256,KBYX20050524_002629,19,0.129,326.32,348.852936,10.528545,-81.57,24.376360,5264.272690,20050523_202629
256,KBYX20050524_003145,24,0.514,328.13,349.468083,15.583804,-81.56,24.373575,7791.901963,20050523_203145
256,KBYX20050524_003701,30,0.733,315.77,347.104718,20.797864,-81.63,24.384287,10398.932210,20050523_203701
256,KBYX20050524_004217,35,0.269,313.90,345.306051,23.722157,-81.63,24.392411,11861.078422,20050523_204217
256,KBYX20050524_004733,40,0.452,317.59,344.327618,23.269014,-81.62,24.396818,11634.506971,20050523_204733
256,KBYX20050524_005249,45,-1.000,319.05,343.104158,24.004696,-81.61,24.402337,12002.348160,20050523_205249
256,KBYX20050524_005804,51,-1.000,320.80,341.636006,24.887515,-81.60,24.408959,12443.757586,20050523_205804
256,KBYX20050524_010320,56,0.118,326.91,345.040726,24.041662,-81.57,24.393566,12020.831048,20050523_210320
247,KBYX20050523_233906,1412,0.226,504.26,421.997314,89.613846,-80.70,24.042887,44806.922913,20050523_193906
247,KBYX20050523_234421,1417,0.127,503.99,420.809271,94.854541,-80.70,24.048259,47427.270557,20050523_194421
247,KBYX20050523_234938,1422,0.115,499.03,420.908308,91.664984,-80.72,24.047972,45832.491936,20050523_194938
249,KBYX20050523_234421,1417,0.118,431.99,562.529114,20.275534,-81.06,23.410420,10137.766838,20050523_194421
249,KBYX20050523_234938,1422,0.267,432.38,562.470452,25.631228,-81.06,23.410676,12815.614048,20050523_194938
264,KBYX20050524_005249,45,0.201,217.40,434.570435,44.405949,-82.11,23.988922,22202.974319,20050523_205249
264,KBYX20050524_005804,51,0.288,220.39,438.061619,54.278039,-82.09,23.973200,27139.019448,20050523_205804
266,KBYX20050524_005804,51,0.104,286.26,161.749237,68.844986,-81.77,25.220960,34422.492981,20050523_205804
266,KBYX20050524_010320,56,0.310,284.02,162.264830,74.269588,-81.78,25.218627,37134.794136,20050523_210320
248,KBYX20050523_233906,1412,0.154,233.35,269.329437,26.555981,-82.03,24.735025,13277.990341,20050523_193906
250,KBYX20050523_234938,1422,0.127,156.55,272.725220,11.842590,-82.41,24.718387,5921.295166,20050523_194938
251,KBYX20050524_000010,-7,0.211,367.82,169.319183,31.236313,-81.37,25.186431,15618.156433,20050523_200010
252,KBYX20050524_001042,3,0.171,425.82,236.545013,48.726105,-81.08,24.882080,24363.052368,20050523_201042
253,KBYX20050524_001042,3,0.163,171.23,271.318115,12.171516,-82.34,24.725063,6085.758209,20050523_201042
254,KBYX20050524_002629,19,0.278,369.41,336.280243,10.864853,-81.36,24.432781,5432.426453,20050523_202629
255,KBYX20050524_002629,19,0.152,181.25,270.433624,11.667442,-82.29,24.729256,5833.721161,20050523_202629
257,KBYX20050524_003145,24,0.162,516.16,425.911987,80.851326,-80.64,24.024816,40425.662994,20050523_203145
260,KBYX20050524_004217,35,0.115,438.52,237.956909,46.110733,-81.02,24.875434,23055.366516,20050523_204217
261,KBYX20050524_004217,35,0.101,358.25,265.468933,17.739578,-81.42,24.752535,8869.789124,20050523_204217
262,KBYX20050524_004733,40,0.149,361.49,203.595673,7.101593,-81.40,25.031786,3550.796509,20050523_204733
263,KBYX20050524_005249,45,0.631,398.16,332.347839,31.481812,-81.22,24.450143,15740.905762,20050523_205249
289,KBYX20050525_001803,10,0.113,164.27,317.639557,15.243530,-82.37,24.515826,7621.765137,20050524_201803
289,KBYX20050525_002352,15,-1.000,164.27,317.639557,23.193530,-82.37,24.515826,11596.765137,20050524_202352
289,KBYX20050525_002942,21,0.787,151.27,322.615305,33.575161,-82.44,24.493067,16787.580595,20050524_202942
289,KBYX20050525_003532,27,0.775,153.21,325.782272,35.052075,-82.43,24.478818,17526.037656,20050524_203532
289,KBYX20050525_004122,33,0.897,156.72,326.983162,34.909688,-82.41,24.473480,17454.843917,20050524_204122
289,KBYX20050525_004710,39,0.430,158.22,330.397737,37.246643,-82.40,24.458101,18623.321461,20050524_204710
289,KBYX20050525_005300,45,0.509,162.60,332.734358,35.990408,-82.38,24.447653,17995.204037,20050524_205300
289,KBYX20050525_005850,50,0.722,160.92,334.679043,36.871341,-82.39,24.438837,18435.670256,20050524_205850
289,KBYX20050525_010548,57,0.856,164.95,336.724562,37.746386,-82.37,24.429693,18873.193029,20050524_210548
288,KBYX20050525_001213,4,0.171,215.02,123.640839,15.094322,-82.13,25.392386,7547.161102,20050524_201213
288,KBYX20050525_001803,10,0.876,215.46,127.736093,18.882094,-82.12,25.373908,9441.047037,20050524_201803
288,KBYX20050525_002352,15,-1.000,215.78,130.661274,22.723360,-82.12,25.360710,11361.679847,20050524_202352
288,KBYX20050525_002942,21,0.470,217.49,145.214059,28.844062,-82.11,25.295049,14422.031047,20050524_202942
288,KBYX20050525_003532,27,0.209,227.20,149.623874,29.670775,-82.06,25.275269,14835.387690,20050524_203532
288,KBYX20050525_004122,33,0.348,230.03,150.529620,29.355021,-82.05,25.271214,14677.510472,20050524_204122
288,KBYX20050525_004710,39,0.290,232.93,149.347137,28.105609,-82.04,25.276584,14052.804487,20050524_204710
288,KBYX20050525_005300,45,0.152,236.75,150.014790,26.250795,-82.02,25.273612,13125.397746,20050524_205300
286,KBYX20050525_001213,4,0.209,333.23,164.826508,9.045731,-81.54,25.206995,4522.865295,20050524_201213
286,KBYX20050525_001803,10,-1.000,333.23,164.826508,18.585731,-81.54,25.206995,9292.865295,20050524_201803
286,KBYX20050525_002352,15,0.277,339.50,167.905702,21.356756,-81.51,25.193060,10678.377830,20050524_202352
286,KBYX20050525_002942,21,0.594,345.12,169.338042,20.816861,-81.48,25.186556,10408.430628,20050524_202942
286,KBYX20050525_003532,27,0.203,350.47,172.478832,20.455660,-81.45,25.172338,10227.829886,20050524_203532
286,KBYX20050525_004122,33,-1.000,355.86,175.321606,20.381260,-81.43,25.159459,10190.630179,20050524_204122
286,KBYX20050525_004710,39,-1.000,361.25,178.164380,20.306861,-81.40,25.146577,10153.430471,20050524_204710
286,KBYX20050525_005300,45,-1.000,366.64,181.007154,20.232462,-81.37,25.133689,10116.230763,20050524_205300
286,KBYX20050525_005850,50,0.168,360.41,169.637420,27.428457,-81.40,25.185072,13714.228601,20050524_205850
264,KBYX20050524_234306,1416,0.729,241.50,234.002380,13.815742,-81.99,24.894567,6907.871246,20050524_194306
264,KBYX20050524_234854,1421,0.898,242.73,235.173524,16.074074,-81.99,24.889293,8037.037089,20050524_194854
264,KBYX20050524_235444,1427,0.682,246.20,232.196343,20.204054,-81.97,24.902763,10102.026916,20050524_195444
264,KBYX20050525_000035,-8,0.615,253.35,240.431488,11.070591,-81.93,24.865649,5535.295486,20050524_200035
264,KBYX20050525_000623,-2,0.675,254.37,242.154699,15.085373,-81.93,24.857879,7542.686333,20050524_200623
264,KBYX20050525_001213,4,0.202,258.03,246.400177,10.717224,-81.91,24.838741,5358.612061,20050524_201213
265,KBYX20050524_234306,1416,0.705,313.73,148.829803,13.494736,-81.64,25.279273,6747.367859,20050524_194306
265,KBYX20050524_234854,1421,0.934,316.40,153.130641,17.470151,-81.62,25.259854,8735.075582,20050524_194854
265,KBYX20050524_235444,1427,0.966,322.43,155.121698,17.286551,-81.59,25.250848,8643.275343,20050524_195444
265,KBYX20050525_000035,-8,0.234,312.30,156.369904,28.031998,-81.64,25.245243,14015.998840,20050524_200035
301,KBYX20050525_005300,45,0.288,519.70,452.427551,83.087662,-80.62,23.905001,41543.830872,20050524_205300
301,KBYX20050525_005850,50,0.339,518.91,452.177392,88.960346,-80.63,23.906158,44480.173242,20050524_205850
301,KBYX20050525_010548,57,0.445,518.29,461.358238,86.328276,-80.63,23.864737,43164.138142,20050524_210548
270,KBYX20050524_234306,1416,0.143,555.75,445.532532,38.949951,-80.45,23.934757,19474.975586,20050524_194306
270,KBYX20050524_234854,1421,0.635,555.62,442.674823,41.649353,-80.45,23.947661,20824.676332,20050524_194854
271,KBYX20050524_234306,1416,0.130,128.71,306.175873,31.890030,-82.55,24.566688,15945.014954,20050524_194306
271,KBYX20050524_234854,1421,0.203,128.77,306.056711,37.103305,-82.55,24.567228,18551.652546,20050524_194854
271,KBYX20050524_235444,1427,-1.000,128.84,305.941394,43.994862,-82.55,24.567750,21997.430862,20050524_195444
271,KBYX20050525_000035,-8,0.183,137.04,314.983337,32.464813,-82.51,24.527159,16232.406616,20050524_200035
271,KBYX20050525_000623,-2,0.497,138.59,315.491313,37.139482,-82.50,24.524906,18569.740894,20050524_200623
280,KBYX20050525_000035,-8,0.210,197.96,128.852905,23.756851,-82.21,25.368599,11878.425598,20050524_200035
280,KBYX20050525_000623,-2,0.184,199.30,129.691824,30.322716,-82.20,25.364835,15161.357846,20050524_200623
266,KBYX20050524_234306,1416,0.304,546.36,490.591248,29.667542,-80.50,23.731739,14833.770752,20050524_194306
272,KBYX20050524_234854,1421,0.549,390.76,361.013611,11.278122,-81.26,24.320858,5639.060974,20050524_194854
275,KBYX20050524_235444,1427,0.209,193.39,128.026520,23.538475,-82.23,25.372250,11769.237518,20050524_195444
277,KBYX20050524_235444,1427,0.139,245.01,320.429474,6.537407,-81.97,24.504477,3268.703461,20050524_195444
290,KBYX20050525_002352,15,0.967,148.01,320.395447,32.808941,-82.45,24.503008,16404.470444,20050524_202352
292,KBYX20050525_002352,15,0.298,453.36,214.108459,12.053879,-80.94,24.982724,6026.939392,20050524_202352
296,KBYX20050525_003532,27,0.119,272.85,252.721741,10.136002,-81.84,24.810290,5068.000793,20050524_203532
299,KBYX20050525_004710,39,0.118,506.31,455.908478,96.480247,-80.69,23.889743,48240.123749,20050524_204710
304,KBYX20050525_005850,50,0.288,370.96,431.664978,12.153137,-81.35,24.002181,6076.568604,20050524_205850
282,KBYX20050525_234158,1413,0.858,242.49,293.023621,15.306404,-81.99,24.628163,7653.202057,20050525_194158
282,KBYX20050525_234749,1419,0.775,245.87,293.992421,18.577790,-81.97,24.623821,9288.894983,20050525_194749
282,KBYX20050525_235340,1425,0.948,252.78,294.753174,15.399944,-81.94,24.620443,7699.972153,20050525_195340
282,KBYX20050525_235929,1431,0.557,251.94,293.353767,22.105682,-81.94,24.626754,11052.841214,20050525_195929
282,KBYX20050526_000519,-3,0.759,258.42,293.592102,15.358383,-81.91,24.625725,7679.191589,20050525_200519
282,KBYX20050526_001109,3,-1.000,258.42,293.592102,24.898383,-81.91,24.625725,12449.191589,20050525_201109
282,KBYX20050526_001700,9,0.312,262.74,299.284576,14.836761,-81.89,24.600057,7418.380737,20050525_201700
285,KBYX20050525_234158,1413,0.108,208.49,303.931122,3.168587,-82.16,24.578517,1584.293365,20050525_194158
285,KBYX20050525_234749,1419,0.145,211.00,303.916815,9.673754,-82.14,24.578619,4836.876963,20050525_194749
294,KBYX20050526_004120,33,0.274,446.20,289.831360,35.675705,-80.98,24.641109,17837.852478,20050525_204120
294,KBYX20050526_004710,39,0.230,447.59,290.490068,41.511496,-80.97,24.638103,20755.748048,20050525_204710
289,KBYX20050526_000519,-3,0.452,117.69,351.934906,16.131643,-82.60,24.359826,8065.821648,20050525_200519
293,KBYX20050526_002940,21,0.115,437.86,280.945435,32.001358,-81.02,24.681410,16000.679016,20050525_202940
299,KBYX20050527_005013,41,0.122,369.95,272.709015,8.370148,-81.36,24.719733,4185.073853,20050526_205013
299,KBYX20050527_005601,47,0.127,369.10,277.037154,16.504681,-81.36,24.700206,8252.340710,20050526_205601
299,KBYX20050527_010150,52,-1.000,368.49,280.128681,23.450777,-81.36,24.686258,11725.388465,20050526_210150
299,KBYX20050527_010739,58,0.213,371.90,272.256598,25.995870,-81.35,24.721753,12997.935076,20050526_210739
300,KBYX20050527_005601,47,0.429,212.52,302.375824,6.583778,-82.14,24.585596,3291.889191,20050526_205601
300,KBYX20050527_010150,52,0.128,213.01,302.198402,12.448733,-82.13,24.586404,6224.366706,20050526_210150
300,KBYX20050527_010739,58,0.182,213.56,298.716986,14.251492,-82.13,24.602127,7125.746201,20050526_210739
289,KBYX20050527_000334,-6,0.396,309.20,288.933746,9.665237,-81.66,24.646886,4832.618713,20050526_200334
289,KBYX20050527_000923,0,0.587,309.59,288.831320,14.550285,-81.66,24.647348,7275.142581,20050526_200923
287,KBYX20050526_234501,1417,0.175,545.30,140.232941,28.994766,-80.49,25.313148,14497.383118,20050526_194501
291,KBYX20050527_000334,-6,0.188,377.09,483.696350,48.351219,-81.33,23.767220,24175.609589,20050526_200334
292,KBYX20050527_000334,-6,0.184,211.02,305.441711,6.465446,-82.14,24.571736,3232.723236,20050526_200334
294,KBYX20050527_000334,-6,0.113,392.61,302.328491,10.450226,-81.25,24.585735,5225.112915,20050526_200334
295,KBYX20050527_002103,12,0.123,378.55,511.956421,69.550865,-81.32,23.639622,34775.432587,20050526_202103
296,KBYX20050527_003242,23,0.197,551.65,419.585510,38.673691,-80.47,24.052044,19336.845398,20050526_203242
302,KBYX20050527_010150,52,0.137,450.93,273.767853,28.910339,-80.96,24.713502,14455.169678,20050526_210150
297,KBYX20050528_004851,39,0.343,362.60,289.908661,6.908264,-81.39,24.642174,3454.132080,20050527_204851
297,KBYX20050528_005441,45,0.150,369.52,285.388586,18.910659,-81.36,24.662504,9455.329694,20050527_205441
297,KBYX20050528_010032,51,0.164,367.89,284.004699,33.382587,-81.37,24.668769,16691.293604,20050527_210032
298,KBYX20050528_010032,51,0.287,185.11,326.852020,36.986420,-82.27,24.474664,18493.209839,20050527_210032
298,KBYX20050528_010621,57,0.320,189.15,325.128978,41.679743,-82.25,24.482515,20839.871372,20050527_210621
300,KBYX20050528_010032,51,0.127,408.65,204.058746,73.049423,-81.17,25.029041,36524.711609,20050527_210032
308,KBYX20050529_002608,16,0.128,368.57,279.797913,3.288132,-81.36,24.687750,1644.065857,20050528_202608
308,KBYX20050529_003158,21,-1.000,368.57,279.797913,11.238132,-81.36,24.687750,5619.065857,20050528_203158
308,KBYX20050529_003747,27,-1.000,368.57,279.797913,20.778132,-81.36,24.687750,10389.065857,20050528_203747
308,KBYX20050529_004338,33,-1.000,368.57,279.797913,30.318132,-81.36,24.687750,15159.065857,20050528_204338
308,KBYX20050529_004929,39,0.112,385.10,295.356721,31.266428,-81.28,24.617313,15633.214182,20050528_204929
308,KBYX20050529_005518,45,0.252,386.88,287.332751,31.794417,-81.27,24.653508,15897.208281,20050528_205518
308,KBYX20050529_010108,51,0.406,384.64,289.324869,30.121886,-81.29,24.644547,15060.943240,20050528_210108
308,KBYX20050529_010659,56,0.204,388.34,285.178482,29.537787,-81.27,24.663211,14768.893696,20050528_210659
300,KBYX20050528_234417,1415,0.682,364.97,294.937500,10.073334,-81.38,24.619450,5036.666870,20050528_194417
300,KBYX20050528_235007,1421,0.332,364.87,294.985292,16.291654,-81.38,24.619235,8145.826823,20050528_195007
302,KBYX20050528_235555,1426,0.113,411.98,273.219940,24.337769,-81.15,24.716806,12168.884277,20050528_195555
303,KBYX20050529_002018,10,0.447,197.21,496.357666,12.363155,-82.21,23.709693,6181.577682,20050528_202018
303,KBYX20050529_002608,16,-1.000,197.21,496.357666,21.903155,-82.21,23.709693,10951.577682,20050528_202608
303,KBYX20050529_003158,21,0.241,173.72,481.194885,31.048344,-82.32,23.777716,15524.171829,20050528_203158
305,KBYX20050529_002018,10,0.119,366.62,278.425903,10.639755,-81.37,24.693964,5319.877625,20050528_202018
305,KBYX20050529_002608,16,0.124,368.82,272.934875,3.385147,-81.36,24.718726,1692.573547,20050528_202608
306,KBYX20050529_002608,16,0.479,545.83,162.765289,17.675262,-80.48,25.211435,8837.631226,20050528_202608
311,KBYX20050529_004338,33,0.141,365.04,277.654388,10.871841,-81.38,24.697464,5435.920715,20050528_204338
312,KBYX20050529_004929,39,0.300,426.23,215.512390,55.201508,-81.08,24.977006,27600.753784,20050528_204929
316,KBYX20050529_010108,51,0.165,478.36,461.589203,21.799324,-80.83,23.864957,10899.662018,20050528_210108
317,KBYX20050529_010108,51,0.141,468.74,528.082092,15.278435,-80.88,23.565055,7639.217377,20050528_210108
318,KBYX20050529_010108,51,0.126,319.90,273.729218,3.069077,-81.60,24.715493,1534.538269,20050528_210108
329,KBYX20050530_000932,-1,0.268,351.93,287.901825,3.389755,-81.45,24.651332,1694.877625,20050529_200932
329,KBYX20050530_001352,3,0.126,349.85,287.919867,9.939244,-81.46,24.651268,4969.622098,20050529_201352
329,KBYX20050530_001812,8,0.187,343.19,288.656114,13.166651,-81.49,24.647995,6583.325385,20050529_201812
329,KBYX20050530_002232,12,0.103,336.59,287.466797,3.224258,-81.52,24.653406,1612.129211,20050529_202232
345,KBYX20050530_004414,34,0.268,336.01,288.522095,3.344299,-81.53,24.648646,1672.149658,20050529_204414
345,KBYX20050530_004833,38,0.221,335.99,288.309708,8.315590,-81.53,24.649605,4157.794928,20050529_204833
345,KBYX20050530_005253,42,0.281,333.58,289.126974,11.639595,-81.54,24.645929,5819.797460,20050529_205253
318,KBYX20050529_235529,1425,0.421,20.44,280.746246,28.342216,-83.08,24.677513,14171.108246,20050529_195529
318,KBYX20050529_235949,1429,0.289,20.41,280.173577,32.563738,-83.08,24.680097,16281.869184,20050529_195949
331,KBYX20050530_000932,-1,0.112,287.03,296.905609,10.371338,-81.77,24.610894,5185.668945,20050529_200932
331,KBYX20050530_001352,3,-1.000,287.03,296.905609,16.731338,-81.77,24.610894,8365.668945,20050529_201352
331,KBYX20050530_001812,8,0.246,302.82,292.117492,26.195932,-81.69,24.632521,13097.966064,20050529_201812
340,KBYX20050530_002653,16,0.237,25.77,296.681671,32.105293,-83.06,24.605830,16052.646637,20050529_202653
340,KBYX20050530_003113,21,0.112,27.92,291.510599,41.501842,-83.05,24.629264,20750.921002,20050529_203113
343,KBYX20050530_003533,25,0.170,551.51,469.361481,36.889038,-80.47,23.827366,18444.519043,20050529_203533
343,KBYX20050530_003953,29,0.140,549.95,470.529873,42.252108,-80.48,23.822154,21126.053793,20050529_203953
343,KBYX20050530_004414,34,0.716,520.26,471.711151,28.303520,-80.62,23.817934,14151.760101,20050529_204414
343,KBYX20050530_004833,38,0.609,522.94,473.505998,34.002800,-80.61,23.809737,17001.399847,20050529_204833
343,KBYX20050530_005253,42,0.636,519.77,476.019165,28.883915,-80.63,23.798504,14441.957474,20050529_205253
349,KBYX20050530_010554,55,0.330,354.85,278.975403,20.382355,-81.43,24.691600,10191.177368,20050529_210554
349,KBYX20050530_011014,60,0.277,355.26,278.712785,27.846969,-81.43,24.692782,13923.484287,20050529_211014
311,KBYX20050529_234230,1412,0.218,25.00,296.807373,30.805431,-83.06,24.605228,15402.715683,20050529_194230
312,KBYX20050529_234649,1416,0.521,350.45,287.883514,10.657074,-81.45,24.651427,5328.536987,20050529_194649
313,KBYX20050529_234649,1416,0.320,289.78,295.774872,3.348465,-81.75,24.616004,1674.232483,20050529_194649
320,KBYX20050529_235529,1425,0.101,311.30,287.262878,3.330460,-81.65,24.654425,1665.229797,20050529_195529
321,KBYX20050529_235949,1429,0.742,288.26,295.128204,6.824936,-81.76,24.618920,3412.467957,20050529_195949
324,KBYX20050529_235949,1429,0.150,337.25,287.231537,3.757431,-81.52,24.654464,1878.715515,20050529_195949
326,KBYX20050530_000512,-5,0.665,448.42,521.733887,11.415432,-80.98,23.594224,5707.715988,20050529_200512
328,KBYX20050530_000512,-5,0.187,539.25,443.527374,7.263077,-80.53,23.944460,3631.538391,20050529_200512
334,KBYX20050530_001352,3,0.191,327.35,294.689240,3.649582,-81.57,24.620852,1824.790955,20050529_201352
335,KBYX20050530_001352,3,0.112,320.15,294.750031,3.386292,-81.60,24.620605,1693.145752,20050529_201352
338,KBYX20050530_002653,16,0.399,368.88,288.190948,3.443359,-81.36,24.649861,1721.679688,20050529_202653
342,KBYX20050530_002653,16,0.112,456.42,431.677612,40.749741,-80.93,24.000570,20374.870300,20050529_202653
341,KBYX20050601_002533,14,0.142,482.35,448.138214,76.649490,-80.81,23.925562,38324.745178,20050531_202533
341,KBYX20050601_002951,18,-1.000,482.35,448.138214,83.009490,-80.81,23.925562,41504.745178,20050531_202951
341,KBYX20050601_003411,23,0.172,485.27,438.486505,80.676423,-80.79,23.969045,40338.211731,20050531_203411
341,KBYX20050601_003831,27,0.559,406.50,423.700500,48.198303,-81.18,24.037630,24099.151611,20050531_203831
355,KBYX20050601_010429,53,0.235,357.15,271.150208,13.631790,-81.42,24.726901,6815.895081,20050531_210429
355,KBYX20050601_010849,57,0.191,357.03,270.100609,18.635614,-81.42,24.731640,9317.807051,20050531_210849
356,KBYX20050601_010429,53,0.217,337.61,293.811554,9.890121,-81.52,24.624760,4945.060730,20050531_210429
356,KBYX20050601_010849,57,0.354,339.22,292.527994,14.729899,-81.51,24.630544,7364.949446,20050531_210849
330,KBYX20050531_234529,1414,0.101,269.94,377.501770,10.112839,-81.85,24.247018,5056.419373,20050531_194529
330,KBYX20050531_234949,1418,0.259,271.17,380.087402,6.794334,-81.85,24.235351,3397.167206,20050531_194949
331,KBYX20050531_234949,1418,0.261,437.33,123.195557,13.613586,-81.02,25.393438,6806.793213,20050531_194949
333,KBYX20050531_234949,1418,0.110,432.48,493.844604,11.283360,-81.05,23.720483,5641.679764,20050531_194949
334,KBYX20050531_235829,1427,0.111,327.48,365.260345,7.498215,-81.57,24.302289,3749.107361,20050531_195829
334,KBYX20050601_000352,-8,0.127,333.47,356.691925,10.732567,-81.54,24.340939,5366.283417,20050531_200352
336,KBYX20050601_000813,-3,0.106,569.81,402.658905,18.263573,-80.38,24.127689,9131.786346,20050531_200813
337,KBYX20050601_001652,5,0.172,356.91,287.147614,11.900665,-81.42,24.654693,5950.332642,20050531_201652
338,KBYX20050601_001652,5,0.118,326.34,417.633301,3.655273,-81.57,24.065871,1827.636719,20050531_201652
339,KBYX20050601_001652,5,0.103,103.97,95.565735,11.551075,-82.68,25.516526,5775.537491,20050531_201652
340,KBYX20050601_002113,10,0.142,574.30,345.659485,23.533619,-80.35,24.384766,11766.809464,20050531_202113
342,KBYX20050601_002951,18,0.431,496.37,426.393188,59.637177,-80.74,24.023297,29818.588257,20050531_202951
343,KBYX20050601_003411,23,0.160,343.06,308.905853,14.168793,-81.49,24.556589,7084.396362,20050531_203411
343,KBYX20050601_003831,27,0.176,341.48,302.033539,10.352448,-81.50,24.587621,5176.223755,20050531_203831
348,KBYX20050601_004251,31,0.208,64.30,292.573029,9.710709,-82.87,24.625965,4855.354309,20050531_204251
348,KBYX20050601_004711,36,0.179,64.50,293.057800,3.289005,-82.87,24.623785,1644.502640,20050531_204711
350,KBYX20050601_005130,40,0.301,411.28,303.903351,7.756790,-81.15,24.578318,3878.395081,20050531_205130
351,KBYX20050601_005130,40,0.267,339.44,288.686798,6.696838,-81.51,24.647881,3348.419189,20050531_205130
353,KBYX20050601_005550,44,0.312,533.08,267.088104,19.754868,-80.55,24.741091,9877.433777,20050531_205550
