track_id,filename,from_sunset,det_score,x,y,r,lon,lat,radius,local_time
3,KBBX20100502_031637_V04,15,0.444,306.31,376.200989,10.958679,-121.60,39.152924,5479.339600,20100501_201637
3,KBBX20100502_032612_V04,25,0.253,292.34,389.390265,17.828709,-121.68,39.093519,8914.354641,20100501_202612
3,KBBX20100502_033545_V04,34,0.303,289.00,392.997276,20.841632,-121.70,39.077265,10420.815880,20100501_203545
12,KBBX20100502_033545_V04,34,0.101,110.70,288.175995,28.643250,-122.73,39.544147,14321.624756,20100501_203545
12,KBBX20100502_034519_V04,44,0.675,111.59,285.675181,34.636284,-122.73,39.555457,17318.141857,20100501_204519
14,KBBX20100502_034519_V04,44,0.111,150.00,385.600708,16.766014,-122.50,39.107352,8383.007050,20100501_204519
14,KBBX20100502_035454_V04,53,0.191,135.08,381.447483,24.732820,-122.59,39.125379,12366.409994,20100501_205454
1,KBBX20100502_023820_V04,-23,0.124,128.98,84.879395,21.641989,-122.64,40.460485,10820.994377,20100501_193820
4,KBBX20100502_031637_V04,15,0.339,264.59,247.620972,12.431522,-121.84,39.731811,6215.761185,20100501_201637
6,KBBX20100502_032612_V04,25,0.182,148.02,326.287292,16.613472,-122.51,39.374377,8306.735992,20100501_202612
7,KBBX20100502_032612_V04,25,0.106,230.77,136.137817,12.194702,-122.04,40.233307,6097.351074,20100501_202612
9,KBBX20100502_033545_V04,34,0.125,244.76,323.348969,43.206791,-121.95,39.390515,21603.395462,20100501_203545
11,KBBX20100502_033545_V04,34,0.116,285.66,283.113007,18.474075,-121.72,39.572130,9237.037659,20100501_203545
13,KBBX20100502_034519_V04,44,0.219,174.68,420.739319,34.576515,-122.35,38.950080,17288.257599,20100501_204519
16,KBBX20100503_032537_V04,23,0.170,139.42,88.100830,26.938797,-122.58,40.446494,13469.398499,20100502_202537
16,KBBX20100503_033511_V04,33,-1.000,139.42,88.100830,42.838797,-122.58,40.446494,21419.398499,20100502_203511
16,KBBX20100503_034445_V04,42,0.945,151.12,107.413489,43.250018,-122.51,40.360076,21625.008999,20100502_204445
16,KBBX20100503_035420_V04,52,0.806,172.13,117.805249,62.708777,-122.38,40.314147,31354.388687,20100502_205420
11,KBBX20100503_024724_V04,-15,0.169,273.97,358.845154,11.203094,-121.78,39.230997,5601.547241,20100502_194724
12,KBBX20100503_030631_V04,4,0.719,238.50,190.121674,16.286484,-121.99,39.990370,8143.241882,20100502_200631
14,KBBX20100503_031605_V04,14,0.378,291.98,256.605469,28.794952,-121.68,39.691524,14397.476196,20100502_201605
15,KBBX20100503_032537_V04,23,0.426,266.76,370.584717,33.709507,-121.82,39.178064,16854.753494,20100502_202537
17,KBBX20100503_033511_V04,33,0.102,217.75,381.438721,16.855148,-122.11,39.128365,8427.574158,20100502_203511
18,KBBX20100503_034445_V04,42,0.198,242.44,146.820251,25.073849,-121.97,40.185424,12536.924362,20100502_204445
19,KBBX20100503_034445_V04,42,0.167,71.79,268.707642,71.276237,-122.96,39.629444,35638.118744,20100502_204445
20,KBBX20100503_034445_V04,42,0.135,411.22,443.867249,36.165817,-120.99,38.846396,18082.908630,20100502_204445
22,KBBX20100503_034445_V04,42,0.104,156.51,427.293915,46.474106,-122.46,38.919859,23237.052917,20100502_204445
29,KBBX20100504_033151_V04,28,0.207,492.63,477.543060,33.701157,-120.52,38.691191,16850.578308,20100503_203151
29,KBBX20100504_034125_V04,38,0.536,503.58,486.343120,36.772399,-120.46,38.650939,18386.199629,20100503_204125
29,KBBX20100504_035058_V04,47,0.313,521.67,491.825285,41.076294,-120.36,38.625152,20538.146835,20100503_205058
29,KBBX20100504_040032_V04,57,0.184,533.78,492.688286,60.840768,-120.29,38.620479,30420.384113,20100503_210032
24,KBBX20100504_025338_V04,-10,0.105,389.06,464.598633,22.206339,-121.12,38.753659,11103.169441,20100503_195338
24,KBBX20100504_030313_V04,0,-1.000,389.06,464.598633,38.106339,-121.12,38.753659,19053.169441,20100503_200313
24,KBBX20100504_031246_V04,9,-1.000,389.06,464.598633,52.416339,-121.12,38.753659,26208.169441,20100503_201246
24,KBBX20100504_032218_V04,19,0.129,417.85,488.823670,61.047247,-120.95,38.643700,30523.623438,20100503_202218
24,KBBX20100504_033151_V04,28,-1.000,432.11,500.821269,71.757184,-120.87,38.589155,35878.592116,20100503_203151
24,KBBX20100504_034125_V04,38,0.114,429.48,495.136597,63.923134,-120.89,38.614857,31961.566925,20100503_204125
24,KBBX20100504_035058_V04,47,0.280,430.30,482.770653,67.680849,-120.88,38.670521,33840.424328,20100503_205058
26,KBBX20100504_031246_V04,9,0.142,322.02,406.811340,47.850426,-121.50,39.014996,23925.212860,20100503_201246
26,KBBX20100504_032218_V04,19,0.129,319.92,422.550883,63.335830,-121.52,38.944120,31667.914835,20100503_202218
26,KBBX20100504_033151_V04,28,-1.000,318.14,435.914646,77.293814,-121.53,38.883940,38646.907077,20100503_203151
26,KBBX20100504_034125_V04,38,0.511,298.45,390.107544,21.116165,-121.64,39.090297,10558.082581,20100503_204125
35,KBBX20100504_035058_V04,47,0.274,164.63,123.331848,53.038513,-122.43,40.288971,26519.256592,20100503_205058
35,KBBX20100504_040032_V04,57,0.644,169.69,122.450530,59.144547,-122.40,40.293137,29572.273743,20100503_210032
36,KBBX20100504_035058_V04,47,0.192,235.43,162.607574,27.975254,-122.01,40.114209,13987.627029,20100503_205058
36,KBBX20100504_040032_V04,57,0.167,252.62,156.819281,45.674314,-121.91,40.140557,22837.157089,20100503_210032
21,KBBX20100504_023431_V04,-29,0.193,272.05,358.012451,10.913437,-121.79,39.234733,5456.718445,20100503_193431
22,KBBX20100504_024405_V04,-19,0.326,121.75,314.369904,6.793728,-122.67,39.426785,3396.863937,20100503_194405
25,KBBX20100504_031246_V04,9,0.588,270.49,370.639343,15.562405,-121.80,39.177852,7781.202316,20100503_201246
27,KBBX20100504_031246_V04,9,0.135,122.29,314.569183,7.456821,-122.66,39.425915,3728.410721,20100503_201246
28,KBBX20100504_032218_V04,19,0.115,254.90,168.309692,20.523811,-121.90,40.088846,10261.905670,20100503_202218
30,KBBX20100504_033151_V04,28,0.163,135.41,359.665588,15.615982,-122.58,39.223487,7807.991028,20100503_203151
34,KBBX20100504_034125_V04,38,0.102,374.27,396.115387,31.750801,-121.20,39.062445,15875.400543,20100503_204125
33,KBBX20100505_031131_V04,7,0.378,271.01,365.736115,15.138680,-121.80,39.199939,7569.339752,20100504_201131
33,KBBX20100505_032105_V04,17,0.871,270.61,366.038176,23.439140,-121.80,39.198575,11719.570168,20100504_202105
36,KBBX20100505_033038_V04,26,0.427,289.05,402.593140,23.454430,-121.69,39.034047,11727.214813,20100504_203038
36,KBBX20100505_034013_V04,36,0.159,287.74,395.950261,30.173555,-121.70,39.063961,15086.777722,20100504_204013
41,KBBX20100505_034013_V04,36,0.106,226.30,172.606659,8.012917,-122.06,40.068997,4006.458282,20100504_204013
41,KBBX20100505_034947_V04,45,0.162,234.47,174.729878,14.759351,-122.02,40.059604,7379.675525,20100504_204947
35,KBBX20100505_032105_V04,17,0.119,241.51,185.478333,29.065765,-121.97,40.011332,14532.882690,20100504_202105
39,KBBX20100505_034013_V04,36,0.468,135.02,332.556824,34.256802,-122.59,39.345546,17128.400803,20100504_204013
40,KBBX20100505_034013_V04,36,0.202,321.86,356.825317,11.609764,-121.51,39.240123,5804.882050,20100504_204013
40,KBBX20100506_031831_V04,13,0.509,310.30,388.009369,16.031265,-121.57,39.099732,8015.632629,20100505_201831
40,KBBX20100506_032806_V04,23,0.206,300.76,394.746427,27.325561,-121.63,39.069404,13662.780452,20100505_202806
39,KBBX20100506_024949_V04,-16,0.104,278.62,359.070953,11.830406,-121.76,39.230012,5915.203094,20100505_194949
43,KBBX20100506_031831_V04,13,0.171,266.42,253.590118,8.278732,-121.83,39.704948,4139.366150,20100505_201831
45,KBBX20100506_032806_V04,23,0.119,214.39,302.222046,20.612816,-122.13,39.485038,10306.407928,20100505_202806
46,KBBX20100506_032806_V04,23,0.109,359.16,356.466187,11.893539,-121.29,39.241304,5946.769714,20100505_202806
47,KBBX20100506_034714_V04,42,0.451,154.66,395.834351,6.775192,-122.47,39.061464,3387.596130,20100505_204714
48,KBBX20100506_034714_V04,42,0.135,110.04,275.388855,30.135685,-122.74,39.601690,15067.842484,20100505_204714
50,KBBX20100507_032231_V04,16,0.511,308.86,385.474976,15.623482,-121.58,39.111150,7811.740875,20100506_202231
50,KBBX20100507_033206_V04,26,0.179,299.48,386.666373,27.180230,-121.63,39.105796,13590.114988,20100506_203206
50,KBBX20100507_034141_V04,35,-1.000,291.52,387.677937,37.802563,-121.68,39.101229,18901.281687,20100506_204141
50,KBBX20100507_035115_V04,45,-1.000,282.67,388.801897,49.605156,-121.73,39.096134,24802.578019,20100506_205115
50,KBBX20100507_040049_V04,54,0.110,294.16,409.068834,53.468310,-121.67,39.004894,26734.155179,20100506_210049
46,KBBX20100507_024414_V04,-22,0.189,272.97,355.744324,7.013184,-121.79,39.244955,3506.591797,20100506_194414
46,KBBX20100507_025347_V04,-13,0.125,275.70,358.582931,15.085047,-121.77,39.232191,7542.523670,20100506_195347
55,KBBX20100507_035115_V04,45,0.552,137.19,110.837952,42.440132,-122.59,40.344015,21220.066071,20100506_205115
55,KBBX20100507_040049_V04,54,0.821,167.55,116.188240,59.168786,-122.41,40.321251,29584.392783,20100506_210049
56,KBBX20100507_035115_V04,45,0.186,250.24,153.070557,20.597214,-121.92,40.157403,10298.606873,20100506_205115
56,KBBX20100507_040049_V04,54,0.129,248.35,152.169411,29.331438,-121.93,40.161432,14665.719160,20100506_210049
47,KBBX20100507_024414_V04,-22,0.172,152.75,97.995911,37.331551,-122.50,40.402550,18665.775299,20100506_194414
54,KBBX20100507_034141_V04,35,0.103,297.04,308.300385,6.338959,-121.65,39.458728,3169.479370,20100506_204141
57,KBBX20100507_035115_V04,45,0.146,73.45,296.720673,69.840187,-122.95,39.503419,34920.093536,20100506_205115
56,KBBX20100508_030054_V04,-7,0.117,242.85,354.002838,16.476803,-121.96,39.252432,8238.401413,20100507_200054
56,KBBX20100508_031029_V04,3,0.159,259.79,357.821461,23.556022,-121.86,39.235472,11778.010853,20100507_201029
56,KBBX20100508_032002_V04,13,0.568,272.97,390.774737,39.807130,-121.79,39.087187,19903.565224,20100507_202002
53,KBBX20100508_024146_V04,-26,0.171,168.42,92.875732,35.886353,-122.41,40.426251,17943.176270,20100507_194146
54,KBBX20100508_024146_V04,-26,0.140,360.88,366.039551,7.383224,-121.28,39.198159,3691.612244,20100507_194146
58,KBBX20100508_032002_V04,13,0.184,306.55,501.400574,6.299496,-121.59,38.589027,3149.747849,20100507_202002
59,KBBX20100508_032936_V04,22,0.110,315.80,443.906250,54.746712,-121.54,38.847957,27373.355865,20100507_202936
60,KBBX20100508_034844_V04,41,0.426,162.42,413.877014,18.909187,-122.43,38.980523,9454.593658,20100507_204844
62,KBBX20100508_034844_V04,41,0.276,73.68,293.183075,58.953224,-122.95,39.519363,29476.612091,20100507_204844
64,KBBX20100508_034844_V04,41,0.220,140.19,330.230347,32.192513,-122.56,39.356266,16096.256256,20100507_204844
64,KBBX20100509_031002_V04,2,0.214,304.08,373.359131,7.471848,-121.61,39.165726,3735.923767,20100508_201002
64,KBBX20100509_031937_V04,11,0.138,304.57,374.822284,19.137797,-121.61,39.159136,9568.898518,20100508_201937
64,KBBX20100509_032912_V04,21,0.283,300.39,392.705773,26.207450,-121.63,39.078595,13103.725156,20100508_202912
64,KBBX20100509_033845_V04,30,-1.000,297.19,406.808644,33.311935,-121.65,39.015077,16655.967575,20100508_203845
64,KBBX20100509_034818_V04,40,0.264,333.30,416.004729,63.686190,-121.44,38.973501,31843.095141,20100508_204818
64,KBBX20100509_035753_V04,49,0.228,354.02,424.498746,74.594497,-121.32,38.934985,37297.248745,20100508_205753
72,KBBX20100509_034818_V04,40,0.365,213.02,180.270874,65.972832,-122.14,40.034172,32986.415863,20100508_204818
72,KBBX20100509_035753_V04,49,0.102,197.62,177.119766,73.159027,-122.23,40.047933,36579.513550,20100508_205753
61,KBBX20100509_031002_V04,2,0.617,273.78,462.104919,11.558014,-121.78,38.765928,5779.006958,20100508_201002
67,KBBX20100509_031002_V04,2,0.110,324.87,466.553070,39.532402,-121.49,38.745903,19766.201019,20100508_201002
67,KBBX20100509_031937_V04,11,0.245,360.23,467.723145,6.503586,-121.29,38.740202,3251.792908,20100508_201937
71,KBBX20100509_033845_V04,30,0.302,335.14,416.851135,56.429977,-121.43,38.969671,28214.988708,20100508_203845
73,KBBX20100509_034818_V04,40,0.203,141.78,325.272156,27.393024,-122.55,39.378668,13696.512222,20100508_204818
67,KBBX20100510_024217_V04,-27,0.312,155.49,83.072754,34.587257,-122.48,40.469859,17293.628693,20100509_194217
67,KBBX20100510_024630_V04,-23,0.907,158.48,79.587861,35.828941,-122.47,40.485677,17914.470652,20100509_194630
67,KBBX20100510_025043_V04,-19,0.598,164.04,80.723019,35.474853,-122.43,40.480795,17737.426617,20100509_195043
67,KBBX20100510_025457_V04,-15,-1.000,169.08,81.287998,35.585606,-122.40,40.478451,17792.802822,20100509_195457
67,KBBX20100510_025910_V04,-10,0.320,172.51,81.144129,32.875277,-122.38,40.479230,16437.638462,20100509_195910
67,KBBX20100510_030322_V04,-6,0.216,175.71,77.932537,31.264793,-122.36,40.493810,15632.396388,20100509_200322
67,KBBX20100510_030737_V04,-2,0.507,180.89,75.686476,28.659098,-122.33,40.504110,14329.549242,20100509_200737
67,KBBX20100510_031150_V04,2,0.429,183.48,75.570369,30.327457,-122.32,40.504723,15163.728711,20100509_201150
67,KBBX20100510_031603_V04,7,0.574,190.53,74.919535,29.511139,-122.28,40.507890,14755.569506,20100509_201603
67,KBBX20100510_032016_V04,11,0.720,190.83,75.449708,31.784752,-122.28,40.505512,15892.376225,20100509_202016
67,KBBX20100510_032429_V04,15,0.323,194.73,73.886791,31.949231,-122.25,40.512674,15974.615477,20100509_202429
67,KBBX20100510_032843_V04,19,0.143,199.10,72.563731,31.408481,-122.23,40.518765,15704.240584,20100509_202843
87,KBBX20100510_033710_V04,28,0.315,443.60,562.130066,7.064966,-120.81,38.312567,3532.482862,20100509_203710
87,KBBX20100510_034122_V04,32,0.809,443.52,562.643721,10.479398,-120.81,38.310257,5239.698771,20100509_204122
87,KBBX20100510_034535_V04,36,0.749,444.50,561.833093,11.639638,-120.81,38.313868,5819.819214,20100509_204535
87,KBBX20100510_034948_V04,40,0.740,445.97,561.004193,11.184552,-120.80,38.317541,5592.276182,20100509_204948
87,KBBX20100510_035403_V04,45,0.678,447.27,561.385776,10.889624,-120.79,38.315768,5444.812182,20100509_205403
87,KBBX20100510_035815_V04,49,0.626,449.75,561.676595,11.823295,-120.78,38.314354,5911.647332,20100509_205815
87,KBBX20100510_040229_V04,53,0.293,452.98,562.976381,13.988508,-120.76,38.308361,6994.253909,20100509_210229
87,KBBX20100510_040642_V04,57,0.826,453.03,562.643326,15.087652,-120.76,38.309859,7543.825760,20100509_210642
73,KBBX20100510_030322_V04,-6,0.418,288.03,374.455322,23.260231,-121.70,39.160771,11630.115509,20100509_200322
73,KBBX20100510_030737_V04,-2,0.847,288.43,376.088338,26.971169,-121.70,39.153417,13485.584573,20100509_200737
73,KBBX20100510_031150_V04,2,0.834,281.23,387.122798,36.041712,-121.74,39.103689,18020.856199,20100509_201150
73,KBBX20100510_031603_V04,7,0.390,276.96,389.990454,42.138576,-121.76,39.090748,21069.288152,20100509_201603
73,KBBX20100510_032016_V04,11,0.837,266.25,385.761205,45.889574,-121.83,39.109708,22944.786858,20100509_202016
73,KBBX20100510_032429_V04,15,0.270,259.90,384.832969,46.292496,-121.86,39.113821,23146.247772,20100509_202429
73,KBBX20100510_032843_V04,19,-1.000,253.18,383.817505,47.529191,-121.90,39.118310,23764.595334,20100509_202843
73,KBBX20100510_033255_V04,23,0.206,304.76,400.616791,79.002213,-121.60,39.042962,39501.106262,20100509_203255
73,KBBX20100510_033710_V04,28,0.130,304.98,401.957495,83.785149,-121.60,39.036924,41892.574520,20100509_203710
76,KBBX20100510_030737_V04,-2,0.212,440.49,564.155518,6.767191,-120.83,38.303569,3383.595467,20100509_200737
76,KBBX20100510_031150_V04,2,0.324,440.85,564.002127,11.478760,-120.83,38.304246,5739.380038,20100509_201150
76,KBBX20100510_031603_V04,7,0.310,447.82,566.065939,16.105308,-120.79,38.294665,8052.654084,20100509_201603
83,KBBX20100510_032843_V04,19,0.404,444.52,563.087952,6.606745,-120.81,38.308215,3303.372383,20100509_202843
83,KBBX20100510_033255_V04,23,0.356,444.50,562.952195,11.433134,-120.81,38.308827,5716.567164,20100509_203255
84,KBBX20100510_033255_V04,23,0.492,539.49,501.796021,39.233505,-120.26,38.579077,19616.752625,20100509_203255
84,KBBX20100510_033710_V04,28,0.377,539.29,500.515865,43.952986,-120.26,38.584856,21976.493186,20100509_203710
84,KBBX20100510_034122_V04,32,0.219,539.91,500.766357,37.876579,-120.25,38.583685,18938.289642,20100509_204122
84,KBBX20100510_034535_V04,36,0.186,540.13,502.311688,43.424539,-120.25,38.576712,21712.269704,20100509_204535
68,KBBX20100510_024217_V04,-27,0.148,279.31,374.223846,20.422043,-121.75,39.161772,10211.021423,20100509_194217
69,KBBX20100510_025043_V04,-19,0.330,245.57,278.872467,10.197037,-121.95,39.590826,5098.518372,20100509_195043
69,KBBX20100510_025457_V04,-15,-1.000,245.57,278.872467,16.557037,-121.95,39.590826,8278.518372,20100509_195457
69,KBBX20100510_025910_V04,-10,0.174,247.49,283.351410,10.255997,-121.94,39.570685,5127.998352,20100509_195910
70,KBBX20100510_025043_V04,-19,0.150,491.20,503.226807,21.134274,-120.53,38.575598,10567.136765,20100509_195043
77,KBBX20100510_030737_V04,-2,0.109,157.29,44.452637,24.594360,-122.48,40.643818,12297.180176,20100509_200737
79,KBBX20100510_032016_V04,11,0.372,538.03,509.586700,41.293713,-120.27,38.544092,20646.856308,20100509_202016
80,KBBX20100510_032016_V04,11,0.238,89.35,96.343231,24.719734,-122.87,40.406630,12359.867096,20100509_202016
91,KBBX20100510_034948_V04,40,0.290,209.50,281.641693,3.465973,-122.16,39.577594,1732.986450,20100509_204948
82,KBBX20100511_031718_V04,7,0.237,541.24,575.291504,15.471447,-120.25,38.247967,7735.723495,20100510_201718
82,KBBX20100511_032133_V04,11,0.190,544.39,575.468067,22.294203,-120.24,38.246955,11147.101467,20100510_202133
85,KBBX20100511_035522_V04,45,0.170,149.42,94.914490,35.216248,-122.52,40.416277,17608.123779,20100510_205522
85,KBBX20100511_035936_V04,49,-1.000,149.42,94.914490,41.576248,-122.52,40.416277,20788.123779,20100510_205936
85,KBBX20100511_040348_V04,53,0.395,137.84,99.187538,42.455385,-122.59,40.396501,21227.692546,20100510_210348
80,KBBX20100511_023918_V04,-31,0.124,212.60,518.544189,11.622383,-122.13,38.510728,5811.191559,20100510_193918
81,KBBX20100511_025612_V04,-14,0.166,127.18,422.425110,3.464529,-122.63,38.940454,1732.264519,20100510_195612
83,KBBX20100511_033827_V04,28,0.307,140.92,95.049255,35.335396,-122.57,40.415280,17667.697906,20100510_203827
84,KBBX20100511_035107_V04,41,0.240,149.40,103.654785,41.882431,-122.52,40.376923,20941.215515,20100510_205107
88,KBBX20100512_031422_V04,4,0.398,288.12,262.791260,15.117874,-121.70,39.663656,7558.937073,20100511_201422
88,KBBX20100512_031834_V04,8,-1.000,288.12,262.791260,21.477874,-121.70,39.663656,10738.937073,20100511_201834
88,KBBX20100512_032249_V04,12,0.231,285.19,261.807185,25.400676,-121.72,39.668076,12700.337996,20100511_202249
88,KBBX20100512_032702_V04,17,0.332,281.18,260.612259,24.702347,-121.74,39.673438,12351.173392,20100511_202702
88,KBBX20100512_033116_V04,21,0.107,282.29,262.154394,27.464887,-121.73,39.666499,13732.443315,20100511_203116
88,KBBX20100512_033529_V04,25,0.508,276.35,264.670918,25.572263,-121.77,39.655131,12786.131743,20100511_203529
92,KBBX20100512_031834_V04,8,0.175,301.63,374.097198,22.559792,-121.62,39.162404,11279.895782,20100511_201834
92,KBBX20100512_032249_V04,12,0.604,299.71,369.505114,28.686921,-121.63,39.183086,14343.460607,20100511_202249
92,KBBX20100512_032702_V04,17,0.740,292.98,360.869737,32.628329,-121.67,39.221970,16314.164478,20100511_202702
94,KBBX20100512_031834_V04,8,0.117,210.61,374.479065,6.605667,-122.15,39.159532,3302.833557,20100511_201834
94,KBBX20100512_032249_V04,12,0.139,210.74,374.338207,11.759647,-122.15,39.160169,5879.823678,20100511_202249
102,KBBX20100512_033942_V04,29,0.108,202.85,145.513641,6.940475,-122.20,40.190404,3470.237732,20100511_203942
102,KBBX20100512_034355_V04,33,-1.000,202.85,145.513641,13.300475,-122.20,40.190404,6650.237732,20100511_204355
102,KBBX20100512_034808_V04,38,0.103,212.70,149.170334,17.572387,-122.14,40.174207,8786.193698,20100511_204808
107,KBBX20100512_040501_V04,55,0.745,139.75,112.450348,32.454620,-122.57,40.336878,16227.310181,20100511_210501
107,KBBX20100512_040913_V04,59,0.855,140.95,118.600607,39.997906,-122.57,40.309243,19998.953163,20100511_210913
108,KBBX20100512_040501_V04,55,0.316,253.66,554.258728,39.311111,-121.90,38.350641,19655.555725,20100511_210501
108,KBBX20100512_040913_V04,59,0.214,252.93,553.345449,43.808850,-121.90,38.354745,21904.425169,20100511_210913
86,KBBX20100512_024448_V04,-26,0.446,277.13,365.851044,12.426537,-121.76,39.199467,6213.268280,20100511_194448
91,KBBX20100512_031834_V04,8,0.204,248.36,291.377777,7.091705,-121.93,39.534552,3545.852661,20100511_201834
97,KBBX20100512_033116_V04,21,0.580,261.59,159.727264,30.690964,-121.86,40.127575,15345.481873,20100511_203116
99,KBBX20100512_033942_V04,29,0.248,268.44,199.320374,12.570347,-121.82,39.949356,6285.173416,20100511_203942
101,KBBX20100512_033942_V04,29,0.156,127.08,321.200439,28.226942,-122.64,39.396298,14113.471031,20100511_203942
103,KBBX20100512_035221_V04,42,0.189,112.88,265.997070,24.567394,-122.72,39.644136,12283.697128,20100511_205221
104,KBBX20100512_035635_V04,46,0.533,125.37,340.007782,46.147305,-122.64,39.311519,23073.652267,20100511_205635
104,KBBX20100512_040048_V04,50,0.113,131.29,364.474365,31.041435,-122.61,39.201633,15520.717621,20100511_210048
105,KBBX20100512_035635_V04,46,0.111,157.89,391.377075,11.747276,-122.45,39.081671,5873.638153,20100511_205635
106,KBBX20100513_031849_V04,7,0.108,313.24,405.854431,6.670898,-121.56,39.019351,3335.449219,20100512_201849
106,KBBX20100513_032823_V04,17,-1.000,313.24,405.854431,22.570898,-121.56,39.019351,11285.449219,20100512_202823
106,KBBX20100513_033757_V04,26,0.190,289.11,404.565806,22.587884,-121.69,39.025163,11293.941954,20100512_203757
108,KBBX20100513_033757_V04,26,0.173,201.75,256.917450,3.584885,-122.20,39.688720,1792.442322,20100512_203757
108,KBBX20100513_034731_V04,36,-1.000,201.75,256.917450,19.484885,-122.20,39.688720,9742.442322,20100512_204731
108,KBBX20100513_035706_V04,46,0.129,205.14,258.883429,37.257263,-122.18,39.679963,18628.631669,20100512_205706
100,KBBX20100513_025939_V04,-12,0.120,230.51,189.450470,3.250885,-122.04,39.993238,1625.442505,20100512_195939
101,KBBX20100513_031849_V04,7,0.606,277.57,373.669830,26.749027,-121.76,39.164256,13374.513626,20100512_201849
103,KBBX20100513_031849_V04,7,0.155,224.01,350.886963,3.643425,-122.07,39.266101,1821.712494,20100512_201849
107,KBBX20100513_033757_V04,26,0.466,296.28,426.724792,11.651306,-121.65,38.925376,5825.653076,20100512_203757
110,KBBX20100513_033757_V04,26,0.124,210.68,320.586914,15.100235,-122.15,39.402240,7550.117493,20100512_203757
111,KBBX20100513_034731_V04,36,0.658,143.30,390.461243,15.917618,-122.54,39.085167,7958.808899,20100512_204731
109,KBBX20100514_031719_V04,5,0.546,273.24,273.144043,19.720703,-121.79,39.616950,9860.351562,20100513_201719
109,KBBX20100514_032653_V04,14,0.788,267.12,274.435932,28.630999,-121.82,39.611079,14315.499721,20100513_202653
112,KBBX20100514_033627_V04,24,0.398,149.72,311.885986,7.861282,-122.50,39.439304,3930.641174,20100513_203627
112,KBBX20100514_034600_V04,34,0.125,145.50,314.333764,17.858318,-122.53,39.428094,8929.159218,20100513_204600
116,KBBX20100514_034600_V04,34,0.210,147.87,392.030914,11.804878,-122.51,39.078302,5902.439117,20100513_204600
116,KBBX20100514_035532_V04,43,0.870,170.20,414.138882,33.585534,-122.38,38.979642,16792.767081,20100513_205532
117,KBBX20100514_035532_V04,43,0.322,487.37,504.829102,29.881222,-120.56,38.568588,14940.610886,20100513_205532
117,KBBX20100514_040506_V04,53,0.302,481.02,500.893815,37.125064,-120.59,38.586645,18562.531779,20100513_210506
108,KBBX20100514_031719_V04,5,0.852,267.94,361.094788,15.895187,-121.82,39.220815,7947.593689,20100513_201719
111,KBBX20100514_032653_V04,14,0.317,392.17,437.579071,42.025345,-121.10,38.875272,21012.672424,20100513_202653
111,KBBX20100514_033627_V04,24,0.176,423.00,431.112000,27.586052,-120.92,38.903447,13793.025970,20100513_203627
115,KBBX20100514_033627_V04,24,0.126,327.23,356.120483,7.253769,-121.47,39.243259,3626.884460,20100513_203627
126,KBBX20100515_032145_V04,8,0.717,274.19,376.191956,27.264473,-121.78,39.152874,13632.236481,20100514_202145
126,KBBX20100515_032558_V04,12,0.247,273.97,377.558565,33.063237,-121.78,39.146717,16531.618578,20100514_202558
126,KBBX20100515_033011_V04,17,0.749,276.27,376.828513,33.143988,-121.77,39.150022,16571.993951,20100514_203011
140,KBBX20100515_034739_V04,34,0.168,133.31,80.469299,17.240433,-122.61,40.480557,8620.216370,20100514_204739
140,KBBX20100515_035711_V04,44,0.127,133.76,83.607395,26.344215,-122.61,40.466450,13172.107438,20100514_205711
140,KBBX20100515_040251_V04,49,0.379,134.17,85.863913,27.466979,-122.61,40.456311,13733.489527,20100514_210251
132,KBBX20100515_033836_V04,25,0.890,206.43,354.442291,14.938942,-122.17,39.249659,7469.470978,20100514_203836
132,KBBX20100515_034249_V04,29,-1.000,206.43,354.442291,21.298942,-122.17,39.249659,10649.470978,20100514_204249
132,KBBX20100515_034739_V04,34,0.120,214.76,349.446974,28.430542,-122.13,39.272371,14215.270913,20100514_204739
142,KBBX20100515_035711_V04,44,0.209,522.32,498.694672,50.902756,-120.36,38.594174,25451.377869,20100514_205711
142,KBBX20100515_040251_V04,49,0.175,521.92,498.074162,58.907611,-120.36,38.596994,29453.805596,20100514_210251
115,KBBX20100515_024350_V04,-30,0.209,279.01,399.338074,36.013496,-121.75,39.048661,18006.748199,20100514_194350
115,KBBX20100515_024803_V04,-25,0.380,278.08,379.795349,27.346565,-121.76,39.136672,13673.282623,20100514_194803
117,KBBX20100515_024803_V04,-25,0.171,466.08,465.545135,79.402283,-120.68,38.746586,39701.141357,20100514_194803
120,KBBX20100515_030041_V04,-13,0.430,205.73,357.046997,10.494850,-122.18,39.237910,5247.425079,20100514_200041
123,KBBX20100515_030454_V04,-9,0.121,545.44,524.722595,7.662357,-120.23,38.475418,3831.178665,20100514_200454
124,KBBX20100515_030906_V04,-4,0.107,259.50,396.929077,35.140644,-121.87,39.059338,17570.322037,20100514_200906
124,KBBX20100515_031319_V04,0,-1.000,259.50,396.929077,41.500644,-121.87,39.059338,20750.322037,20100514_201319
124,KBBX20100515_031731_V04,4,0.102,256.74,397.112000,36.544407,-121.88,39.058481,18272.203445,20100514_201731
130,KBBX20100515_033011_V04,17,0.207,261.47,223.182434,10.774017,-121.86,39.841830,5387.008667,20100514_203011
131,KBBX20100515_033422_V04,21,0.111,310.00,433.332581,55.410259,-121.57,38.895602,27705.129623,20100514_203422
136,KBBX20100515_034249_V04,29,0.207,265.88,596.036804,7.393272,-121.83,38.162593,3696.635962,20100514_204249
138,KBBX20100515_034739_V04,34,0.383,222.33,149.957031,41.596832,-122.09,40.170899,20798.416138,20100514_204739
139,KBBX20100515_034739_V04,34,0.262,71.65,206.756378,62.307228,-122.97,39.908373,31153.614044,20100514_204739
141,KBBX20100515_035711_V04,44,0.289,166.97,405.092560,32.144043,-122.40,39.020262,16072.021484,20100514_205711
141,KBBX20100515_040251_V04,49,0.137,153.87,399.391296,28.164169,-122.48,39.045412,14082.084656,20100514_210251
143,KBBX20100515_035711_V04,44,0.126,308.40,481.271667,7.085964,-121.58,38.679687,3542.982101,20100514_205711
144,KBBX20100515_035711_V04,44,0.123,265.86,464.802246,7.770592,-121.83,38.753710,3885.295868,20100514_205711
145,KBBX20100515_035711_V04,44,0.110,428.93,487.188049,84.237190,-120.89,38.650676,42118.595123,20100514_205711
138,KBBX20100516_031850_V04,4,0.103,269.70,360.083252,4.449730,-121.81,39.225387,2224.864960,20100515_201850
138,KBBX20100516_032822_V04,14,0.307,289.64,370.380892,15.187248,-121.69,39.179126,7593.623947,20100515_202822
138,KBBX20100516_033756_V04,23,0.148,299.80,383.171898,23.956433,-121.63,39.121534,11978.216560,20100515_203756
138,KBBX20100516_034729_V04,33,0.130,300.27,376.422089,15.173859,-121.63,39.151934,7586.929321,20100515_204729
141,KBBX20100516_033756_V04,23,0.209,136.02,364.391357,7.007957,-122.58,39.202234,3503.978729,20100515_203756
141,KBBX20100516_034729_V04,33,0.579,136.20,342.238384,30.299849,-122.58,39.302004,15149.924700,20100515_204729
133,KBBX20100516_025010_V04,-24,0.513,272.11,357.760925,10.892281,-121.79,39.235866,5446.140289,20100515_195010
134,KBBX20100516_030916_V04,-5,0.640,217.32,389.917969,10.212410,-122.11,39.090166,5106.204987,20100515_200916
139,KBBX20100516_033756_V04,23,0.569,301.06,487.793732,27.512016,-121.63,38.650321,13756.008148,20100515_203756
142,KBBX20100516_033756_V04,23,0.203,197.42,291.355377,20.236458,-122.23,39.533511,10118.228912,20100515_203756
143,KBBX20100516_033756_V04,23,0.201,133.18,335.622803,28.460272,-122.60,39.331651,14230.135918,20100515_203756
146,KBBX20100516_035702_V04,43,0.214,430.40,484.277679,70.170593,-120.88,38.663730,35085.296631,20100515_205702
147,KBBX20100516_035702_V04,43,0.178,523.68,468.498535,72.485405,-120.35,38.730075,36242.702484,20100515_205702
148,KBBX20100516_035702_V04,43,0.166,222.17,143.338989,46.653862,-122.09,40.200695,23326.931000,20100515_205702
149,KBBX20100516_035702_V04,43,0.101,184.07,418.289856,33.080399,-122.30,38.961437,16540.199280,20100515_205702
150,KBBX20100517_032135_V04,6,0.101,270.91,358.682556,20.288506,-121.80,39.231705,10144.252777,20100516_202135
150,KBBX20100517_033108_V04,16,0.256,276.89,361.022656,34.970598,-121.77,39.221211,17485.298912,20100516_203108
150,KBBX20100517_034040_V04,25,-1.000,281.96,363.009532,48.246525,-121.74,39.212293,24123.262611,20100516_204040
150,KBBX20100517_035012_V04,35,0.104,276.18,358.486572,16.055023,-121.77,39.232628,8027.511597,20100516_205012
147,KBBX20100517_032135_V04,6,0.339,412.72,487.245972,50.425819,-120.98,38.650975,25212.909698,20100516_202135
147,KBBX20100517_033108_V04,16,-1.000,412.72,487.245972,66.325819,-120.98,38.650975,33162.909698,20100516_203108
147,KBBX20100517_034040_V04,25,0.314,420.48,501.001553,69.374229,-120.94,38.588762,34687.114274,20100516_204040
156,KBBX20100517_033108_V04,16,0.164,383.50,519.650635,29.099640,-121.15,38.505839,14549.819946,20100516_203108
156,KBBX20100517_034040_V04,25,-1.000,383.50,519.650635,43.409640,-121.15,38.505839,21704.819946,20100516_204040
156,KBBX20100517_035012_V04,35,0.134,415.13,500.037714,60.304048,-120.97,38.593282,30152.023881,20100516_205012
161,KBBX20100517_034040_V04,25,0.124,513.36,522.564148,32.827999,-120.41,38.487232,16413.999557,20100516_204040
161,KBBX20100517_035012_V04,35,0.137,507.85,519.245892,41.062818,-120.44,38.502506,20531.408960,20100516_205012
162,KBBX20100517_034040_V04,25,0.111,109.89,355.414856,30.114277,-122.73,39.241321,15057.138443,20100516_204040
162,KBBX20100517_035012_V04,35,0.105,114.57,358.071730,35.956515,-122.71,39.229611,17978.257373,20100516_205012
162,KBBX20100517_035946_V04,44,0.192,119.02,354.142822,25.915852,-122.68,39.247539,12957.925797,20100516_205946
160,KBBX20100517_034040_V04,25,0.129,199.41,288.393585,16.330353,-122.22,39.546908,8165.176392,20100516_204040
160,KBBX20100517_035012_V04,35,-1.000,199.41,288.393585,32.230353,-122.22,39.546908,16115.176392,20100516_205012
160,KBBX20100517_035946_V04,44,0.233,213.71,283.467037,32.167085,-122.13,39.569482,16083.542737,20100516_205946
169,KBBX20100517_035946_V04,44,0.219,226.63,153.130981,49.994686,-122.06,40.156702,24997.343063,20100516_205946
169,KBBX20100517_040918_V04,54,0.321,205.06,140.850714,64.114513,-122.19,40.211463,32057.256692,20100516_210918
144,KBBX20100517_030231_V04,-13,0.400,231.23,311.719116,10.686768,-122.03,39.442647,5343.383789,20100516_200231
146,KBBX20100517_031203_V04,-3,0.332,304.45,271.450867,14.212753,-121.61,39.624676,7106.376648,20100516_201203
146,KBBX20100517_032135_V04,6,0.148,304.18,269.433533,10.917084,-121.61,39.633762,5458.541870,20100516_202135
151,KBBX20100517_033108_V04,16,0.353,359.67,467.500610,7.689966,-121.29,38.741214,3844.983101,20100516_203108
155,KBBX20100517_033108_V04,16,0.168,332.78,583.105652,14.571888,-121.44,38.220854,7285.943985,20100516_203108
158,KBBX20100517_033108_V04,16,0.101,387.51,581.476196,19.891655,-121.13,38.227263,9945.827484,20100516_203108
159,KBBX20100517_034040_V04,25,0.171,126.68,297.645081,26.697670,-122.64,39.502350,13348.834991,20100516_204040
163,KBBX20100517_035012_V04,35,0.164,358.01,414.748260,50.015663,-121.30,38.978835,25007.831573,20100516_205012
165,KBBX20100517_035012_V04,35,0.110,186.54,178.817566,45.645317,-122.30,40.039936,22822.658539,20100516_205012
167,KBBX20100517_035946_V04,44,0.778,93.51,100.880768,27.741985,-122.85,40.386458,13870.992661,20100516_205946
171,KBBX20100517_035946_V04,44,0.186,291.83,415.047607,28.778488,-121.68,38.977961,14389.244080,20100516_205946
169,KBBX20100518_030724_V04,-9,0.160,88.36,464.609650,21.371399,-122.85,38.748338,10685.699463,20100517_200724
169,KBBX20100518_031259_V04,-4,0.590,87.80,463.999259,27.255684,-122.85,38.751053,13627.841755,20100517_201259
169,KBBX20100518_031834_V04,2,0.532,71.04,465.967426,35.849410,-122.95,38.741132,17924.704775,20100517_201834
176,KBBX20100518_033517_V04,19,0.141,248.93,458.368164,20.683609,-121.93,38.782483,10341.804504,20100517_203517
176,KBBX20100518_034052_V04,24,0.186,250.21,457.635416,28.106376,-121.92,38.785802,14053.187932,20100517_204052
176,KBBX20100518_034626_V04,30,0.214,218.36,470.744385,37.379158,-122.10,38.726160,18689.579010,20100517_204626
177,KBBX20100518_033517_V04,19,0.131,431.48,511.865967,33.106010,-120.88,38.539433,16553.005219,20100517_203517
177,KBBX20100518_034052_V04,24,0.353,435.39,512.479304,40.692548,-120.86,38.536522,20346.274128,20100517_204052
179,KBBX20100518_034052_V04,24,0.582,496.45,517.288086,33.437332,-120.51,38.511980,16718.666077,20100517_204052
179,KBBX20100518_034626_V04,30,0.457,501.19,515.798306,39.188264,-120.48,38.518421,19594.132142,20100517_204626
162,KBBX20100518_025041_V04,-26,0.229,178.43,88.422028,64.237144,-122.35,40.446679,32118.572235,20100517_195041
162,KBBX20100518_025615_V04,-20,0.117,149.05,65.168213,41.938225,-122.52,40.550190,20969.112396,20100517_195615
164,KBBX20100518_025615_V04,-20,0.153,62.02,463.096130,35.040718,-123.00,38.753460,17520.359039,20100517_195615
165,KBBX20100518_025615_V04,-20,0.123,492.47,576.608948,16.014618,-120.53,38.245027,8007.308960,20100517_195615
167,KBBX20100518_030150_V04,-15,0.148,219.68,547.400208,6.428320,-122.09,38.380923,3214.159966,20100517_200150
172,KBBX20100518_032409_V04,8,0.570,277.39,367.863770,22.763813,-121.76,39.190404,11381.906509,20100517_202409
174,KBBX20100518_032944_V04,13,0.331,308.49,380.554932,8.082504,-121.58,39.133310,4041.252136,20100517_202944
175,KBBX20100518_033517_V04,19,0.460,475.89,513.602966,43.456978,-120.62,38.529666,21728.488922,20100517_203517
180,KBBX20100518_034052_V04,24,0.361,168.50,445.597260,24.556168,-122.39,38.837899,12278.083801,20100517_204052
181,KBBX20100518_034052_V04,24,0.180,355.57,572.849670,21.757349,-121.31,38.266767,10878.674507,20100517_204052
183,KBBX20100518_035736_V04,41,0.250,370.09,560.385681,17.411800,-121.23,38.322650,8705.900192,20100517_205736
184,KBBX20100518_040310_V04,47,0.283,261.27,252.269958,29.575836,-121.86,39.710839,14787.918091,20100517_210310
185,KBBX20100518_040844_V04,52,0.129,507.72,512.279236,43.183949,-120.44,38.533890,21591.974258,20100517_210844
181,KBBX20100519_030830_V04,-9,0.398,271.20,358.555298,10.807457,-121.80,39.232281,5403.728485,20100518_200830
181,KBBX20100519_031404_V04,-3,-1.000,271.20,358.555298,20.347457,-121.80,39.232281,10173.728485,20100518_201404
181,KBBX20100519_031938_V04,2,-1.000,271.20,358.555298,28.297457,-121.80,39.232281,14148.728485,20100518_201938
181,KBBX20100519_032513_V04,8,0.802,284.83,372.948892,30.613599,-121.72,39.167543,15306.799348,20100518_202513
181,KBBX20100519_033046_V04,13,0.491,290.90,360.266436,33.605126,-121.68,39.224682,16802.562785,20100518_203046
181,KBBX20100519_033619_V04,19,0.108,294.42,356.636437,37.368958,-121.66,39.241038,18684.478988,20100518_203619
177,KBBX20100519_025149_V04,-26,0.148,267.97,359.798004,6.802544,-121.82,39.226656,3401.271820,20100518_195149
178,KBBX20100519_025149_V04,-26,0.136,94.05,109.993073,20.367714,-122.84,40.345465,10183.856964,20100518_195149
179,KBBX20100519_025723_V04,-20,0.166,367.05,368.322296,10.906021,-121.24,39.187764,5453.010559,20100518_195723
183,KBBX20100519_033619_V04,19,0.171,361.14,466.097534,3.621910,-121.28,38.747508,1810.955048,20100518_203619
184,KBBX20100519_033619_V04,19,0.149,205.54,294.534424,7.655373,-122.18,39.519427,3827.686310,20100518_203619
186,KBBX20100519_035302_V04,36,0.220,319.63,413.716766,40.674477,-121.52,38.983910,20337.238312,20100518_205302
187,KBBX20100519_035302_V04,36,0.117,180.32,120.990356,47.785530,-122.34,40.300105,23892.765045,20100518_205302
188,KBBX20100519_035837_V04,41,0.100,140.30,315.426086,33.321056,-122.56,39.422939,16660.528183,20100518_205837
190,KBBX20100520_031430_V04,-4,0.665,303.42,382.813385,15.891792,-121.61,39.123147,7945.896149,20100519_201430
190,KBBX20100520_032004_V04,2,0.889,303.22,377.684084,18.651214,-121.61,39.146248,9325.607020,20100519_202004
190,KBBX20100520_032538_V04,7,0.879,287.58,384.587895,29.980519,-121.70,39.115134,14990.259528,20100519_202538
190,KBBX20100520_033113_V04,13,0.645,276.52,371.843091,36.862872,-121.77,39.172477,18431.436092,20100519_203113
190,KBBX20100520_033646_V04,18,0.154,274.77,361.937552,36.822332,-121.78,39.217076,18411.165935,20100519_203646
199,KBBX20100520_033646_V04,18,0.172,205.91,298.273224,11.723862,-122.18,39.502600,5861.930847,20100519_203646
199,KBBX20100520_034220_V04,24,0.665,204.80,300.702614,17.498254,-122.19,39.491629,8749.126913,20100519_204220
199,KBBX20100520_034754_V04,29,0.271,213.97,291.122031,28.103923,-122.13,39.535015,14051.961512,20100519_204754
199,KBBX20100520_035328_V04,35,0.182,219.79,282.750314,32.825381,-122.10,39.572857,16412.690663,20100519_205328
197,KBBX20100520_033646_V04,18,0.216,274.54,264.844513,28.291523,-121.78,39.654336,14145.761490,20100519_203646
197,KBBX20100520_034220_V04,24,0.142,271.48,266.174771,37.601081,-121.80,39.648321,18800.540423,20100519_204220
197,KBBX20100520_034754_V04,29,0.222,277.13,237.669983,28.331738,-121.77,39.776729,14165.868759,20100519_204754
197,KBBX20100520_035328_V04,35,0.148,277.81,237.924173,34.390757,-121.76,39.775589,17195.378266,20100519_205328
186,KBBX20100520_025212_V04,-26,0.342,242.93,277.658386,7.264427,-121.96,39.596250,3632.213593,20100519_195212
188,KBBX20100520_030321_V04,-15,0.280,278.72,378.867126,26.593117,-121.75,39.140856,13296.558380,20100519_200321
198,KBBX20100520_033646_V04,18,0.187,78.05,203.356995,12.011894,-122.93,39.924101,6005.947113,20100519_203646
203,KBBX20100520_035903_V04,41,0.159,319.44,374.011536,11.454735,-121.52,39.162736,5727.367401,20100519_205903
199,KBBX20100521_034035_V04,21,0.135,200.30,300.760742,11.107368,-122.21,39.491240,5553.684235,20100520_204035
199,KBBX20100521_035008_V04,31,0.228,190.60,320.501092,30.580042,-122.27,39.402047,15290.020933,20100520_205008
200,KBBX20100521_034035_V04,21,0.115,198.17,166.983459,27.872032,-122.23,40.093592,13936.016083,20100520_204035
200,KBBX20100521_035008_V04,31,-1.000,198.17,166.983459,43.772032,-122.23,40.093592,21886.016083,20100520_205008
200,KBBX20100521_035942_V04,40,0.142,176.58,170.286313,54.115565,-122.36,40.078004,27057.782431,20100520_205942
193,KBBX20100521_025244_V04,-27,0.138,110.89,189.112061,3.466106,-122.74,39.990220,1733.053207,20100520_195244
194,KBBX20100521_033101_V04,12,0.274,301.88,380.922150,8.374794,-121.62,39.131666,4187.397003,20100520_203101
198,KBBX20100521_034035_V04,21,0.170,267.89,253.436951,25.938450,-121.82,39.705652,12969.224930,20100520_204035
201,KBBX20100521_035008_V04,31,0.726,131.51,325.672485,22.482248,-122.61,39.376379,11241.124153,20100520_205008
201,KBBX20100521_035942_V04,40,0.163,76.44,314.296631,68.014160,-122.93,39.424473,34007.080078,20100520_205942
204,KBBX20100521_035942_V04,40,0.123,147.71,392.105499,11.926132,-122.51,39.077958,5963.066101,20100520_205942
207,KBBX20100522_031113_V04,-9,0.219,272.00,357.335754,3.819519,-121.79,39.237780,1909.759521,20100521_201113
207,KBBX20100522_031647_V04,-4,0.248,272.28,357.604197,11.401370,-121.79,39.236573,5700.685159,20100521_201647
207,KBBX20100522_032221_V04,2,-1.000,272.55,357.863979,20.585097,-121.79,39.235405,10292.548680,20100521_202221
207,KBBX20100522_032756_V04,7,0.128,288.41,369.916461,24.265595,-121.70,39.181214,12132.797492,20100521_202756
207,KBBX20100522_033329_V04,13,0.323,296.68,367.295896,25.618110,-121.65,39.193034,12809.054905,20100521_203329
207,KBBX20100522_033904_V04,19,0.346,301.43,351.475419,33.673978,-121.62,39.264286,16836.989143,20100521_203904
211,KBBX20100522_033329_V04,13,0.105,266.93,254.889709,7.135437,-121.82,39.699101,3567.718506,20100521_203329
211,KBBX20100522_033904_V04,19,0.267,263.92,260.256337,19.347771,-121.84,39.674903,9673.885409,20100521_203904
211,KBBX20100522_034439_V04,24,0.458,258.69,270.060644,27.448926,-121.87,39.630691,13724.462992,20100521_204439
201,KBBX20100522_025430_V04,-26,0.349,109.89,248.128082,24.610891,-122.74,39.724433,12305.445671,20100521_195430
201,KBBX20100522_030004_V04,-20,0.116,109.53,248.486891,30.797283,-122.74,39.722797,15398.641749,20100521_200004
217,KBBX20100522_040656_V04,46,0.204,269.98,357.916199,7.439987,-121.81,39.235149,3719.993591,20100521_210656
217,KBBX20100522_041231_V04,52,-1.000,269.98,357.916199,16.979987,-121.81,39.235149,8489.993591,20100521_211231
217,KBBX20100522_041806_V04,58,0.173,270.95,375.759486,23.249987,-121.80,39.154796,11624.993563,20100521_211806
200,KBBX20100522_025430_V04,-26,0.916,271.72,357.245178,11.158905,-121.80,39.238186,5579.452515,20100521_195430
202,KBBX20100522_025430_V04,-26,0.330,537.66,527.411682,32.508041,-120.27,38.463842,16254.020691,20100521_195430
205,KBBX20100522_030539_V04,-15,0.346,141.32,94.905457,35.326614,-122.57,40.415947,17663.307190,20100521_200539
206,KBBX20100522_030539_V04,-15,0.294,285.76,520.969421,10.218075,-121.71,38.500862,5109.037399,20100521_200539
213,KBBX20100522_035013_V04,30,0.195,81.22,247.817230,12.166843,-122.91,39.724121,6083.421707,20100521_205013
214,KBBX20100522_035013_V04,30,0.107,366.15,369.869598,11.202652,-121.25,39.180813,5601.325989,20100521_205013
214,KBBX20100522_035547_V04,35,0.125,368.91,373.902344,6.692032,-121.23,39.162597,3346.015930,20100521_205547
216,KBBX20100522_040656_V04,46,0.461,141.80,97.587585,38.023781,-122.56,40.403893,19011.890411,20100521_210656
219,KBBX20100522_040656_V04,46,0.105,278.31,384.534119,27.662220,-121.76,39.115331,13831.110001,20100521_210656
213,KBBX20100523_025741_V04,-23,0.109,274.80,358.042480,10.947784,-121.78,39.234619,5473.892212,20100522_195741
213,KBBX20100523_030155_V04,-19,0.108,274.39,358.205863,16.402082,-121.78,39.233880,8201.041121,20100522_200155
213,KBBX20100523_030609_V04,-14,0.138,272.53,366.431033,22.541647,-121.79,39.196822,11270.823514,20100522_200609
213,KBBX20100523_031022_V04,-10,0.241,272.72,372.527796,23.106545,-121.79,39.169365,11553.272615,20100522_201022
233,KBBX20100523_040518_V04,45,0.157,271.20,358.317108,4.864197,-121.80,39.233354,2432.098389,20100522_210518
233,KBBX20100523_040931_V04,49,0.379,271.43,358.024982,10.428475,-121.80,39.234671,5214.237415,20100522_210931
233,KBBX20100523_041345_V04,53,0.116,271.05,362.651151,13.838316,-121.80,39.213833,6919.158013,20100522_211345
214,KBBX20100523_030155_V04,-19,0.313,99.90,257.692810,17.030403,-122.80,39.680796,8515.201569,20100522_200155
214,KBBX20100523_030609_V04,-14,0.388,102.76,256.456741,25.476639,-122.78,39.686528,12738.319425,20100522_200609
214,KBBX20100523_031022_V04,-10,0.103,106.90,254.139008,22.180328,-122.76,39.697200,11090.164185,20100522_201022
226,KBBX20100523_033957_V04,19,0.453,271.25,357.153320,11.072319,-121.80,39.238595,5536.159515,20100522_203957
226,KBBX20100523_034411_V04,24,0.555,271.90,356.983823,15.645897,-121.79,39.239364,7822.948441,20100522_204411
226,KBBX20100523_034824_V04,28,0.403,270.66,357.385193,11.014709,-121.80,39.237546,5507.354736,20100522_204824
226,KBBX20100523_035238_V04,32,0.521,270.61,357.501773,15.350382,-121.80,39.237021,7675.190753,20100522_205238
232,KBBX20100523_040518_V04,45,0.207,118.31,345.254242,10.698683,-122.68,39.287529,5349.341393,20100522_210518
232,KBBX20100523_040931_V04,49,-1.000,118.31,345.254242,17.058683,-122.68,39.287529,8529.341393,20100522_210931
232,KBBX20100523_041345_V04,53,0.168,120.34,343.082542,19.096629,-122.67,39.297415,9548.314460,20100522_211345
234,KBBX20100523_040931_V04,49,0.364,104.31,256.134003,18.145638,-122.77,39.688069,9072.818756,20100522_210931
234,KBBX20100523_041345_V04,53,0.155,104.56,256.117287,24.259802,-122.77,39.688159,12129.901135,20100522_211345
212,KBBX20100523_025741_V04,-23,0.236,127.26,351.892883,16.727383,-122.63,39.258092,8363.691330,20100522_195741
219,KBBX20100523_031435_V04,-6,0.164,258.73,527.738403,8.272541,-121.87,38.470159,4136.270523,20100522_201435
221,KBBX20100523_032303_V04,3,0.560,99.32,253.699738,16.760395,-122.80,39.698742,8380.197525,20100522_202303
224,KBBX20100523_033130_V04,11,0.311,345.97,302.264679,7.331879,-121.36,39.485604,3665.939331,20100522_203130
225,KBBX20100523_033957_V04,19,0.464,107.59,251.890533,25.358582,-122.75,39.707363,12679.290771,20100522_203957
228,KBBX20100523_035651_V04,36,0.509,118.25,302.884857,19.448709,-122.69,39.478320,9724.354744,20100522_205651
231,KBBX20100523_040518_V04,45,0.419,112.41,326.069336,11.125523,-122.72,39.373606,5562.761307,20100522_210518
235,KBBX20100523_040931_V04,49,0.182,186.09,427.786346,6.731277,-122.29,38.918734,3365.638733,20100522_210931
236,KBBX20100523_040931_V04,49,0.103,147.03,98.472290,38.014755,-122.53,40.400151,19007.377625,20100522_210931
228,KBBX20100524_031201_V04,-9,0.246,264.64,394.843811,6.147751,-121.84,39.068786,3073.875427,20100523_201201
228,KBBX20100524_032136_V04,0,0.176,273.01,384.682235,15.497886,-121.79,39.114627,7748.943078,20100523_202136
228,KBBX20100524_033111_V04,10,0.532,281.07,365.369548,28.168264,-121.74,39.201660,14084.131891,20100523_203111
228,KBBX20100524_034045_V04,19,0.516,274.54,364.761369,38.519897,-121.78,39.204357,19259.948459,20100523_204045
234,KBBX20100524_033111_V04,10,0.542,202.89,297.227570,7.224960,-122.20,39.507225,3612.480164,20100523_203111
234,KBBX20100524_034045_V04,19,0.367,207.70,295.792383,15.821124,-122.17,39.513821,7910.562173,20100523_204045
245,KBBX20100524_040927_V04,48,0.339,426.31,435.087097,31.134148,-120.90,38.885426,15567.073822,20100523_210927
245,KBBX20100524_041903_V04,58,0.106,421.30,444.398680,48.626373,-120.93,38.843667,24313.186443,20100523_211903
249,KBBX20100524_040927_V04,48,0.180,280.40,336.122437,32.427399,-121.75,39.333375,16213.699341,20100523_210927
249,KBBX20100524_041903_V04,58,0.487,289.75,343.478211,39.373443,-121.69,39.300288,19686.721504,20100523_211903
227,KBBX20100524_030227_V04,-19,0.130,281.93,398.631409,15.378044,-121.74,39.051860,7689.022064,20100523_200227
231,KBBX20100524_032136_V04,0,0.205,222.36,184.746155,3.469360,-122.09,40.014246,1734.680176,20100523_202136
233,KBBX20100524_033111_V04,10,0.653,363.16,446.631348,22.212807,-121.27,38.835148,11106.403351,20100523_203111
240,KBBX20100524_034045_V04,19,0.187,186.36,234.817932,37.231987,-122.30,39.787761,18615.993500,20100523_204045
241,KBBX20100524_034045_V04,19,0.150,248.32,276.589355,15.975357,-121.93,39.601150,7987.678528,20100523_204045
243,KBBX20100524_040927_V04,48,0.518,275.58,207.817657,54.960434,-121.77,39.911150,27480.216980,20100523_210927
244,KBBX20100524_040927_V04,48,0.507,122.42,355.563049,28.623150,-122.66,39.241319,14311.574936,20100523_210927
247,KBBX20100524_040927_V04,48,0.193,119.83,257.752991,16.710052,-122.68,39.681631,8355.026245,20100523_210927
245,KBBX20100525_032455_V04,2,0.737,304.77,372.356079,7.395058,-121.60,39.170243,3697.528839,20100524_202455
245,KBBX20100525_033036_V04,8,0.245,304.04,372.573706,14.387673,-121.61,39.169263,7193.836260,20100524_203036
245,KBBX20100525_033620_V04,14,0.840,294.14,368.697643,22.828995,-121.67,39.186718,11414.497739,20100524_203620
245,KBBX20100525_034202_V04,20,0.370,291.92,359.084102,29.489676,-121.68,39.230010,14744.838127,20100524_204202
241,KBBX20100525_031912_V04,-3,0.571,206.84,368.551819,3.681534,-122.17,39.186126,1840.766907,20100524_201912
241,KBBX20100525_032455_V04,2,0.201,206.05,367.526514,10.539721,-122.18,39.190723,5269.860419,20100524_202455
241,KBBX20100525_033036_V04,8,0.102,203.42,361.434383,14.569890,-122.19,39.218087,7284.944972,20100524_203036
241,KBBX20100525_033620_V04,14,-1.000,201.11,356.240648,19.384540,-122.20,39.241412,9692.269878,20100524_203620
241,KBBX20100525_034202_V04,20,-1.000,198.81,351.046914,24.199190,-122.22,39.264736,12099.594784,20100524_204202
241,KBBX20100525_034744_V04,25,-1.000,196.89,346.718801,28.211398,-122.23,39.284171,14105.698873,20100524_204744
241,KBBX20100525_035329_V04,31,0.107,221.55,339.458869,37.491487,-122.09,39.317514,18745.743750,20100524_205329
253,KBBX20100525_034202_V04,20,0.722,196.76,287.294769,15.086327,-122.23,39.551777,7543.163300,20100524_204202
253,KBBX20100525_034744_V04,25,0.732,193.64,287.067274,18.563219,-122.25,39.552706,9281.609501,20100524_204744
253,KBBX20100525_035329_V04,31,-1.000,190.62,286.847117,23.774405,-122.27,39.553603,11887.202600,20100524_205329
253,KBBX20100525_035649_V04,34,0.234,182.32,291.854703,23.366028,-122.32,39.530779,11683.013973,20100524_205649
256,KBBX20100525_040622_V04,44,0.201,133.51,367.175354,15.916380,-122.60,39.189577,7958.189964,20100524_210622
256,KBBX20100525_041558_V04,53,0.213,129.28,363.553564,30.387415,-122.62,39.205681,15193.707309,20100524_211558
239,KBBX20100525_030203_V04,-20,0.189,241.44,270.869080,6.761482,-121.97,39.626800,3380.741119,20100524_200203
240,KBBX20100525_030746_V04,-15,0.149,83.62,277.112671,6.929909,-122.89,39.592365,3464.954376,20100524_200746
248,KBBX20100525_032455_V04,2,0.157,214.39,171.979828,11.071449,-122.13,40.071541,5535.724640,20100524_202455
250,KBBX20100525_033036_V04,8,0.588,319.52,440.501526,3.989838,-121.52,38.863273,1994.918823,20100524_203036
250,KBBX20100525_033620_V04,14,-1.000,319.52,440.501526,13.529838,-121.52,38.863273,6764.918823,20100524_203620
250,KBBX20100525_034202_V04,20,0.108,333.28,400.442017,49.663437,-121.44,39.043593,24831.718445,20100524_204202
255,KBBX20100525_034744_V04,25,0.148,225.23,335.498932,37.676071,-122.07,39.335429,18838.035583,20100524_204744
259,KBBX20100526_034245_V04,19,0.541,477.45,526.992432,26.880146,-120.62,38.469284,13440.073013,20100525_204245
259,KBBX20100526_034659_V04,23,0.412,479.03,526.257412,33.592246,-120.61,38.472514,16796.123230,20100525_204659
259,KBBX20100526_035112_V04,28,-1.000,480.47,525.589213,41.862338,-120.60,38.475450,20931.168881,20100525_205112
259,KBBX20100526_035525_V04,32,0.137,490.27,520.394607,41.679189,-120.54,38.498329,20839.594701,20100525_205525
259,KBBX20100526_035939_V04,36,-1.000,495.56,517.632131,45.044630,-120.51,38.510480,22522.315064,20100525_205939
259,KBBX20100526_040352_V04,40,-1.000,500.84,514.869655,48.410071,-120.48,38.522623,24205.035428,20100525_210352
259,KBBX20100526_040806_V04,45,0.360,516.46,511.744546,49.502259,-120.39,38.535770,24751.129525,20100525_210806
259,KBBX20100526_041220_V04,49,0.155,516.47,512.893046,47.173955,-120.39,38.530597,23586.977406,20100525_211220
259,KBBX20100526_041634_V04,53,-1.000,519.52,512.643936,46.559121,-120.37,38.531530,23279.560294,20100525_211634
259,KBBX20100526_042047_V04,57,0.211,521.10,517.130894,48.037878,-120.36,38.511223,24018.938872,20100525_212047
258,KBBX20100526_033417_V04,11,0.122,122.25,562.180847,8.651302,-122.65,38.310783,4325.651169,20100525_203417
258,KBBX20100526_033831_V04,15,0.125,121.30,562.308782,14.994944,-122.65,38.310159,7497.471977,20100525_203831
258,KBBX20100526_034245_V04,19,0.760,119.82,561.480853,16.900318,-122.66,38.313812,8450.159032,20100525_204245
258,KBBX20100526_034659_V04,23,-1.000,118.54,560.882840,19.914799,-122.67,38.316440,9957.399680,20100525_204659
258,KBBX20100526_035112_V04,28,0.139,122.90,565.978186,27.750248,-122.64,38.293712,13875.124207,20100525_205112
258,KBBX20100526_035525_V04,32,0.101,125.90,565.016954,29.450489,-122.63,38.298191,14725.244254,20100525_205525
251,KBBX20100526_030854_V04,-15,0.656,444.92,523.212158,35.757576,-120.80,38.487802,17878.787994,20100525_200854
251,KBBX20100526_031308_V04,-10,0.564,446.08,522.213204,41.711742,-120.79,38.492253,20855.870819,20100525_201308
251,KBBX20100526_031722_V04,-6,0.191,441.80,518.952393,31.943134,-120.82,38.507114,15971.567154,20100525_201722
248,KBBX20100526_025614_V04,-27,0.210,33.36,224.773499,30.842739,-123.19,39.824478,15421.369553,20100525_195614
249,KBBX20100526_025614_V04,-27,0.179,538.96,574.058594,27.999496,-120.27,38.253675,13999.748230,20100525_195614
250,KBBX20100526_030028_V04,-23,0.107,536.08,528.046570,37.823830,-120.28,38.461089,18911.914825,20100525_200028
252,KBBX20100526_030854_V04,-15,0.168,123.74,516.648682,8.100307,-122.64,38.515931,4050.153732,20100525_200854
253,KBBX20100526_031722_V04,-6,0.336,487.63,553.448730,36.654018,-120.56,38.349600,18327.009201,20100525_201722
260,KBBX20100526_034245_V04,19,0.155,366.25,559.439392,13.989042,-121.25,38.326987,6994.521141,20100525_204245
262,KBBX20100526_035112_V04,28,0.122,482.63,516.513367,28.413342,-120.58,38.516214,14206.670761,20100525_205112
263,KBBX20100526_035525_V04,32,0.396,134.39,129.530060,18.388191,-122.61,40.259718,9194.095612,20100525_205525
265,KBBX20100526_041634_V04,53,0.432,128.39,338.038605,23.858006,-122.63,39.320538,11929.002762,20100525_211634
266,KBBX20100527_031705_V04,-7,0.226,311.94,402.726685,31.947754,-121.56,39.033442,15973.876953,20100526_201705
266,KBBX20100527_032119_V04,-3,0.469,309.26,400.056348,36.103352,-121.58,39.045477,18051.676009,20100526_202119
266,KBBX20100527_032532_V04,1,0.216,305.58,404.235052,45.832067,-121.60,39.026665,22916.033640,20100526_202532
268,KBBX20100527_031705_V04,-7,0.214,210.52,293.869080,6.862984,-122.15,39.522556,3431.491852,20100526_201705
268,KBBX20100527_032119_V04,-3,0.130,211.10,293.734765,12.058458,-122.15,39.523176,6029.228816,20100526_202119
268,KBBX20100527_032532_V04,1,0.252,210.86,286.847469,17.839235,-122.15,39.554186,8919.617606,20100526_202532
260,KBBX20100527_025557_V04,-29,0.153,272.32,358.870239,10.716156,-121.79,39.230872,5358.078003,20100526_195557
260,KBBX20100527_030011_V04,-24,0.249,272.00,358.902808,16.559964,-121.79,39.230722,8279.981998,20100526_200011
261,KBBX20100527_030839_V04,-16,0.161,235.22,270.463074,7.104752,-122.01,39.628516,3552.375793,20100526_200839
261,KBBX20100527_031252_V04,-12,0.121,235.47,270.634597,12.146963,-122.01,39.627749,6073.481291,20100526_201252
264,KBBX20100527_031252_V04,-12,0.109,358.75,476.778595,7.337170,-121.29,38.699441,3668.584824,20100526_201252
264,KBBX20100527_031705_V04,-7,0.408,358.90,477.092125,14.561140,-121.29,38.698027,7280.569877,20100526_201705
276,KBBX20100527_032532_V04,1,0.226,211.70,375.920776,6.619446,-122.14,39.153067,3309.722900,20100526_202532
276,KBBX20100527_032946_V04,5,0.864,213.05,374.945917,9.726272,-122.13,39.157491,4863.135778,20100526_202946
291,KBBX20100527_041613_V04,52,0.163,130.33,350.025818,29.152388,-122.61,39.266652,14576.193810,20100526_211613
291,KBBX20100527_042026_V04,56,0.183,129.59,351.117557,34.975009,-122.62,39.261699,17487.504607,20100526_212026
262,KBBX20100527_031252_V04,-12,0.177,274.61,355.368835,6.950806,-121.78,39.246658,3475.402832,20100526_201252
263,KBBX20100527_031252_V04,-12,0.128,346.58,582.320129,14.288393,-121.37,38.224238,7144.196510,20100526_201252
265,KBBX20100527_031252_V04,-12,0.106,40.63,231.449951,39.418106,-123.15,39.794979,19709.053040,20100526_201252
265,KBBX20100527_031705_V04,-7,0.226,44.15,211.174622,26.218845,-123.13,39.886529,13109.422684,20100526_201705
265,KBBX20100527_032119_V04,-3,-1.000,44.15,211.174622,32.578845,-123.13,39.886529,16289.422684,20100526_202119
265,KBBX20100527_032532_V04,1,0.121,40.66,189.214661,7.204830,-123.15,39.985133,3602.415085,20100526_202532
279,KBBX20100527_032946_V04,5,0.236,499.83,562.471863,23.022173,-120.49,38.308291,11511.086464,20100526_202946
284,KBBX20100527_035507_V04,31,0.655,363.24,408.266235,39.526840,-121.27,39.007938,19763.420105,20100526_205507
284,KBBX20100527_035919_V04,35,-1.000,363.24,408.266235,45.886840,-121.27,39.007938,22943.420105,20100526_205919
284,KBBX20100527_040333_V04,39,0.382,365.20,409.592407,40.397995,-121.26,39.001929,20198.997498,20100526_210333
284,KBBX20100527_040747_V04,43,-1.000,365.20,409.592407,46.757995,-121.26,39.001929,23378.997498,20100526_210747
284,KBBX20100527_041201_V04,48,0.387,362.09,413.150391,38.592430,-121.27,38.985962,19296.215057,20100526_211201
284,KBBX20100527_041613_V04,52,0.321,359.18,402.285828,33.515388,-121.29,39.034944,16757.694244,20100526_211613
286,KBBX20100527_040333_V04,39,0.107,290.62,392.125610,49.069065,-121.69,39.081196,24534.532547,20100526_210333
287,KBBX20100527_040747_V04,43,0.235,210.18,206.571777,41.675621,-122.16,39.915665,20837.810516,20100526_210747
288,KBBX20100527_040747_V04,43,0.194,419.01,450.588318,46.571426,-120.95,38.815869,23285.713196,20100526_210747
277,KBBX20100528_031241_V04,-12,0.285,321.97,355.574341,6.222176,-121.50,39.245756,3111.087799,20100527_201241
277,KBBX20100528_031655_V04,-8,0.266,323.19,355.763660,11.294948,-121.50,39.244896,5647.473754,20100527_201655
279,KBBX20100528_032109_V04,-3,0.576,95.92,413.729614,23.523357,-122.81,38.977921,11761.678696,20100527_202109
279,KBBX20100528_032523_V04,1,0.199,96.19,413.698922,28.349917,-122.81,38.978075,14174.958465,20100527_202523
280,KBBX20100528_032109_V04,-3,0.236,294.11,383.329895,26.550636,-121.67,39.120817,13275.318146,20100527_202109
280,KBBX20100528_032523_V04,1,0.670,293.53,384.182892,30.851470,-121.67,39.116975,15425.734791,20100527_202523
280,KBBX20100528_032936_V04,5,0.123,309.73,373.550873,8.763168,-121.58,39.164851,4381.584167,20100527_202936
280,KBBX20100528_033349_V04,9,0.152,308.59,374.972037,15.299979,-121.58,39.158454,7649.989389,20100527_203349
290,KBBX20100528_035911_V04,35,0.302,60.41,90.033142,28.064152,-123.04,40.433107,14032.075882,20100527_205911
290,KBBX20100528_040324_V04,39,0.158,60.64,89.927178,33.051850,-123.04,40.433600,16525.924916,20100527_210324
290,KBBX20100528_040739_V04,43,0.247,65.16,91.792419,29.187042,-123.02,40.425521,14593.521118,20100527_210739
290,KBBX20100528_041151_V04,47,-1.000,65.16,91.792419,35.547042,-123.02,40.425521,17773.521118,20100527_211151
290,KBBX20100528_041606_V04,52,0.127,70.81,105.299617,41.134365,-122.98,40.365099,20567.182745,20100527_211606
275,KBBX20100528_030000_V04,-24,0.127,272.33,359.068970,11.104439,-121.79,39.229977,5552.219391,20100527_200000
276,KBBX20100528_030415_V04,-20,0.213,318.09,364.957031,3.403313,-121.53,39.203522,1701.656342,20100527_200415
281,KBBX20100528_032523_V04,1,0.204,201.55,295.371338,11.199112,-122.20,39.515546,5599.555969,20100527_202523
286,KBBX20100528_033804_V04,14,0.113,210.68,375.637451,6.160866,-122.15,39.154316,3080.432892,20100527_203804
287,KBBX20100528_034217_V04,18,0.129,113.33,444.726318,12.329697,-122.71,38.839306,6164.848328,20100527_204217
287,KBBX20100528_034631_V04,22,0.219,111.30,437.318970,3.819096,-122.72,38.872556,1909.547806,20100527_204631
289,KBBX20100528_035043_V04,26,0.500,415.54,573.303528,25.655773,-120.97,38.263270,12827.886581,20100527_205043
291,KBBX20100528_035911_V04,35,0.256,278.95,397.696594,7.841362,-121.75,39.056054,3920.681000,20100527_205911
293,KBBX20100528_041151_V04,47,0.326,62.70,89.003540,26.068930,-123.03,40.437904,13034.464836,20100527_211151
290,KBBX20100529_032152_V04,-4,0.464,275.18,374.466125,6.905243,-121.78,39.160654,3452.621460,20100528_202152
290,KBBX20100529_033125_V04,6,0.439,290.33,376.491280,24.393447,-121.69,39.151608,12196.723572,20100528_203125
290,KBBX20100529_034058_V04,15,0.224,304.67,375.838050,50.608078,-121.60,39.154561,25304.038753,20100528_204058
288,KBBX20100529_032152_V04,-4,0.918,213.28,374.949158,8.008430,-122.13,39.157482,4004.215240,20100528_202152
288,KBBX20100529_033125_V04,6,0.315,214.25,371.965608,19.004544,-122.13,39.170943,9502.271924,20100528_203125
295,KBBX20100529_033125_V04,6,0.235,249.05,281.443268,10.592926,-121.93,39.579302,5296.463013,20100528_203125
295,KBBX20100529_034058_V04,15,0.141,267.38,273.334791,20.458578,-121.82,39.616040,10229.289039,20100528_204058
287,KBBX20100529_030248_V04,-23,0.105,244.54,278.152863,10.683456,-121.95,39.594050,5341.728210,20100528_200248
293,KBBX20100529_033125_V04,6,0.823,206.87,296.413788,11.484070,-122.17,39.511000,5742.034912,20100528_203125
296,KBBX20100529_033125_V04,6,0.201,346.65,390.879395,6.671616,-121.36,39.086508,3335.807800,20100528_203125
300,KBBX20100529_040005_V04,35,0.324,212.18,319.610016,7.949142,-122.14,39.406677,3974.571228,20100528_210005
301,KBBX20100529_040005_V04,35,0.270,212.07,175.391785,15.546150,-122.15,40.056118,7773.075104,20100528_210005
301,KBBX20100529_040936_V04,44,0.375,264.62,152.960510,65.907562,-121.84,40.158079,32953.781128,20100528_210936
303,KBBX20100529_040936_V04,44,0.216,111.10,357.041229,31.561213,-122.73,39.234063,15780.606270,20100528_210936
304,KBBX20100529_040936_V04,44,0.166,162.78,420.838501,37.557281,-122.42,38.949185,18778.640747,20100528_210936
304,KBBX20100530_032106_V04,-5,0.200,274.70,367.243713,19.650696,-121.78,39.193178,9825.347900,20100529_202106
304,KBBX20100530_033039_V04,4,0.593,285.82,376.520282,24.962298,-121.71,39.151462,12481.149048,20100529_203039
304,KBBX20100530_034013_V04,14,0.557,306.32,365.275200,39.294911,-121.60,39.202130,19647.455527,20100529_204013
306,KBBX20100530_033039_V04,4,0.206,270.59,280.472229,28.277664,-121.80,39.583927,14138.832092,20100529_203039
306,KBBX20100530_034013_V04,14,0.220,274.59,287.751491,42.246452,-121.78,39.551177,21123.226208,20100529_204013
306,KBBX20100530_034947_V04,23,-1.000,277.98,293.931997,54.916744,-121.76,39.523367,27458.372156,20100529_204947
306,KBBX20100530_035920_V04,33,0.337,268.77,282.738007,30.621628,-121.81,39.573707,15310.813904,20100529_205920
309,KBBX20100530_034013_V04,14,0.123,222.34,394.888611,7.987282,-122.08,39.067896,3993.640900,20100529_204013
309,KBBX20100530_034947_V04,23,-1.000,222.34,394.888611,22.297282,-122.08,39.067896,11148.640900,20100529_204947
309,KBBX20100530_035920_V04,33,-1.000,222.34,394.888611,38.197282,-122.08,39.067896,19098.640900,20100529_205920
309,KBBX20100530_040854_V04,42,0.185,241.96,370.026154,36.308480,-121.97,39.180253,18154.239885,20100529_210854
297,KBBX20100530_031132_V04,-15,0.750,304.97,525.732117,10.657151,-121.60,38.479435,5328.575611,20100529_201132
300,KBBX20100530_031132_V04,-15,0.114,317.31,274.529358,22.286102,-121.53,39.610772,11143.051147,20100529_201132
302,KBBX20100530_031132_V04,-15,0.100,350.07,431.059509,3.219070,-121.34,38.905495,1609.535217,20100529_201132
303,KBBX20100530_032106_V04,-5,0.327,246.75,181.951996,22.043095,-121.94,40.027297,11021.547318,20100529_202106
311,KBBX20100530_035920_V04,33,0.138,147.96,318.907959,14.961319,-122.51,39.407605,7480.659485,20100529_205920
312,KBBX20100530_040854_V04,42,0.108,494.11,488.381073,43.721992,-120.52,38.642298,21860.996246,20100529_210854
307,KBBX20100531_031901_V04,-8,0.164,300.01,418.164551,7.449547,-121.63,38.963933,3724.773407,20100530_201901
307,KBBX20100531_032835_V04,1,0.322,299.96,412.023851,13.649719,-121.63,38.991590,6824.859263,20100530_202835
307,KBBX20100531_033807_V04,11,0.308,303.88,389.224388,20.404758,-121.61,39.094273,10202.378758,20100530_203807
319,KBBX20100531_040648_V04,39,0.260,485.17,487.306396,30.722965,-120.57,38.647622,15361.482620,20100530_210648
319,KBBX20100531_041620_V04,49,0.452,496.37,506.466355,36.383752,-120.51,38.560722,18191.876030,20100530_211620
306,KBBX20100531_025955_V04,-28,0.254,356.99,326.009918,7.159790,-121.30,39.378503,3579.895020,20100530_195955
308,KBBX20100531_032835_V04,1,0.817,267.53,360.565186,15.491287,-121.82,39.223197,7745.643616,20100530_202835
309,KBBX20100531_032835_V04,1,0.195,345.51,316.968201,3.444077,-121.37,39.419393,1722.038269,20100530_202835
312,KBBX20100531_033807_V04,11,0.299,132.16,318.797058,31.036400,-122.61,39.407371,15518.199921,20100530_203807
313,KBBX20100531_033807_V04,11,0.295,285.68,451.473724,29.882221,-121.71,38.813880,14941.110611,20100530_203807
314,KBBX20100531_033807_V04,11,0.222,219.73,392.004456,6.981567,-122.10,39.080826,3490.783691,20100530_203807
318,KBBX20100531_040648_V04,39,0.333,198.02,296.275452,26.603088,-122.22,39.511372,13301.544189,20100530_210648
322,KBBX20100531_040648_V04,39,0.164,216.75,162.486938,29.009094,-122.12,40.114345,14504.547119,20100530_210648
323,KBBX20100531_040648_V04,39,0.103,253.28,289.006958,16.460472,-121.90,39.545299,8230.236053,20100530_210648
317,KBBX20100601_031933_V04,-8,0.328,272.94,359.041138,10.922012,-121.79,39.230107,5461.006165,20100531_201933
317,KBBX20100601_032506_V04,-2,0.745,275.00,359.775409,17.869216,-121.78,39.226815,8934.608102,20100531_202506
317,KBBX20100601_033041_V04,3,0.803,278.87,372.978866,27.543915,-121.75,39.167377,13771.957728,20100531_203041
317,KBBX20100601_033614_V04,9,0.946,277.52,366.517870,27.470029,-121.76,39.196467,13735.014462,20100531_203614
317,KBBX20100601_034147_V04,14,0.890,279.83,377.324513,34.887476,-121.75,39.147811,17443.737940,20100531_204147
317,KBBX20100601_034721_V04,20,0.921,270.64,373.307728,36.220522,-121.80,39.165835,18110.260897,20100531_204721
317,KBBX20100601_035254_V04,25,0.886,265.54,375.123051,40.525765,-121.83,39.157613,20262.882378,20100531_205254
317,KBBX20100601_035827_V04,31,0.394,277.64,373.352966,29.963005,-121.76,39.165684,14981.502533,20100531_205827
323,KBBX20100601_035254_V04,25,0.351,198.09,284.153870,16.312515,-122.22,39.565961,8156.257629,20100531_205254
326,KBBX20100601_035827_V04,31,0.124,398.38,452.654419,73.320839,-121.07,38.807205,36660.419464,20100531_205827
327,KBBX20100601_040401_V04,37,0.134,255.16,255.100403,18.950050,-121.89,39.698018,9475.025177,20100531_210401
327,KBBX20100601_040935_V04,42,0.481,253.43,259.588470,15.746178,-121.90,39.677784,7873.088837,20100531_210935
329,KBBX20100601_040935_V04,42,0.208,181.72,260.150787,31.219788,-122.32,39.673527,15609.893799,20100531_210935
331,KBBX20100601_040935_V04,42,0.121,203.33,514.991394,30.649128,-122.19,38.526487,15324.563980,20100531_210935
332,KBBX20100601_041510_V04,48,0.326,275.13,364.514496,27.429062,-121.78,39.205473,13714.530945,20100531_211510
333,KBBX20100601_041510_V04,48,0.104,208.96,320.455719,31.178558,-122.16,39.402785,15589.279175,20100531_211510
334,KBBX20100601_042042_V04,53,0.165,218.59,165.238586,52.437798,-122.11,40.102000,26218.898773,20100531_212042
