track_id,filename,from_sunrise,det_score,x,y,r,lon,lat,radius,local_time
7,KTYX20190601_092445_V06,1,0.178,387.51,91.872986,31.028099,-75.13,44.691036,15514.049530,20190601_052445
12,KTYX20190601_095114_V06,28,0.055,48.57,302.012329,60.720009,-77.24,43.736118,30360.004425,20190601_055114
2,KTYX20190602_091643_V06,-7,0.099,17.95,318.410034,26.755516,-77.43,43.659595,13377.758026,20190602_051643
2,KTYX20190602_092102_V06,-2,0.124,18.89,317.741602,32.870200,-77.42,43.662690,16435.099892,20190602_052102
1,KTYX20190604_090242_V06,-20,0.149,296.81,292.713318,10.699791,-75.70,43.788619,5349.895477,20190604_050242
5,KTYX20190605_091936_V06,-3,0.313,359.17,277.226837,30.685051,-75.31,43.857720,15342.525482,20190605_051936
5,KTYX20190605_092431_V06,2,0.568,364.56,277.883520,35.297320,-75.28,43.854652,17648.659809,20190605_052431
6,KTYX20190605_092431_V06,2,0.314,474.86,391.045990,22.281090,-74.60,43.340987,11140.544891,20190605_052431
6,KTYX20190605_092906_V06,7,0.051,476.46,390.683831,29.859948,-74.59,43.342523,14929.973851,20190605_052906
1,KTYX20190610_090042_V06,-20,0.069,296.78,110.458832,2.425583,-75.70,44.608727,1212.791443,20190610_050042
11,KTYX20190613_103456_V06,74,0.065,22.19,452.068878,35.732864,-77.39,43.058642,17866.432190,20190613_063456
11,KTYX20190613_103915_V06,79,0.255,22.15,452.554354,41.434414,-77.39,43.056455,20717.206816,20190613_063915
11,KTYX20190613_104335_V06,83,0.168,22.49,449.686189,41.083534,-77.38,43.069391,20541.767243,20190613_064335
11,KTYX20190613_104754_V06,87,0.336,28.39,443.971923,44.114940,-77.35,43.095640,22057.470017,20190613_064754
6,KTYX20190613_100446_V06,44,0.171,336.72,407.091187,6.650078,-75.45,43.273659,3325.038910,20190613_060446
6,KTYX20190613_100904_V06,49,0.103,337.14,406.455536,12.406561,-75.45,43.276514,6203.280423,20190613_060904
6,KTYX20190613_101323_V06,53,0.073,336.63,404.466553,5.837978,-75.45,43.285472,2918.989182,20190613_061323
6,KTYX20190613_101742_V06,57,0.254,337.12,404.302989,11.264875,-75.45,43.286202,5632.437500,20190613_061742
2,KTYX20190613_091551_V06,-5,0.089,283.01,562.121704,44.663475,-75.78,42.576074,22331.737518,20190613_051551
5,KTYX20190613_100023_V06,40,0.302,435.37,269.214203,25.271645,-74.84,43.891269,12635.822296,20190613_060023
5,KTYX20190614_104342_V06,83,0.056,234.64,336.809692,22.697399,-76.08,43.589461,11348.699570,20190614_064342
5,KTYX20190615_093059_V06,10,0.064,51.45,394.910370,74.028694,-77.21,43.318387,37014.347076,20190615_053059
7,KTYX20190615_094901_V06,29,0.067,352.00,35.531128,45.857162,-75.35,44.945386,22928.581238,20190615_054901
3,KTYX20190618_095406_V06,34,0.058,30.91,455.789551,39.697174,-77.33,43.042693,19848.587036,20190618_055406
2,KTYX20190620_085312_V06,-27,0.112,311.52,197.067413,12.082748,-75.61,44.219000,6041.374207,20190620_045312
2,KTYX20190620_090225_V06,-18,0.316,312.42,197.538087,23.383329,-75.60,44.216879,11691.664256,20190620_050225
2,KTYX20190620_090704_V06,-13,0.319,310.12,196.898564,31.505990,-75.62,44.219765,15752.994992,20190620_050704
6,KTYX20190620_093400_V06,14,0.178,308.88,192.302795,2.042343,-75.62,44.240449,1021.171570,20190620_053400
6,KTYX20190620_093828_V06,18,-1.000,308.88,192.302795,8.402343,-75.62,44.240449,4201.171570,20190620_053828
6,KTYX20190620_094256_V06,22,0.141,307.70,196.411708,15.298906,-75.63,44.221963,7649.452940,20190620_054256
6,KTYX20190620_094720_V06,27,-1.000,306.63,200.122984,23.733543,-75.64,44.205266,11866.771597,20190620_054720
6,KTYX20190620_095158_V06,31,0.221,318.82,190.979309,15.318184,-75.56,44.246358,7659.091949,20190620_055158
6,KTYX20190620_100100_V06,41,0.061,320.89,188.865912,24.010232,-75.55,44.255853,12005.116024,20190620_060100
11,KTYX20190620_100100_V06,41,0.205,338.85,150.556946,28.276344,-75.44,44.428048,14138.172150,20190620_060100
11,KTYX20190620_100538_V06,45,0.110,339.39,148.699177,34.409303,-75.43,44.436400,17204.651701,20190620_060538
5,KTYX20190620_092047_V06,0,0.061,334.12,187.692291,19.581566,-75.47,44.261010,9790.782928,20190620_052047
8,KTYX20190620_093828_V06,18,0.101,300.88,202.507263,15.887695,-75.67,44.194545,7943.847656,20190620_053828
9,KTYX20190620_094256_V06,22,0.062,368.82,277.002563,6.567360,-75.25,43.858520,3283.679962,20190620_054256
7,KTYX20190621_102159_V06,61,0.086,42.08,299.434814,67.470314,-77.28,43.747157,33735.157013,20190621_062159
7,KTYX20190621_102717_V06,67,0.218,40.76,297.273247,76.565062,-77.29,43.756767,38282.530781,20190621_062717
7,KTYX20190621_103219_V06,72,0.334,38.64,303.887837,77.428381,-77.30,43.726822,38714.190326,20190621_063219
7,KTYX20190621_103652_V06,76,0.344,38.32,315.482452,73.985603,-77.30,43.674629,36992.801649,20190621_063652
7,KTYX20190621_104125_V06,81,0.349,39.09,330.911731,72.866520,-77.30,43.605279,36433.260124,20190621_064125
7,KTYX20190621_104544_V06,85,-1.000,39.30,342.153285,71.831507,-77.29,43.554721,35915.753582,20190621_064544
7,KTYX20190621_105003_V06,90,0.335,44.02,346.448669,78.303027,-77.26,43.535805,39151.513622,20190621_065003
3,KTYX20190621_091627_V06,-4,0.087,25.16,358.531250,30.626732,-77.38,43.479764,15313.365936,20190621_051627
9,KTYX20190621_102159_V06,61,0.051,197.47,271.203369,8.621006,-76.32,43.883640,4310.503006,20190621_062159
1,KTYX20190627_092454_V06,2,0.051,375.41,324.836731,14.410751,-75.21,43.643104,7205.375671,20190627_052454
1,KTYX20190628_092426_V06,1,0.069,26.39,450.268951,35.185127,-77.36,43.067126,17592.563629,20190628_052426
3,KTYX20190629_091711_V06,-6,0.096,343.60,166.144836,29.888275,-75.41,44.357841,14944.137573,20190629_051711
3,KTYX20190629_092225_V06,-1,0.074,345.45,166.548997,35.878139,-75.39,44.355994,17939.069285,20190629_052225
8,KTYX20190629_095105_V06,28,0.090,258.28,342.598846,12.748196,-75.94,43.563834,6374.097824,20190629_055105
9,KTYX20190629_095105_V06,28,0.088,222.24,283.115723,18.421009,-76.16,43.830790,9210.504532,20190629_055105
17,KTYX20190630_102725_V06,63,0.345,241.68,357.415344,24.270641,-76.04,43.496877,12135.320663,20190630_062725
19,KTYX20190702_100917_V06,44,0.125,39.11,243.818115,78.657639,-77.31,43.997110,39328.819275,20190702_060917
19,KTYX20190702_101508_V06,50,0.062,40.47,243.257711,87.277053,-77.30,43.999751,43638.526485,20190702_061508
19,KTYX20190702_102117_V06,56,-1.000,41.63,242.777365,96.027980,-77.29,44.002014,48013.989809,20190702_062117
19,KTYX20190702_102724_V06,62,0.278,50.94,268.005676,84.473213,-77.23,43.889315,42236.606598,20190702_062724
7,KTYX20190702_091923_V06,-6,0.166,26.40,360.163666,27.626602,-77.37,43.472535,13813.301086,20190702_051923
27,KTYX20190702_103938_V06,74,0.139,21.64,362.596191,26.955133,-77.40,43.461150,13477.566719,20190702_063938
1,KTYX20190704_102909_V06,63,0.064,346.79,407.407104,27.233189,-75.39,43.272096,13616.594315,20190704_062909
3,KTYX20190708_093450_V06,6,0.079,263.92,217.735657,6.689400,-75.91,44.125798,3344.699860,20190708_053450
3,KTYX20190708_093917_V06,11,0.716,262.85,218.476756,13.238988,-75.91,44.122450,6619.494005,20190708_053917
3,KTYX20190708_094345_V06,15,0.335,262.62,219.570469,16.622807,-75.91,44.117526,8311.403430,20190708_054345
4,KTYX20190708_093917_V06,11,0.089,123.63,468.362488,11.474722,-76.76,42.992967,5737.360954,20190708_053917
4,KTYX20190708_094345_V06,15,0.162,123.43,468.428171,16.694670,-76.76,42.992660,8347.334910,20190708_054345
6,KTYX20190708_100206_V06,34,0.136,346.21,308.402161,15.006310,-75.39,43.717659,7503.154755,20190708_060206
1,KTYX20190709_094803_V06,19,0.053,27.33,449.769409,35.934753,-77.35,43.069459,17967.376709,20190709_054803
11,KTYX20190711_104345_V06,72,0.136,186.62,324.765869,7.566948,-76.38,43.642217,3783.473969,20190711_064345
11,KTYX20190711_104833_V06,77,0.295,187.32,324.911900,14.081168,-76.38,43.641586,7040.584008,20190711_064833
2,KTYX20190711_093730_V06,6,0.077,25.44,199.707520,28.431242,-77.40,44.194304,14215.620995,20190711_053730
14,KTYX20190711_104345_V06,72,0.060,359.91,302.593628,24.553169,-75.31,43.743553,12276.584625,20190711_064345
1,KTYX20190712_093107_V06,-1,0.448,273.49,225.837097,14.694092,-75.85,44.089445,7347.045898,20190712_053107
1,KTYX20190712_093800_V06,6,0.103,275.29,222.565071,21.729923,-75.83,44.104184,10864.961682,20190712_053800
1,KTYX20190712_094449_V06,12,0.198,274.02,208.804138,8.692711,-75.84,44.166095,4346.355438,20190712_054449
1,KTYX20190712_095146_V06,19,0.051,273.29,212.024848,18.498075,-75.85,44.151596,9249.037471,20190712_055146
1,KTYX20190713_090919_V06,-23,0.053,81.42,353.370972,4.826569,-77.03,43.507635,2413.284302,20190713_050919
4,KTYX20190713_102551_V06,53,0.056,24.51,441.023926,27.042492,-77.37,43.108552,13521.245956,20190713_062551
1,KTYX20190714_092500_V06,-8,0.322,261.29,230.162506,7.226440,-75.92,44.069846,3613.220215,20190714_052500
1,KTYX20190714_092927_V06,-4,0.310,261.87,229.868408,12.380899,-75.92,44.071177,6190.449674,20190714_052927
1,KTYX20190714_093624_V06,3,0.099,265.96,228.755157,10.369400,-75.89,44.076236,5184.700012,20190714_053624
1,KTYX20190714_094314_V06,10,0.073,266.98,228.998630,19.132720,-75.89,44.075153,9566.360193,20190714_054314
1,KTYX20190715_100626_V06,32,0.448,304.65,35.053162,8.957230,-75.65,44.948001,4478.614807,20190715_060626
1,KTYX20190715_101330_V06,39,0.201,304.80,33.765239,18.116385,-75.65,44.953796,9058.192684,20190715_061330
8,KTYX20190716_103255_V06,57,0.066,70.95,409.495422,68.407852,-77.09,43.254315,34203.926086,20190716_063255
9,KTYX20190717_100551_V06,29,0.087,295.15,130.656982,9.411758,-75.71,44.517843,4705.879211,20190717_060551
2,KTYX20190722_093424_V06,-7,0.930,323.15,131.904846,5.935966,-75.53,44.512141,2967.983246,20190722_053424
2,KTYX20190722_093843_V06,-3,0.956,322.20,135.248666,10.715266,-75.54,44.497102,5357.633236,20190722_053843
2,KTYX20190722_094316_V06,2,0.880,322.25,138.773678,12.380945,-75.54,44.481241,6190.472610,20190722_054316
2,KTYX20190722_094734_V06,6,0.900,320.06,141.682486,16.420027,-75.55,44.468169,8210.013657,20190722_054734
2,KTYX20190722_095412_V06,13,0.245,318.57,145.959926,19.595551,-75.56,44.448932,9797.775257,20190722_055412
7,KTYX20190722_103648_V06,55,0.119,237.86,218.136047,39.916965,-76.07,44.123561,19958.482742,20190722_063648
7,KTYX20190722_104234_V06,61,0.115,240.05,217.062328,46.392311,-76.05,44.128438,23196.155741,20190722_064234
4,KTYX20190722_101001_V06,29,0.164,236.80,282.960632,26.546024,-76.07,43.831834,13273.012161,20190722_061001
4,KTYX20190722_101518_V06,34,-1.000,236.80,282.960632,34.496024,-76.07,43.831834,17248.012161,20190722_061518
4,KTYX20190722_102034_V06,39,0.059,224.07,288.927643,12.268593,-76.15,43.804684,6134.296417,20190722_062034
1,KTYX20190724_094331_V06,1,0.277,132.70,466.074799,13.528971,-76.71,43.003779,6764.485359,20190724_054331
1,KTYX20190724_095035_V06,8,0.207,135.24,467.992412,24.126071,-76.69,42.995289,12063.035501,20190724_055035
1,KTYX20190724_100443_V06,22,0.259,137.37,464.037661,26.685071,-76.68,43.013202,13342.535380,20190724_060443
1,KTYX20190724_101342_V06,31,0.167,138.17,459.665176,26.464568,-76.67,43.032923,13232.284189,20190724_061342
2,KTYX20190724_100443_V06,22,0.165,261.33,228.854004,17.178436,-75.92,44.075735,8589.218140,20190724_060443
2,KTYX20190724_101342_V06,31,0.087,259.97,230.827096,29.655228,-75.93,44.066838,14827.614084,20190724_061342
2,KTYX20190725_100647_V06,23,0.064,157.17,147.396362,33.416924,-76.58,44.439034,16708.461761,20190725_060647
2,KTYX20190725_101351_V06,30,0.411,157.93,152.745198,38.221402,-76.57,44.415005,19110.700766,20190725_061351
2,KTYX20190725_102253_V06,39,0.171,162.92,170.061646,28.323353,-76.54,44.337331,14161.676407,20190725_062253
2,KTYX20190725_102958_V06,46,0.277,164.04,169.711703,35.668948,-76.53,44.338958,17834.474175,20190725_062958
3,KTYX20190725_101351_V06,30,0.060,147.68,450.876251,15.840981,-76.62,43.072971,7920.490265,20190725_061351
3,KTYX20190725_102253_V06,39,0.163,149.88,451.842481,26.662354,-76.60,43.068733,13331.176966,20190725_062253
3,KTYX20190725_102958_V06,46,0.287,151.41,446.999756,23.678249,-76.59,43.090603,11839.124680,20190725_062958
3,KTYX20190725_103702_V06,54,0.102,150.94,445.568995,31.205548,-76.60,43.097018,15602.773964,20190725_063702
1,KTYX20190725_093827_V06,-5,0.056,297.88,159.443787,2.237144,-75.69,44.388318,1118.572235,20190725_053827
8,KTYX20190725_104407_V06,61,0.260,277.69,305.477661,14.851501,-75.82,43.731096,7425.750732,20190725_064407
1,KTYX20190727_092832_V06,-18,0.122,24.77,438.596771,26.664137,-77.37,43.119496,13332.068443,20190727_052832
2,KTYX20190727_094944_V06,3,0.136,126.41,460.954102,21.009687,-76.74,43.026468,10504.843712,20190727_054944
11,KTYX20190728_104918_V06,62,0.092,310.85,389.966553,18.112251,-75.61,43.350933,9056.125641,20190728_064918
1,KTYX20190729_100816_V06,20,0.139,296.54,133.898651,1.894737,-75.70,44.503259,947.368622,20190729_060816
3,KTYX20190730_094506_V06,-4,0.062,377.19,104.150909,6.425323,-75.19,44.636087,3212.661743,20190730_054506
3,KTYX20190731_100328_V06,13,0.282,277.09,231.664307,19.637245,-75.82,44.063253,9818.622589,20190731_060328
3,KTYX20190731_100905_V06,19,0.375,291.50,225.777313,13.347565,-75.73,44.089821,6673.782349,20190731_060905
3,KTYX20190731_101443_V06,24,0.093,296.99,221.372070,11.060081,-75.70,44.109655,5530.040741,20190731_061443
6,KTYX20190731_102019_V06,30,0.069,121.38,466.587463,18.877853,-76.78,43.000823,9438.926697,20190731_062019
7,KTYX20190731_110239_V06,72,0.143,120.10,460.630920,13.682140,-76.78,43.027552,6841.070175,20190731_070239
5,KTYX20190801_100029_V06,9,0.404,260.65,228.643402,9.799034,-75.93,44.076673,4899.517059,20190801_060029
5,KTYX20190801_100733_V06,16,0.574,259.29,230.005700,18.394433,-75.93,44.070524,9197.216539,20190801_060733
5,KTYX20190801_101438_V06,23,0.656,258.82,233.406921,19.491940,-75.94,44.055213,9745.969984,20190801_061438
5,KTYX20190801_102143_V06,30,0.826,259.42,233.941653,21.575184,-75.93,44.052815,10787.592075,20190801_062143
5,KTYX20190801_102848_V06,37,0.679,259.51,235.190279,24.286939,-75.93,44.047198,12143.469668,20190801_062848
1,KTYX20190801_093916_V06,-12,0.959,328.24,134.598389,7.480209,-75.50,44.499976,3740.104675,20190801_053916
1,KTYX20190801_094620_V06,-5,0.963,329.21,138.009851,15.303132,-75.50,44.484617,7651.566063,20190801_054620
1,KTYX20190801_100029_V06,9,0.971,333.03,145.736535,28.257154,-75.47,44.449809,14128.576822,20190801_060029
1,KTYX20190801_100733_V06,16,0.451,331.33,151.782953,39.349642,-75.48,44.422621,19674.821248,20190801_060733
3,KTYX20190801_094620_V06,-5,0.326,126.52,470.122559,12.851784,-76.74,42.985214,6425.891876,20190801_054620
3,KTYX20190801_100029_V06,9,0.835,128.55,470.919307,28.860293,-76.73,42.981744,14430.146443,20190801_060029
3,KTYX20190801_100733_V06,16,0.415,131.84,474.110269,36.039691,-76.71,42.967569,18019.845595,20190801_060733
3,KTYX20190801_101438_V06,23,0.052,135.99,472.510357,44.772814,-76.69,42.974998,22386.407247,20190801_061438
6,KTYX20190801_102848_V06,37,0.072,332.36,164.463409,53.702873,-75.48,44.365553,26851.436615,20190801_062848
1,KTYX20190803_094750_V06,-6,0.199,124.48,466.620087,6.169252,-76.76,43.000858,3084.626198,20190803_054750
1,KTYX20190803_095245_V06,-1,0.383,125.45,466.980351,12.884465,-76.75,42.999293,6442.232254,20190803_055245
1,KTYX20190803_100235_V06,9,0.867,129.50,465.293239,26.755437,-76.73,43.007117,13377.718361,20190803_060235
1,KTYX20190803_100730_V06,14,0.723,132.84,466.657100,31.777105,-76.71,43.001166,15888.552559,20190803_060730
1,KTYX20190803_101211_V06,19,0.475,137.30,463.474580,39.822355,-76.68,43.015732,19911.177667,20190803_061211
1,KTYX20190803_101705_V06,24,0.334,139.58,461.399566,44.246435,-76.66,43.025193,22123.217395,20190803_061705
5,KTYX20190804_100535_V06,11,0.752,244.74,237.248413,12.282936,-76.02,44.037696,6141.468048,20190804_060535
5,KTYX20190804_101240_V06,18,0.612,244.41,238.776841,18.782516,-76.03,44.030812,9391.258178,20190804_061240
5,KTYX20190804_101944_V06,25,0.682,242.41,243.706088,24.056882,-76.04,44.008593,12028.441076,20190804_061944
5,KTYX20190804_102649_V06,32,0.445,240.94,248.179761,30.104489,-76.05,43.988433,15052.244480,20190804_062649
5,KTYX20190804_103354_V06,39,0.249,242.87,247.941853,32.663334,-76.04,43.989541,16331.667061,20190804_063354
5,KTYX20190804_104058_V06,46,0.129,238.68,251.192470,40.304442,-76.06,43.974830,20152.221117,20190804_064058
1,KTYX20190804_094422_V06,-10,0.271,325.01,130.870911,3.576195,-75.52,44.516778,1788.097382,20190804_054422
1,KTYX20190804_095126_V06,-3,0.107,324.23,131.158519,10.902366,-75.53,44.515490,5451.182806,20190804_055126
1,KTYX20190804_100535_V06,11,0.539,326.15,138.503803,15.194262,-75.52,44.482423,7597.131154,20190804_060535
1,KTYX20190804_101240_V06,18,0.062,322.49,137.966810,14.865102,-75.54,44.484870,7432.550777,20190804_061240
6,KTYX20190804_100535_V06,11,0.114,126.82,471.844116,20.954060,-76.74,42.977483,10477.029800,20190804_060535
6,KTYX20190804_101240_V06,18,0.297,131.15,472.929270,32.602238,-76.71,42.972846,16301.118961,20190804_061240
6,KTYX20190804_101944_V06,25,0.268,136.00,473.484435,36.931159,-76.69,42.970615,18465.579448,20190804_061944
3,KTYX20190804_095126_V06,-3,0.618,336.84,140.130432,6.733398,-75.45,44.474989,3366.699219,20190804_055126
1,KTYX20190805_094535_V06,-10,0.659,122.43,466.157898,10.371956,-76.77,43.002818,5185.977936,20190805_054535
1,KTYX20190805_095240_V06,-3,0.402,122.75,465.832064,18.337173,-76.77,43.004303,9168.586630,20190805_055240
1,KTYX20190805_100644_V06,11,0.743,125.40,469.592621,30.298164,-76.75,42.987534,15149.081962,20190805_060644
1,KTYX20190805_101349_V06,18,0.480,127.65,468.926043,38.400409,-76.74,42.990663,19200.204546,20190805_061349
1,KTYX20190805_102053_V06,25,0.190,125.59,464.831228,40.265080,-76.75,43.008972,20132.540233,20190805_062053
1,KTYX20190806_095433_V06,-2,0.711,137.25,462.140442,16.313423,-76.68,43.021734,8156.711578,20190806_055433
1,KTYX20190806_100325_V06,7,0.867,144.27,457.581038,28.972597,-76.64,43.042623,14486.298259,20190806_060325
1,KTYX20190806_100748_V06,11,0.693,147.65,455.440128,32.272429,-76.61,43.052431,16136.214471,20190806_060748
1,KTYX20190806_101216_V06,16,0.633,151.67,453.686899,35.835495,-76.59,43.060521,17917.747669,20190806_061216
1,KTYX20190806_101645_V06,20,0.463,153.65,449.278433,41.836930,-76.58,43.080458,20918.465139,20190806_061645
1,KTYX20190806_102113_V06,25,0.455,156.52,444.110491,48.262434,-76.56,43.103853,24131.217012,20190806_062113
2,KTYX20190806_101645_V06,20,0.241,27.50,239.633423,25.026859,-77.38,44.014885,12513.429642,20190806_061645
2,KTYX20190806_102113_V06,25,0.091,29.03,239.661093,31.807737,-77.37,44.014902,15903.868400,20190806_062113
9,KTYX20190807_100114_V06,4,0.519,130.02,462.922729,17.805515,-76.72,43.017814,8902.757645,20190807_060114
9,KTYX20190807_100607_V06,9,0.635,130.41,461.762602,24.814766,-76.72,43.023057,12407.383086,20190807_060607
9,KTYX20190807_101114_V06,14,0.590,130.89,458.780780,29.736412,-76.72,43.036503,14868.205995,20190807_061114
9,KTYX20190807_101612_V06,19,0.358,132.19,457.987436,35.693571,-76.71,43.040146,17846.785487,20190807_061612
9,KTYX20190807_102119_V06,24,0.101,133.82,456.200182,41.146826,-76.70,43.048279,20573.412792,20190807_062119
10,KTYX20190807_100114_V06,4,0.433,245.34,219.501709,24.091171,-76.02,44.117565,12045.585632,20190807_060114
10,KTYX20190807_100607_V06,9,0.110,243.98,216.685950,33.141752,-76.03,44.130209,16570.876188,20190807_060607
2,KTYX20190807_093221_V06,-25,0.083,332.77,168.398865,2.656654,-75.47,44.347840,1328.327179,20190807_053221
5,KTYX20190808_095234_V06,-7,0.290,128.97,465.820404,8.637749,-76.73,43.004715,4318.874359,20190808_055234
5,KTYX20190808_100127_V06,2,0.854,133.98,464.593444,17.952022,-76.70,43.010516,8976.011058,20190808_060127
5,KTYX20190808_100545_V06,6,0.555,138.31,463.586543,23.243828,-76.67,43.015283,11621.914183,20190808_060545
5,KTYX20190808_101004_V06,11,0.598,143.20,463.624575,28.447550,-76.64,43.015370,14223.775194,20190808_061004
5,KTYX20190808_101428_V06,15,0.546,146.00,464.898554,32.434134,-76.62,43.009781,16217.066901,20190808_061428
5,KTYX20190808_101851_V06,19,0.310,149.14,461.057678,38.996797,-76.61,43.027225,19498.398454,20190808_061851
5,KTYX20190808_102315_V06,24,0.114,151.92,458.675010,44.308116,-76.59,43.038086,22154.058078,20190808_062315
6,KTYX20190808_100127_V06,2,0.085,93.47,407.200592,8.023642,-76.95,43.266277,4011.820793,20190808_060127
10,KTYX20190808_104910_V06,50,0.118,297.40,132.476013,7.995781,-75.70,44.509662,3997.890472,20190808_064910
2,KTYX20190809_094923_V06,-11,0.286,130.84,470.098450,8.712202,-76.72,42.985567,4356.101036,20190809_054923
2,KTYX20190809_100322_V06,3,0.652,145.21,470.174343,25.441926,-76.63,42.985998,12720.962765,20190809_060322
2,KTYX20190809_101025_V06,10,0.623,150.97,468.683723,29.404929,-76.59,42.992996,14702.464552,20190809_061025
2,KTYX20190809_101730_V06,17,0.196,158.59,469.153059,36.631378,-76.55,42.991251,18315.688885,20190809_061730
2,KTYX20190809_102435_V06,24,0.276,168.09,471.320400,41.217819,-76.49,42.981927,20608.909421,20190809_062435
2,KTYX20190809_103140_V06,31,0.473,174.05,471.533734,44.516021,-76.45,42.981222,22258.010716,20190809_063140
2,KTYX20190809_103843_V06,38,0.075,179.30,472.538090,49.229304,-76.42,42.976916,24614.652232,20190809_063843
2,KTYX20190810_095353_V06,-8,0.318,132.39,473.397247,10.204782,-76.71,42.970809,5102.391243,20190810_055353
2,KTYX20190810_100312_V06,2,0.179,136.26,476.829571,22.487101,-76.68,42.955575,11243.550491,20190810_060312
2,KTYX20190810_100752_V06,6,0.156,138.94,479.913860,25.521829,-76.67,42.941838,12760.914708,20190810_060752
2,KTYX20190810_101232_V06,11,0.457,144.02,483.189916,30.114185,-76.64,42.927361,15057.092287,20190810_061232
2,KTYX20190810_101711_V06,16,0.267,150.59,487.148202,41.720286,-76.59,42.909879,20860.143051,20190810_061711
2,KTYX20190810_102150_V06,20,0.106,150.33,489.783732,47.800315,-76.60,42.898006,23900.157477,20190810_062150
9,KTYX20190810_103551_V06,34,0.397,268.06,228.113800,10.735237,-75.88,44.079146,5367.618561,20190810_063551
9,KTYX20190810_104030_V06,39,0.283,268.68,229.406766,17.477231,-75.88,44.073335,8738.615475,20190810_064030
9,KTYX20190810_104509_V06,44,0.650,270.45,234.498320,18.158951,-75.86,44.050441,9079.475321,20190810_064509
9,KTYX20190810_104949_V06,48,0.673,269.00,237.024412,17.213962,-75.87,44.039059,8606.980875,20190810_064949
9,KTYX20190810_105427_V06,53,0.270,267.88,239.186125,18.683150,-75.88,44.029320,9341.574893,20190810_065427
12,KTYX20190810_104949_V06,48,0.622,300.35,171.731323,23.377541,-75.68,44.333029,11688.770294,20190810_064949
12,KTYX20190810_105427_V06,53,0.294,302.05,172.044886,28.887535,-75.67,44.331617,14443.767410,20190810_065427
8,KTYX20190810_103110_V06,30,0.103,268.41,226.026123,12.081352,-75.88,44.088544,6040.676117,20190810_063110
4,KTYX20190811_101635_V06,14,0.662,132.68,475.229858,23.692690,-76.71,42.962578,11846.344948,20190811_061635
4,KTYX20190811_102339_V06,21,0.704,134.77,475.989261,30.579407,-76.69,42.959275,15289.703716,20190811_062339
4,KTYX20190811_103043_V06,28,0.593,138.21,478.871203,33.498253,-76.67,42.946491,16749.126669,20190811_063043
3,KTYX20190811_100240_V06,0,0.678,134.56,477.392456,21.609642,-76.69,42.952949,10804.821014,20190811_060240
3,KTYX20190811_100938_V06,7,0.291,134.49,476.630967,28.912387,-76.69,42.956371,14456.193347,20190811_060938
1,KTYX20190811_093221_V06,-30,0.192,256.17,356.630707,2.508106,-75.95,43.500656,1254.053116,20190811_053221
3,KTYX20190812_100651_V06,3,0.853,136.20,463.733795,20.977922,-76.68,43.014506,10488.961220,20190812_060651
3,KTYX20190812_101542_V06,12,0.648,140.27,463.871334,31.393685,-76.66,43.014106,15696.842517,20190812_061542
3,KTYX20190812_102246_V06,19,0.580,144.70,464.725197,35.898527,-76.63,43.010494,17949.263726,20190812_062246
3,KTYX20190812_102937_V06,26,0.434,147.42,461.850625,45.577910,-76.62,43.023570,22788.955166,20190812_062937
3,KTYX20190812_103629_V06,33,0.386,152.92,458.708089,53.538797,-76.58,43.037986,26769.398612,20190812_063629
1,KTYX20190812_095240_V06,-11,0.457,372.14,113.920593,5.168289,-75.23,44.592259,2584.144592,20190812_055240
5,KTYX20190813_100431_V06,0,0.244,254.67,228.376587,7.940384,-75.96,44.077788,3970.191956,20190813_060431
5,KTYX20190813_100757_V06,3,-1.000,254.67,228.376587,12.710384,-75.96,44.077788,6355.191956,20190813_060757
5,KTYX20190813_101123_V06,7,0.172,255.51,228.047801,15.569810,-75.96,44.079280,7784.905010,20190813_061123
5,KTYX20190813_101450_V06,10,0.235,256.52,228.320821,17.089717,-75.95,44.078067,8544.858475,20190813_061450
5,KTYX20190813_102016_V06,16,0.333,254.13,230.689407,22.499285,-75.97,44.067372,11249.642617,20190813_062016
5,KTYX20190813_102343_V06,19,0.310,253.83,232.586415,24.713530,-75.97,44.058831,12356.764836,20190813_062343
1,KTYX20190814_095121_V06,-14,0.061,327.89,130.502045,3.166809,-75.50,44.518411,1583.404541,20190814_055121
1,KTYX20190814_095545_V06,-10,0.664,327.86,130.421411,9.014148,-75.50,44.518774,4507.073962,20190814_055545
1,KTYX20190814_100431_V06,-1,0.895,328.33,133.092781,15.865517,-75.50,44.506750,7932.758607,20190814_060431
1,KTYX20190814_100855_V06,3,0.459,328.84,135.121999,18.643073,-75.50,44.497614,9321.536525,20190814_060855
1,KTYX20190814_101324_V06,8,0.586,330.35,138.409037,20.315442,-75.49,44.482809,10157.720979,20190814_061324
1,KTYX20190814_101752_V06,12,0.079,324.85,134.961155,27.903356,-75.52,44.498375,13951.677931,20190814_061752
1,KTYX20190814_102418_V06,19,0.126,324.34,139.012404,34.103607,-75.53,44.480150,17051.803647,20190814_062418
1,KTYX20190814_102847_V06,23,0.066,326.90,143.488005,35.347171,-75.51,44.459989,17673.585728,20190814_062847
3,KTYX20190814_100855_V06,3,0.098,112.91,474.907257,27.238762,-76.83,42.962869,13619.380951,20190814_060855
3,KTYX20190814_101324_V06,8,0.749,112.31,476.607536,32.844378,-76.83,42.955180,16422.189008,20190814_061324
3,KTYX20190814_101752_V06,12,0.736,114.50,477.012347,33.049443,-76.82,42.953493,16524.721386,20190814_061752
3,KTYX20190814_102418_V06,19,0.631,116.33,476.640666,34.728937,-76.81,42.955278,17364.468682,20190814_062418
3,KTYX20190814_102847_V06,23,0.661,118.25,474.765794,37.272618,-76.79,42.963832,18636.309133,20190814_062847
3,KTYX20190814_103314_V06,28,0.462,120.17,475.194884,42.558629,-76.78,42.962015,21279.314400,20190814_063314
3,KTYX20190814_103742_V06,32,0.118,117.46,471.977945,43.204849,-76.80,42.976330,21602.424513,20190814_063742
6,KTYX20190814_112236_V06,77,0.207,113.52,473.968048,8.559376,-76.82,42.967133,4279.687881,20190814_072236
6,KTYX20190814_112709_V06,82,0.161,113.29,474.616609,14.971799,-76.82,42.964200,7485.899727,20190814_072709
2,KTYX20190814_100855_V06,3,0.145,134.08,183.922516,12.058798,-76.72,44.273475,6029.398918,20190814_060855
4,KTYX20190814_101324_V06,8,0.084,409.51,311.383301,24.097313,-75.00,43.702583,12048.656464,20190814_061324
5,KTYX20190814_104644_V06,41,0.162,260.67,217.590057,13.786949,-75.93,44.126412,6893.474579,20190814_064644
1,KTYX20190815_100323_V06,-3,0.066,116.26,467.489929,11.315563,-76.81,42.996454,5657.781601,20190815_060323
1,KTYX20190815_100803_V06,2,0.394,116.94,467.247637,18.290532,-76.80,42.997585,9145.265957,20190815_060803
1,KTYX20190815_101243_V06,6,0.375,120.45,465.535613,21.034390,-76.78,43.005501,10517.194906,20190815_061243
1,KTYX20190815_101723_V06,11,0.381,123.91,464.457817,27.276425,-76.76,43.010555,13638.212324,20190815_061723
1,KTYX20190815_102202_V06,16,0.440,127.55,462.770231,31.266054,-76.74,43.018360,15633.026783,20190815_062202
7,KTYX20190816_100659_V06,-1,0.710,136.78,462.818665,19.018457,-76.68,43.018656,9509.228706,20190816_060659
7,KTYX20190816_101142_V06,4,0.765,139.51,461.588886,26.012713,-76.66,43.024337,13006.356673,20190816_061142
7,KTYX20190816_101625_V06,9,0.710,144.47,457.942746,31.485849,-76.63,43.041006,15742.924719,20190816_061625
7,KTYX20190816_102113_V06,14,0.685,147.72,454.645631,34.188158,-76.61,43.056010,17094.078761,20190816_062113
7,KTYX20190816_102553_V06,18,0.511,147.16,451.561474,37.282370,-76.62,43.069861,18641.185239,20190816_062553
7,KTYX20190816_103034_V06,23,0.232,150.41,445.003466,46.036888,-76.60,43.099537,23018.443995,20190816_063034
7,KTYX20190816_103515_V06,28,0.108,156.91,440.464344,53.641162,-76.56,43.120281,26820.581083,20190816_063515
8,KTYX20190816_100659_V06,-1,0.227,285.88,129.568237,16.487114,-75.77,44.522712,8243.556976,20190816_060659
8,KTYX20190816_101142_V06,4,0.073,286.35,129.344160,23.569505,-75.77,44.523723,11784.752683,20190816_061142
9,KTYX20190816_103515_V06,28,0.058,19.65,245.381958,31.828238,-77.43,43.988289,15914.118767,20190816_063515
12,KTYX20190816_113020_V06,83,0.124,349.16,82.809937,14.344139,-75.37,44.732717,7172.069550,20190816_073020
1,KTYX20190817_100106_V06,-8,0.244,127.45,463.606720,12.306166,-76.74,43.014590,6153.082848,20190817_060106
1,KTYX20190817_100533_V06,-4,0.218,127.53,463.454549,17.897693,-76.74,43.015279,8948.846469,20190817_060533
1,KTYX20190817_100957_V06,0,0.696,131.19,461.386153,22.966424,-76.72,43.024795,11483.212201,20190817_060957
1,KTYX20190817_101422_V06,5,0.841,134.26,459.664347,29.227891,-76.70,43.032714,14613.945361,20190817_061422
1,KTYX20190817_101845_V06,9,0.734,139.58,459.399690,32.468008,-76.66,43.034193,16234.004072,20190817_061845
1,KTYX20190817_102313_V06,14,0.700,142.00,457.234519,38.651771,-76.65,43.044065,19325.885433,20190817_062313
1,KTYX20190817_102741_V06,18,0.599,144.24,452.110997,43.376990,-76.64,43.067239,21688.495169,20190817_062741
1,KTYX20190817_103214_V06,23,0.526,145.09,448.910716,48.619257,-76.63,43.081684,24309.628582,20190817_063214
1,KTYX20190817_103642_V06,27,0.282,149.33,450.948471,53.993564,-76.60,43.072729,26996.781952,20190817_063642
2,KTYX20190818_100757_V06,-3,0.702,127.80,467.560425,19.706617,-76.74,42.996817,9853.308678,20190818_060757
2,KTYX20190818_101625_V06,6,0.753,131.41,466.398885,29.559727,-76.71,43.002248,14779.863717,20190818_061625
2,KTYX20190818_102507_V06,15,0.700,139.57,468.566343,35.051226,-76.66,42.992940,17525.612814,20190818_062507
2,KTYX20190818_103029_V06,20,0.414,145.23,468.641977,42.666474,-76.63,42.992895,21333.237163,20190818_063029
2,KTYX20190818_103552_V06,25,0.304,153.43,464.484540,50.671342,-76.58,43.012015,25335.670840,20190818_063552
2,KTYX20190818_104113_V06,31,0.086,158.28,458.703682,55.433441,-76.55,43.038262,27716.720726,20190818_064113
1,KTYX20190818_094246_V06,-28,0.062,227.18,306.846558,2.943748,-76.13,43.724126,1471.874237,20190818_054246
2,KTYX20190819_100812_V06,-3,0.065,143.67,465.317871,15.799232,-76.64,43.007774,7899.616241,20190819_060812
2,KTYX20190819_101217_V06,1,0.262,144.94,464.733208,22.105678,-76.63,43.010471,11052.838932,20190819_061217
2,KTYX20190819_101652_V06,5,0.634,154.04,461.872026,27.279053,-76.58,43.023802,13639.526619,20190819_061652
2,KTYX20190819_102141_V06,10,0.778,163.58,459.031433,32.553472,-76.52,43.037032,16276.736056,20190819_062141
2,KTYX20190819_102628_V06,15,0.555,169.91,458.749171,36.753692,-76.48,43.038582,18376.846016,20190819_062628
2,KTYX20190819_103041_V06,19,0.154,173.73,453.056516,42.881133,-76.46,43.064364,21440.566362,20190819_063041
4,KTYX20190819_101217_V06,1,0.153,37.81,122.751953,67.083252,-77.33,44.541615,33541.625977,20190819_061217
4,KTYX20190819_101652_V06,5,0.176,38.16,122.760593,71.840979,-77.33,44.541607,35920.489680,20190819_061652
4,KTYX20190819_102141_V06,10,0.103,40.52,125.800471,73.554760,-77.31,44.528144,36777.380154,20190819_062141
4,KTYX20190819_102628_V06,15,0.154,42.33,128.031856,74.805598,-77.30,44.518267,37402.798964,20190819_062628
4,KTYX20190819_103041_V06,19,0.107,44.33,130.007640,75.074955,-77.29,44.509555,37537.477340,20190819_063041
2,KTYX20190820_100309_V06,-9,0.082,127.19,469.106628,13.263279,-76.74,42.989824,6631.639481,20190820_060309
2,KTYX20190820_101013_V06,-2,0.322,128.40,469.161382,20.104248,-76.73,42.989647,10052.123979,20190820_061013
2,KTYX20190820_101718_V06,5,0.412,133.94,468.826191,23.936129,-76.70,42.991466,11968.064612,20190820_061718
2,KTYX20190820_102146_V06,9,0.105,135.96,470.582776,28.260949,-76.69,42.983671,14130.474545,20190820_062146
2,KTYX20190820_102626_V06,14,0.175,148.32,473.948449,39.067110,-76.61,42.969170,19533.554815,20190820_062626
1,KTYX20190820_100309_V06,-9,0.141,192.07,386.231506,2.780930,-76.35,43.365815,1390.464783,20190820_060309
5,KTYX20190820_111308_V06,61,0.052,17.89,293.588379,16.045208,-77.43,43.771257,8022.603989,20190820_071308
1,KTYX20190822_100748_V06,-7,0.178,137.23,475.992920,16.679909,-76.68,42.959392,8339.954376,20190822_060748
1,KTYX20190822_101229_V06,-2,0.388,139.07,475.547393,23.212505,-76.67,42.961496,11606.252644,20190822_061229
1,KTYX20190822_101708_V06,3,0.421,149.03,475.854418,28.318813,-76.61,42.960629,14159.406438,20190822_061708
1,KTYX20190822_102131_V06,7,0.343,155.06,474.630895,31.624909,-76.57,42.966430,15812.454668,20190822_062131
1,KTYX20190822_102555_V06,11,0.385,160.06,472.318424,37.229110,-76.54,42.977074,18614.554896,20190822_062555
1,KTYX20190822_103023_V06,16,0.330,164.48,469.393987,41.819562,-76.51,42.990437,20909.780771,20190822_063023
1,KTYX20190822_103452_V06,20,0.287,166.07,467.399558,44.907693,-76.50,42.999484,22453.846700,20190822_063452
2,KTYX20190822_101708_V06,3,0.053,100.27,412.340607,2.786720,-76.91,43.243608,1393.360138,20190822_061708
3,KTYX20190822_102131_V06,7,0.054,275.17,62.024780,18.588440,-75.84,44.826546,9294.219971,20190822_062131
4,KTYX20190822_110720_V06,53,0.152,432.19,358.588470,18.493904,-74.86,43.489238,9246.952057,20190822_070720
2,KTYX20190823_100639_V06,-9,0.516,327.66,133.893616,4.974434,-75.51,44.503153,2487.216949,20190823_060639
2,KTYX20190823_101344_V06,-2,0.148,326.81,134.518938,11.611424,-75.51,44.500347,5805.711840,20190823_061344
2,KTYX20190823_102050_V06,5,0.957,329.28,138.651304,11.770619,-75.50,44.481730,5885.309584,20190823_062050
2,KTYX20190823_102749_V06,12,0.974,329.37,141.048723,16.134797,-75.50,44.470941,8067.398402,20190823_062749
2,KTYX20190823_103447_V06,19,0.941,328.28,143.421173,18.372846,-75.50,44.460277,9186.422884,20190823_063447
2,KTYX20190823_104145_V06,26,0.816,327.49,146.329267,20.480156,-75.51,44.447199,10240.078176,20190823_064145
2,KTYX20190823_104849_V06,33,0.715,331.76,149.472913,25.439028,-75.48,44.433011,12719.513824,20190823_064849
2,KTYX20190823_110253_V06,47,0.140,337.26,151.495595,33.841422,-75.45,44.423845,16920.710894,20190823_070253
1,KTYX20190823_100639_V06,-9,0.730,118.15,472.533020,9.031504,-76.79,42.973873,4515.751839,20190823_060639
1,KTYX20190823_101344_V06,-2,0.866,120.12,473.192313,17.023558,-76.78,42.971025,8511.779018,20190823_061344
1,KTYX20190823_102050_V06,5,0.906,124.14,476.394818,24.517089,-76.76,42.956849,12258.544571,20190823_062050
1,KTYX20190823_102749_V06,12,0.817,128.79,481.119819,29.903920,-76.73,42.935853,14951.959898,20190823_062749
1,KTYX20190823_103447_V06,19,0.728,132.74,485.241357,35.589693,-76.70,42.917526,17794.846509,20190823_063447
1,KTYX20190823_104145_V06,26,0.501,135.11,487.982333,42.260210,-76.69,42.905321,21130.105176,20190823_064145
1,KTYX20190823_104849_V06,33,0.405,132.49,479.726074,34.375198,-76.71,42.942332,17187.599182,20190823_064849
1,KTYX20190823_110253_V06,47,0.071,135.58,479.921641,46.713845,-76.69,42.941622,23356.922548,20190823_070253
11,KTYX20190823_101344_V06,-2,0.645,253.87,287.770996,10.430222,-75.97,43.810503,5215.110779,20190823_061344
11,KTYX20190823_102050_V06,5,0.377,253.88,287.600234,19.379976,-75.97,43.811271,9689.987889,20190823_062050
12,KTYX20190823_101344_V06,-2,0.565,258.16,237.815613,11.901798,-75.94,44.035365,5950.899124,20190823_061344
12,KTYX20190823_102050_V06,5,0.307,258.16,238.118261,19.703997,-75.94,44.034003,9851.998318,20190823_062050
19,KTYX20190823_104145_V06,26,0.097,265.25,99.932434,30.013046,-75.90,44.655884,15006.523132,20190823_064145
19,KTYX20190823_104849_V06,33,0.121,266.79,102.401465,38.329129,-75.89,44.644793,19164.564262,20190823_064849
4,KTYX20190823_100639_V06,-9,0.099,265.37,150.424011,2.216034,-75.90,44.428699,1108.016968,20190823_060639
7,KTYX20190823_100639_V06,-9,0.064,283.22,147.291382,16.039505,-75.79,44.442952,8019.752502,20190823_060639
9,KTYX20190823_100639_V06,-9,0.060,266.52,157.077209,2.374664,-75.89,44.398775,1187.332153,20190823_060639
10,KTYX20190823_100639_V06,-9,0.057,265.00,155.078766,2.480835,-75.90,44.407750,1240.417480,20190823_060639
15,KTYX20190823_102050_V06,5,0.113,268.98,428.290619,6.542812,-75.87,43.178314,3271.406174,20190823_062050
21,KTYX20190823_104849_V06,33,0.053,253.10,143.251831,4.817554,-75.97,44.460799,2408.777237,20190823_064849
5,KTYX20190824_101820_V06,2,0.897,326.52,154.527344,9.756920,-75.51,44.410320,4878.459930,20190824_061820
5,KTYX20190824_102525_V06,9,0.830,327.73,158.454600,17.291992,-75.51,44.392638,8645.995888,20190824_062525
5,KTYX20190824_103223_V06,16,0.865,333.13,162.920398,23.296627,-75.47,44.372487,11648.313476,20190824_063223
5,KTYX20190824_103922_V06,23,0.858,333.96,170.367227,29.580712,-75.47,44.338970,14790.355959,20190824_063922
5,KTYX20190824_104620_V06,30,0.737,342.27,180.657168,31.063950,-75.42,44.292560,15531.975116,20190824_064620
5,KTYX20190824_110030_V06,44,0.065,340.26,187.987752,46.885822,-75.43,44.259603,23442.911134,20190824_070030
11,KTYX20190824_103223_V06,16,0.541,303.63,150.351685,9.071617,-75.66,44.429227,4535.808563,20190824_063223
11,KTYX20190824_103922_V06,23,0.889,305.31,157.805180,17.058440,-75.65,44.395687,8529.220116,20190824_063922
11,KTYX20190824_104620_V06,30,0.942,307.43,162.341970,20.368173,-75.63,44.375268,10184.086648,20190824_064620
11,KTYX20190824_110030_V06,44,0.941,307.30,165.276198,24.199091,-75.63,44.362066,12099.545358,20190824_070030
11,KTYX20190824_110728_V06,51,0.297,306.35,166.002099,25.945286,-75.64,44.358801,12972.642975,20190824_070728
11,KTYX20190824_111425_V06,58,0.099,304.28,167.713161,30.305215,-75.65,44.351106,15152.607351,20190824_071425
2,KTYX20190824_101116_V06,-5,0.687,249.86,282.552856,5.639160,-75.99,43.833920,2819.580078,20190824_061116
2,KTYX20190824_101820_V06,2,0.760,248.01,284.721016,14.173047,-76.00,43.824131,7086.523594,20190824_061820
2,KTYX20190824_102525_V06,9,0.866,245.46,287.878561,17.143035,-76.02,43.809876,8571.517433,20190824_062525
2,KTYX20190824_103223_V06,16,0.184,248.19,290.700579,20.593312,-76.00,43.797226,10296.655920,20190824_063223
8,KTYX20190824_101820_V06,2,0.081,120.26,475.776459,20.192310,-76.78,42.959404,10096.155167,20190824_061820
8,KTYX20190824_102525_V06,9,0.594,121.55,477.004843,26.781864,-76.77,42.953952,13390.932243,20190824_062525
8,KTYX20190824_103223_V06,16,0.481,124.71,482.376796,31.393320,-76.75,42.929962,15696.660235,20190824_063223
8,KTYX20190824_103922_V06,23,0.178,126.26,484.385117,41.718321,-76.74,42.921013,20859.160582,20190824_063922
4,KTYX20190824_101820_V06,2,0.945,256.68,238.217957,11.513542,-75.95,44.033533,5756.771088,20190824_061820
4,KTYX20190824_102525_V06,9,0.837,256.39,240.384648,17.850399,-75.95,44.023779,8925.199665,20190824_062525
4,KTYX20190824_103223_V06,16,0.151,254.99,243.657641,24.050925,-75.96,44.009030,12025.462390,20190824_063223
4,KTYX20190824_103922_V06,23,-1.000,253.71,246.797852,30.316643,-75.97,43.994879,15158.321579,20190824_063922
4,KTYX20190824_104620_V06,30,0.291,259.77,229.698486,12.486626,-75.93,44.071914,6243.312836,20190824_064620
9,KTYX20190824_101820_V06,2,0.079,277.18,150.319519,17.017921,-75.82,44.429285,8508.960724,20190824_061820
2,KTYX20190825_101815_V06,0,0.610,119.81,464.948273,17.176483,-76.79,43.008106,8588.241577,20190825_061815
2,KTYX20190825_102509_V06,7,0.595,118.02,465.256466,28.031017,-76.80,43.006611,14015.508415,20190825_062509
2,KTYX20190825_103159_V06,13,0.627,116.06,464.216436,37.291485,-76.81,43.011173,18645.742367,20190825_063159
2,KTYX20190825_103852_V06,20,0.635,111.03,457.383825,43.072964,-76.84,43.041609,21536.482193,20190825_063852
2,KTYX20190825_104557_V06,27,0.497,104.91,455.458846,52.814652,-76.88,43.049882,26407.325833,20190825_064557
2,KTYX20190825_105302_V06,35,0.114,96.14,451.137301,58.684517,-76.93,43.068748,29342.258728,20190825_065302
3,KTYX20190825_101815_V06,0,0.288,256.20,275.638733,5.912231,-75.95,43.865134,2956.115723,20190825_061815
3,KTYX20190825_102509_V06,7,0.143,256.87,277.037734,13.578808,-75.95,43.858848,6789.403848,20190825_062509
6,KTYX20190825_103159_V06,13,0.188,351.56,500.223877,34.023026,-75.36,42.854283,17011.512756,20190825_063159
1,KTYX20190826_100757_V06,-12,0.868,120.86,460.493347,11.781666,-76.78,43.028216,5890.832901,20190826_060757
1,KTYX20190826_101503_V06,-4,0.831,117.68,459.856182,22.962832,-76.80,43.030893,11481.416186,20190826_061503
1,KTYX20190826_102208_V06,3,0.800,115.51,459.651503,30.051577,-76.81,43.031682,15025.788622,20190826_062208
1,KTYX20190826_102913_V06,10,0.800,114.52,455.511763,36.999296,-76.82,43.050251,18499.648246,20190826_062913
1,KTYX20190826_103617_V06,17,0.760,109.19,450.934532,48.422514,-76.85,43.070516,24211.257032,20190826_063617
1,KTYX20190826_104322_V06,24,0.680,104.10,447.453774,55.262697,-76.88,43.085853,27631.348417,20190826_064322
1,KTYX20190826_105026_V06,31,0.375,102.36,444.291023,64.300561,-76.89,43.099971,32150.280284,20190826_065026
1,KTYX20190827_101421_V06,-6,0.213,125.88,449.630615,10.729221,-76.75,43.077395,5364.610672,20190827_061421
1,KTYX20190827_102114_V06,1,0.853,131.05,447.431906,19.240059,-76.72,43.087584,9620.029702,20190827_062114
1,KTYX20190827_102808_V06,8,0.906,134.07,444.782849,28.593562,-76.70,43.099673,14296.781117,20190827_062808
1,KTYX20190827_103501_V06,15,0.767,136.88,438.109192,34.714632,-76.68,43.129860,17357.315951,20190827_063501
1,KTYX20190827_104155_V06,21,0.327,140.03,429.272062,46.369456,-76.66,43.169798,23184.728195,20190827_064155
1,KTYX20190827_104848_V06,28,0.316,138.58,422.339705,54.675239,-76.67,43.200917,27337.619528,20190827_064848
3,KTYX20190827_102808_V06,8,0.104,389.70,215.668579,13.768219,-75.12,44.133953,6884.109497,20190827_062808
3,KTYX20190827_103501_V06,15,0.284,390.69,213.398748,20.915714,-75.11,44.144136,10457.856856,20190827_063501
4,KTYX20190827_104848_V06,28,0.111,26.16,432.094360,48.748070,-77.36,43.148880,24374.034882,20190827_064848
4,KTYX20190827_110235_V06,42,-1.000,26.16,432.094360,71.008070,-77.36,43.148880,35504.034882,20190827_070235
4,KTYX20190827_110923_V06,49,0.133,26.90,416.254456,55.366894,-77.36,43.220216,27683.446884,20190827_070923
5,KTYX20190827_104848_V06,28,0.067,25.00,214.991180,47.379608,-77.40,44.125508,23689.804077,20190827_064848
2,KTYX20190829_100656_V06,-16,0.074,128.90,467.986572,8.610550,-76.73,42.994963,4305.274963,20190829_060656
2,KTYX20190829_101401_V06,-8,0.374,129.33,468.503110,16.460085,-76.73,42.992662,8230.042745,20190829_061401
2,KTYX20190829_102100_V06,-1,0.634,137.01,467.086491,21.395544,-76.68,42.999462,10697.771978,20190829_062100
2,KTYX20190829_102952_V06,7,0.152,144.10,461.375870,29.609475,-76.64,43.025537,14804.737512,20190829_062952
2,KTYX20190829_103651_V06,14,0.309,152.34,459.868581,38.605949,-76.59,43.032735,19302.974516,20190829_063651
2,KTYX20190829_104350_V06,21,0.129,156.51,458.332810,44.828760,-76.56,43.039848,22414.379960,20190829_064350
1,KTYX20190829_095246_V06,-30,0.577,233.86,120.635681,7.986557,-76.10,44.562187,3993.278503,20190829_055246
5,KTYX20190829_102952_V06,7,0.188,185.48,399.243317,1.937103,-76.39,43.307014,968.551636,20190829_062952
1,KTYX20190831_101124_V06,-13,0.228,124.66,467.222260,9.624073,-76.76,42.998158,4812.036514,20190831_061124
1,KTYX20190831_101823_V06,-6,0.355,130.38,471.717573,22.274461,-76.72,42.978255,11137.230663,20190831_061823
1,KTYX20190831_102527_V06,1,0.325,136.24,477.530007,31.294067,-76.68,42.952421,15647.033437,20190831_062527
1,KTYX20190831_103232_V06,8,0.409,139.26,479.445973,36.315242,-76.66,42.943961,18157.620895,20190831_063232
1,KTYX20190831_103938_V06,15,0.506,138.37,472.214000,36.472254,-76.67,42.976460,18236.127210,20190831_063938
1,KTYX20190831_104644_V06,22,0.385,141.03,470.159153,42.131577,-76.65,42.985848,21065.788337,20190831_064644
2,KTYX20190831_110251_V06,38,0.086,251.40,359.730133,18.445450,-75.98,43.486633,9222.724915,20190831_070251
1,KTYX20190901_101013_V06,-16,0.067,118.71,460.801331,9.855534,-76.79,43.026702,4927.766800,20190901_061013
1,KTYX20190901_101452_V06,-12,0.496,119.94,461.065189,16.509235,-76.78,43.025588,8254.617524,20190901_061452
1,KTYX20190901_101933_V06,-7,0.412,122.59,460.773570,21.287288,-76.77,43.027058,10643.643774,20190901_061933
1,KTYX20190901_102414_V06,-2,0.479,124.51,458.993393,26.494902,-76.76,43.035181,13247.450810,20190901_062414
1,KTYX20190901_102855_V06,2,0.501,123.24,452.613472,27.850905,-76.77,43.063818,13925.452378,20190901_062855
1,KTYX20190901_103419_V06,8,0.535,122.77,449.416983,31.168870,-76.77,43.078175,15584.435079,20190901_063419
1,KTYX20190901_103914_V06,13,0.479,127.03,446.901509,37.901357,-76.74,43.089743,18950.678468,20190901_063914
1,KTYX20190901_104354_V06,17,0.374,125.38,443.531815,42.018305,-76.75,43.104812,21009.152309,20190901_064354
1,KTYX20190901_104835_V06,22,0.109,124.69,441.562558,40.194626,-76.76,43.113634,20097.313176,20190901_064835
1,KTYX20190901_105315_V06,27,0.180,127.68,436.843934,43.258057,-76.74,43.135041,21629.028380,20190901_065315
1,KTYX20190901_110440_V06,38,0.053,130.06,426.529225,47.741226,-76.73,43.181594,23870.613242,20190901_070440
1,KTYX20190901_110948_V06,43,-1.000,131.24,421.949801,49.785399,-76.72,43.202268,24892.699288,20190901_070948
1,KTYX20190901_111412_V06,48,0.153,106.01,407.210144,31.289539,-76.87,43.267071,15644.769669,20190901_071412
9,KTYX20190902_114003_V06,73,0.068,306.15,94.037720,14.232483,-75.64,44.682609,7116.241455,20190902_074003
9,KTYX20190902_114550_V06,78,0.287,307.28,94.212520,20.076336,-75.63,44.681819,10038.168122,20190902_074550
6,KTYX20190903_104212_V06,14,0.325,358.72,29.713989,15.593880,-75.31,44.971429,7796.939850,20190903_064212
6,KTYX20190903_104917_V06,21,0.852,364.97,34.802041,19.576911,-75.27,44.948403,9788.455680,20190903_064917
6,KTYX20190903_110328_V06,35,0.952,370.10,43.285774,34.434738,-75.24,44.910114,17217.368982,20190903_070328
6,KTYX20190903_111031_V06,42,0.905,372.61,48.402721,38.808514,-75.22,44.887030,19404.256898,20190903_071031
6,KTYX20190903_111932_V06,51,0.920,376.75,52.920116,39.981728,-75.19,44.866598,19990.864041,20190903_071932
6,KTYX20190903_112637_V06,58,0.601,378.24,62.375819,42.681553,-75.19,44.824016,21340.776587,20190903_072637
6,KTYX20190903_113342_V06,65,0.060,383.26,74.653495,44.049258,-75.15,44.768636,22024.628914,20190903_073342
1,KTYX20190903_102126_V06,-7,0.063,353.83,106.578857,3.083527,-75.34,44.625689,1541.763306,20190903_062126
1,KTYX20190903_102820_V06,0,0.909,349.58,109.843823,10.925651,-75.37,44.611074,5462.825319,20190903_062820
1,KTYX20190903_103508_V06,7,0.829,349.15,113.328398,13.514484,-75.37,44.595402,6757.241770,20190903_063508
1,KTYX20190903_104212_V06,14,0.858,349.57,117.676983,19.253841,-75.37,44.575829,9626.920649,20190903_064212
1,KTYX20190903_104917_V06,21,0.894,350.47,119.982682,25.205604,-75.36,44.565439,12602.801902,20190903_064917
1,KTYX20190903_110328_V06,35,0.101,351.54,124.828777,35.204076,-75.36,44.543616,17602.037956,20190903_070328
5,KTYX20190903_102820_V06,0,0.091,123.87,473.042053,16.970860,-76.76,42.971922,8485.429764,20190903_062820
5,KTYX20190903_103508_V06,7,0.217,125.91,474.082835,26.616132,-76.75,42.967356,13308.066179,20190903_063508
5,KTYX20190903_104212_V06,14,0.443,129.18,475.583375,34.650416,-76.73,42.960791,17325.208223,20190903_064212
5,KTYX20190903_104917_V06,21,0.301,133.53,475.739373,40.494333,-76.70,42.960331,20247.166371,20190903_064917
5,KTYX20190903_110328_V06,35,0.426,131.27,459.975648,43.582832,-76.72,43.031147,21791.416135,20190903_070328
5,KTYX20190903_111031_V06,42,0.090,130.85,460.741828,51.277203,-76.72,43.027676,25638.601733,20190903_071031
2,KTYX20190903_102820_V06,0,0.894,218.08,212.446838,9.528450,-76.19,44.148677,4764.225006,20190903_062820
2,KTYX20190903_103508_V06,7,0.878,217.98,215.397188,15.871644,-76.19,44.135398,7935.822175,20190903_063508
2,KTYX20190903_104212_V06,14,0.870,218.40,220.881471,20.701527,-76.19,44.110732,10350.763415,20190903_064212
2,KTYX20190903_104917_V06,21,0.273,218.97,222.250816,20.702947,-76.19,44.104586,10351.473414,20190903_064917
9,KTYX20190903_104917_V06,21,0.113,237.47,309.436096,19.972485,-76.07,43.712707,9986.242294,20190903_064917
1,KTYX20190905_101553_V06,-15,0.245,119.18,466.494080,16.737518,-76.79,43.001112,8368.759155,20190905_061553
1,KTYX20190905_102258_V06,-8,0.559,119.88,464.415590,24.737706,-76.78,43.010507,12368.852978,20190905_062258
1,KTYX20190905_103004_V06,0,0.482,116.18,459.218785,24.623838,-76.81,43.033671,12311.919131,20190905_063004
1,KTYX20190905_103709_V06,7,0.278,114.86,456.921565,30.783824,-76.82,43.043928,15391.912005,20190905_063709
1,KTYX20190905_104415_V06,14,0.152,115.06,448.443106,34.071969,-76.82,43.082094,17035.984464,20190905_064415
1,KTYX20190905_105119_V06,21,0.277,115.49,452.879515,38.464171,-76.81,43.062156,19232.085457,20190905_065119
3,KTYX20190905_103004_V06,0,0.652,235.93,305.063263,9.981052,-76.08,43.732353,4990.526199,20190905_063004
3,KTYX20190905_103709_V06,7,0.092,235.71,305.437885,16.866281,-76.08,43.730662,8433.140496,20190905_063709
3,KTYX20190905_104415_V06,14,0.535,238.66,311.017046,22.903702,-76.06,43.705618,11451.851174,20190905_064415
3,KTYX20190905_105119_V06,21,0.090,241.89,321.138807,37.701077,-76.04,43.660133,18850.538485,20190905_065119
3,KTYX20190905_110528_V06,35,0.116,243.85,325.284621,43.858787,-76.03,43.641514,21929.393711,20190905_070528
3,KTYX20190905_111233_V06,42,0.129,242.96,325.083055,42.687803,-76.03,43.642404,21343.901668,20190905_071233
4,KTYX20190905_103004_V06,0,0.126,220.66,204.607147,4.735157,-76.18,44.184024,2367.578506,20190905_063004
4,KTYX20190905_103709_V06,7,0.684,222.07,206.767667,11.738201,-76.17,44.174340,5869.100338,20190905_063709
4,KTYX20190905_104415_V06,14,0.818,223.25,210.874643,15.183223,-76.16,44.155891,7591.611639,20190905_064415
4,KTYX20190905_105119_V06,21,0.764,225.29,212.519239,17.355961,-76.15,44.148543,8677.980597,20190905_065119
4,KTYX20190905_110528_V06,35,0.095,226.05,215.709032,19.224408,-76.14,44.134209,9612.203846,20190905_070528
2,KTYX20190905_103004_V06,0,0.739,354.63,105.859741,10.487869,-75.34,44.628909,5243.934631,20190905_063004
2,KTYX20190905_103709_V06,7,0.895,354.48,108.082895,17.748043,-75.34,44.618909,8874.021288,20190905_063709
2,KTYX20190905_104415_V06,14,0.651,357.90,110.234406,25.044043,-75.32,44.609163,12522.021711,20190905_064415
2,KTYX20190905_105119_V06,21,0.051,363.41,114.319207,34.855232,-75.28,44.590669,17427.616219,20190905_065119
7,KTYX20190905_103709_V06,7,0.150,200.19,337.680084,24.561462,-76.30,43.584588,12280.731201,20190905_063709
3,KTYX20190906_103907_V06,8,0.054,348.93,105.401001,11.248283,-75.37,44.631075,5624.141693,20190906_063907
3,KTYX20190906_104611_V06,15,0.443,342.37,100.651898,26.782125,-75.41,44.652546,13391.062291,20190906_064611
3,KTYX20190906_110019_V06,29,0.828,334.23,102.006133,35.381510,-75.46,44.646560,17690.755185,20190906_070019
3,KTYX20190906_110722_V06,36,0.798,332.28,106.546174,36.019028,-75.48,44.626155,18009.513936,20190906_070722
3,KTYX20190906_111426_V06,43,0.772,332.63,107.401781,36.884417,-75.47,44.622301,18442.208285,20190906_071426
3,KTYX20190906_112130_V06,50,0.123,329.06,108.742000,40.487785,-75.50,44.616309,20243.892534,20190906_072130
1,KTYX20190906_103204_V06,1,0.056,106.34,447.446442,31.994774,-76.87,43.086031,15997.386932,20190906_063204
1,KTYX20190906_103907_V06,8,0.217,106.68,445.549435,42.921088,-76.87,43.094589,21460.544167,20190906_063907
2,KTYX20190906_103907_V06,8,0.084,235.55,302.499023,13.184456,-76.08,43.743884,6592.227936,20190906_063907
2,KTYX20190906_104611_V06,15,0.099,234.29,303.016998,22.234450,-76.09,43.741525,11117.225035,20190906_064611
5,KTYX20190906_112130_V06,50,0.180,199.39,301.260132,22.537079,-76.30,43.748453,11268.539429,20190906_072130
5,KTYX20190906_112835_V06,57,0.377,195.89,301.986741,27.585777,-76.33,43.745062,13792.888448,20190906_072835
5,KTYX20190906_113539_V06,64,0.297,185.59,302.988037,21.343460,-76.39,43.740177,10671.730042,20190906_073539
5,KTYX20190906_114243_V06,71,0.073,183.35,301.192689,29.683425,-76.40,43.748168,14841.712454,20190906_074243
4,KTYX20190906_104611_V06,15,0.152,214.55,185.185181,7.092728,-76.22,44.271245,3546.363831,20190906_064611
5,KTYX20190907_105144_V06,19,0.155,386.07,269.926697,18.193298,-75.14,43.889910,9096.649170,20190907_065144
5,KTYX20190907_110535_V06,33,0.244,390.16,276.210255,24.434593,-75.12,43.861512,12217.296415,20190907_070535
2,KTYX20190907_101701_V06,-15,0.051,229.31,279.364441,7.039417,-76.12,43.847848,3519.708633,20190907_061701
3,KTYX20190907_103059_V06,-2,0.061,406.27,235.414703,36.684525,-75.02,44.044549,18342.262268,20190907_063059
6,KTYX20190907_110535_V06,33,0.127,225.04,205.554871,10.560837,-76.15,44.179874,5280.418396,20190907_070535
1,KTYX20190908_102312_V06,-10,0.089,121.68,472.017975,9.799530,-76.77,42.976402,4899.765015,20190908_062312
1,KTYX20190908_103146_V06,-2,-1.000,121.68,472.017975,22.519530,-76.77,42.976402,11259.765015,20190908_063146
1,KTYX20190908_104020_V06,7,0.133,126.90,471.694093,23.431834,-76.74,42.978163,11715.917047,20190908_064020
1,KTYX20190908_104855_V06,15,0.337,137.57,474.803601,30.841540,-76.68,42.964763,15420.770208,20190908_064855
1,KTYX20190908_110613_V06,33,0.457,135.92,475.568074,32.978368,-76.69,42.961233,16489.184144,20190908_070613
1,KTYX20190908_111458_V06,41,0.062,135.90,475.263397,42.179734,-76.69,42.962603,21089.867131,20190908_071458
2,KTYX20190908_103146_V06,-2,0.880,223.75,210.729858,5.551201,-76.16,44.156555,2775.600433,20190908_063146
2,KTYX20190908_104020_V06,7,0.899,224.94,212.318596,10.856404,-76.15,44.149437,5428.202148,20190908_064020
2,KTYX20190908_104855_V06,15,0.876,226.83,217.137294,15.932572,-76.14,44.127802,7966.286078,20190908_064855
2,KTYX20190908_110613_V06,33,0.178,231.21,220.895730,21.084344,-76.11,44.110995,10542.171946,20190908_070613
4,KTYX20190908_104855_V06,15,0.056,219.07,307.379517,8.827766,-76.18,43.721518,4413.883209,20190908_064855
1,KTYX20190909_100529_V06,-29,0.053,171.31,211.964966,2.087830,-76.48,44.149169,1043.914795,20190909_060529
2,KTYX20190909_104019_V06,6,0.060,176.85,362.183319,3.293327,-76.44,43.473448,1646.663666,20190909_064019
3,KTYX20190909_104902_V06,15,0.129,113.01,404.433868,7.757805,-76.83,43.280009,3878.902435,20190909_064902
4,KTYX20190909_111511_V06,41,0.090,238.78,201.449158,14.560837,-76.06,44.198668,7280.418396,20190909_071511
5,KTYX20190909_112354_V06,49,0.169,199.83,316.925598,16.313572,-76.30,43.677973,8156.785965,20190909_072354
1,KTYX20190910_103751_V06,1,0.077,377.98,417.335205,24.553413,-75.20,43.226767,12276.706696,20190910_063751
2,KTYX20190910_111235_V06,36,0.058,296.68,309.439117,22.948647,-75.70,43.713351,11474.323273,20190910_071235
10,KTYX20190912_113807_V06,60,0.123,10.66,190.316681,17.060539,-77.49,44.235127,8530.269623,20190912_073807
10,KTYX20190912_114402_V06,66,0.104,12.57,189.906033,25.662490,-77.48,44.237161,12831.244888,20190912_074402
10,KTYX20190912_115002_V06,72,0.070,23.01,181.027737,36.617918,-77.41,44.278104,18308.959059,20190912_075002
9,KTYX20190912_113807_V06,60,0.126,244.64,182.463562,29.923779,-76.03,44.284214,14961.889267,20190912_073807
9,KTYX20190912_114402_V06,66,0.128,247.97,182.640300,37.679940,-76.01,44.283479,18839.969825,20190912_074402
6,KTYX20190912_110803_V06,30,0.109,361.54,103.394165,8.748642,-75.29,44.639865,4374.320984,20190912_070803
8,KTYX20190912_113807_V06,60,0.164,316.20,566.296936,30.675850,-75.58,42.557285,15337.924957,20190912_073807
1,KTYX20190913_104150_V06,2,0.864,441.51,81.183167,17.852089,-74.79,44.737000,8926.044464,20190913_064150
1,KTYX20190913_104854_V06,9,0.809,439.20,82.906893,24.431454,-74.80,44.729356,12215.726883,20190913_064854
1,KTYX20190913_110258_V06,23,0.173,437.06,83.887358,25.336292,-74.82,44.725047,12668.146179,20190913_070258
2,KTYX20190916_111616_V06,34,0.069,112.31,395.644836,10.496044,-76.84,43.319515,5248.022079,20190916_071616
2,KTYX20190916_112035_V06,38,0.059,100.45,406.653687,25.519341,-76.91,43.269211,12759.670258,20190916_072035
1,KTYX20190917_104600_V06,3,0.482,355.41,118.212646,7.978874,-75.33,44.573314,3989.437103,20190917_064600
1,KTYX20190917_105304_V06,10,0.922,355.05,124.190669,16.498072,-75.33,44.546423,8249.035884,20190917_065304
1,KTYX20190917_110711_V06,24,0.909,357.71,139.413407,28.191988,-75.32,44.477877,14095.994044,20190917_070711
1,KTYX20190917_111415_V06,31,0.589,359.96,148.261079,33.603103,-75.30,44.438021,16801.551348,20190917_071415
1,KTYX20190917_112118_V06,38,0.264,363.03,155.193071,37.106797,-75.28,44.406765,18553.398375,20190917_072118
2,KTYX20190918_105117_V06,6,0.257,454.78,82.028442,14.191185,-74.70,44.732519,7095.592499,20190918_065117
2,KTYX20190922_104312_V06,-6,0.188,259.01,337.583466,13.540405,-75.93,43.586414,6770.202637,20190922_064312
2,KTYX20190922_105008_V06,1,0.071,262.91,334.292238,23.144743,-75.91,43.601277,11572.371650,20190922_065008
1,KTYX20190922_102918_V06,-20,0.124,299.27,108.716736,6.408211,-75.68,44.616568,3204.105377,20190922_062918
7,KTYX20190923_104835_V06,-2,0.153,55.41,481.331757,57.358566,-77.18,42.929848,28679.283142,20190923_064835
7,KTYX20190923_110229_V06,12,0.086,67.94,476.568505,69.361729,-77.10,42.952271,34680.864576,20190923_070229
10,KTYX20190923_114410_V06,54,0.132,32.63,444.519501,37.048050,-77.32,43.093556,18524.024963,20190923_074410
11,KTYX20190923_120354_V06,73,0.551,304.45,383.703064,6.904114,-75.65,43.379138,3452.056885,20190923_080354
12,KTYX20190923_120930_V06,79,0.232,327.70,294.564697,41.635262,-75.51,43.780160,20817.630768,20190923_080930
7,KTYX20190924_104209_V06,-9,0.062,67.15,265.310303,22.988190,-77.13,43.902763,11494.094849,20190924_064209
10,KTYX20190924_110636_V06,15,0.061,441.70,355.635132,25.741783,-74.80,43.502091,12870.891571,20190924_070636
13,KTYX20190924_111243_V06,21,0.051,354.31,137.661713,13.350594,-75.34,44.485824,6675.296783,20190924_071243
1,KTYX20190930_110843_V06,10,0.180,459.78,93.632202,16.250473,-74.67,44.680043,8125.236511,20190930_070843
1,KTYX20190930_111310_V06,15,0.427,461.07,94.657809,22.346635,-74.66,44.675358,11173.317291,20190930_071310
1,KTYX20190930_111737_V06,19,0.055,464.27,94.060087,26.990497,-74.64,44.677868,13495.248674,20190930_071737
5,KTYX20191001_112858_V06,29,0.098,223.40,274.372284,23.027153,-76.16,43.870165,11513.576508,20191001_072858
1,KTYX20191008_110624_V06,-2,0.099,117.98,449.430054,8.670746,-76.80,43.077831,4335.372925,20191008_070624
1,KTYX20191008_111329_V06,5,0.868,117.56,452.063169,15.762732,-76.80,43.065955,7881.365775,20191008_071329
1,KTYX20191008_112033_V06,12,0.587,115.83,454.759010,22.650585,-76.81,43.053719,11325.292396,20191008_072033
1,KTYX20191008_112735_V06,19,0.415,111.89,457.772082,30.991136,-76.83,43.039916,15495.567949,20191008_072735
4,KTYX20191008_112735_V06,19,0.141,365.61,351.424774,20.009312,-75.27,43.523684,10004.655838,20191008_072735
4,KTYX20191008_113433_V06,26,0.082,367.68,347.965334,32.993758,-75.26,43.539206,16496.879227,20191008_073433
1,KTYX20191012_105147_V06,-22,0.190,299.75,297.240967,12.481796,-75.68,43.768246,6240.898132,20191012_065147
2,KTYX20191012_111756_V06,4,0.054,298.35,300.967682,11.300880,-75.69,43.751475,5650.440216,20191012_071756
4,KTYX20191014_123740_V06,82,0.426,57.74,136.047607,59.993603,-77.20,44.483530,29996.801376,20191014_083740
4,KTYX20191014_124444_V06,89,0.294,59.78,134.723386,67.866011,-77.19,44.489655,33933.005737,20191014_084444
3,KTYX20191014_123036_V06,75,0.184,41.79,288.676208,65.134010,-77.28,43.795535,32567.005157,20191014_083036
3,KTYX20191014_123740_V06,82,0.145,52.61,249.522400,89.492493,-77.22,43.972610,44746.246338,20191014_083740
1,KTYX20191015_105034_V06,-26,0.068,177.28,215.695312,7.865269,-76.45,44.132640,3932.634354,20191015_065034
1,KTYX20191016_112707_V06,10,0.059,36.54,141.065796,40.600189,-77.34,44.459118,20300.094604,20191016_072707
1,KTYX20191016_113126_V06,14,0.106,38.04,138.625712,46.963166,-77.33,44.470230,23481.582855,20191016_073126
1,KTYX20191016_113545_V06,18,0.050,43.87,129.449041,52.202047,-77.29,44.512027,26101.023599,20191016_073545
9,KTYX20191017_122851_V06,69,0.098,41.79,436.311371,49.662758,-77.27,43.131289,24831.378937,20191017_082851
9,KTYX20191017_123458_V06,75,0.057,42.44,439.947874,55.747034,-77.26,43.114981,27873.516754,20191017_083458
4,KTYX20191018_113700_V06,17,0.059,153.94,423.228973,27.919405,-76.58,43.197702,13959.702492,20191018_073700
1,KTYX20191020_112707_V06,5,0.302,300.25,305.005829,12.856186,-75.68,43.733303,6428.092957,20191020_072707
1,KTYX20191021_112354_V06,-1,0.152,120.06,458.536896,3.063086,-76.78,43.036973,1531.542778,20191021_072354
2,KTYX20191023_110910_V06,-17,0.077,24.05,398.432983,20.835617,-77.38,43.300138,10417.808533,20191023_070910
1,KTYX20191026_120245_V06,32,0.066,90.96,290.714722,16.448881,-76.98,43.790240,8224.440575,20191026_080245
1,KTYX20191028_114920_V06,16,0.466,85.54,286.139984,10.355156,-77.01,43.810436,5177.577972,20191028_074920
3,KTYX20191030_114552_V06,10,0.084,101.18,269.991669,6.317850,-76.92,43.884185,3158.925056,20191030_074552
4,KTYX20191031_130036_V06,83,0.105,25.45,480.654877,36.067902,-77.36,42.930319,18033.950806,20191031_090036
4,KTYX20191031_130508_V06,88,0.257,26.45,478.067364,42.430790,-77.36,42.942053,21215.394779,20191031_090508
3,KTYX20191031_122347_V06,46,0.107,23.64,257.263580,34.996456,-77.40,43.935215,17498.228073,20191031_082347
1,KTYX20191102_111007_V06,-29,0.322,38.85,296.957245,61.419838,-77.30,43.758021,30709.918976,20191102_071007
1,KTYX20191102_111651_V06,-23,0.333,41.02,296.367212,69.573199,-77.29,43.760866,34786.599697,20191102_071651
1,KTYX20191102_112335_V06,-16,0.352,46.45,305.044932,77.170686,-77.25,43.722294,38585.342950,20191102_072335
1,KTYX20191102_113018_V06,-9,0.229,47.03,299.971086,74.253151,-77.25,43.745171,37126.575571,20191102_073018
1,KTYX20191102_113701_V06,-2,0.051,47.67,297.392186,87.672554,-77.25,43.756828,43836.276896,20191102_073701
1,KTYX20191102_114405_V06,5,0.053,47.33,337.804443,70.028259,-77.24,43.574980,35014.129639,20191102_074405
1,KTYX20191102_115109_V06,12,0.372,47.56,334.066326,75.976614,-77.24,43.591817,37988.306868,20191102_075109
1,KTYX20191102_120517_V06,26,-1.000,47.96,327.405681,89.003863,-77.24,43.621819,44501.931749,20191102_080517
1,KTYX20191102_121221_V06,33,0.078,47.17,399.227234,60.701248,-77.24,43.298605,30350.624084,20191102_081221
1,KTYX20191102_121925_V06,40,0.116,49.48,392.456413,70.720809,-77.22,43.329265,35360.404551,20191102_081925
4,KTYX20191102_123333_V06,54,0.105,307.08,442.886078,22.360428,-75.64,43.112777,11180.213928,20191102_083333
4,KTYX20191102_124037_V06,61,0.262,306.51,446.789073,29.682261,-75.64,43.095212,14841.130643,20191102_084037
6,KTYX20191103_113835_V06,-3,0.055,49.96,339.816559,17.073822,-77.23,43.566148,8536.911011,20191103_063835
6,KTYX20191103_114314_V06,2,-1.000,49.96,339.816559,25.023822,-77.23,43.566148,12511.911011,20191103_064314
6,KTYX20191103_114754_V06,6,0.080,51.52,339.792039,31.265665,-77.22,43.566389,15632.832329,20191103_064754
10,KTYX20191103_120321_V06,22,0.064,366.19,244.393066,70.979233,-75.27,44.005321,35489.616394,20191103_070321
3,KTYX20191104_113824_V06,-4,0.068,39.24,417.441711,59.600456,-77.28,43.215972,29800.228119,20191104_063824
4,KTYX20191104_114528_V06,3,0.114,36.89,279.303223,54.767967,-77.32,43.837272,27383.983612,20191104_064528
5,KTYX20191104_123708_V06,55,0.107,418.86,247.464722,5.655289,-74.94,43.989847,2827.644348,20191104_073708
4,KTYX20191109_130746_V06,79,0.056,29.54,257.157288,37.892826,-77.36,43.936239,18946.413040,20191109_080746
1,KTYX20191110_113328_V06,-17,0.056,45.12,321.069000,54.794991,-77.26,43.650086,27397.495270,20191110_063328
1,KTYX20191110_114012_V06,-10,0.071,48.83,319.962911,63.585246,-77.24,43.655379,31792.623200,20191110_064012
4,KTYX20191110_120710_V06,17,0.053,48.38,336.328339,71.487770,-77.24,43.581709,35743.885040,20191110_070710
4,KTYX20191110_121354_V06,23,0.088,49.78,340.471052,78.175741,-77.23,43.563188,39087.870686,20191110_071354
6,KTYX20191110_123506_V06,45,0.234,411.23,232.222046,20.892067,-74.99,44.058732,10446.033478,20191110_073506
1,KTYX20191114_114513_V06,-10,0.052,40.71,271.333801,66.042778,-77.29,43.873462,33021.389008,20191114_064513
2,KTYX20191114_121329_V06,18,0.343,28.27,114.031982,29.507164,-77.39,44.579964,14753.582001,20191114_071329
3,KTYX20191114_122034_V06,25,0.062,36.09,421.572968,61.563877,-77.30,43.197108,30781.938553,20191114_072034
5,KTYX20191114_124851_V06,53,0.222,28.48,464.417175,35.728973,-77.35,43.003655,17864.486694,20191114_074851
1,KTYX20191116_120410_V06,6,0.055,189.21,360.796173,4.769115,-76.36,43.480175,2384.557724,20191116_070410
1,KTYX20191117_114324_V06,-16,0.626,298.43,303.871887,15.798622,-75.69,43.738405,7899.311066,20191117_064324
1,KTYX20191117_115028_V06,-9,0.252,299.08,303.917356,21.989292,-75.69,43.738201,10994.646077,20191117_065028
3,KTYX20191117_121846_V06,19,0.051,299.30,303.648071,13.913475,-75.68,43.739413,6956.737518,20191117_071846
3,KTYX20191117_122545_V06,26,-1.000,299.30,303.648071,25.043475,-75.68,43.739413,12521.737518,20191117_072545
3,KTYX20191117_123249_V06,33,0.264,298.00,302.389923,14.309280,-75.69,43.745074,7154.640198,20191117_073249
5,KTYX20191128_123701_V06,25,0.099,330.40,124.945068,29.569786,-75.49,44.543390,14784.893036,20191128_073701
5,KTYX20191128_124358_V06,31,-1.000,330.40,124.945068,39.109786,-75.49,44.543390,19554.893036,20191128_074358
5,KTYX20191128_125056_V06,38,0.377,331.96,117.765461,53.716146,-75.48,44.575678,26858.072902,20191128_075056
2,KTYX20191204_121400_V06,-5,0.359,27.39,201.534760,47.651360,-77.38,44.186265,23825.679779,20191204_071400
2,KTYX20191204_121932_V06,0,0.193,27.43,201.622710,53.930325,-77.38,44.185873,26965.162296,20191204_071932
2,KTYX20191204_122511_V06,6,0.127,35.34,198.857735,58.880034,-77.34,44.199035,29440.017230,20191204_072511
2,KTYX20191204_123035_V06,11,0.220,41.53,196.482979,62.015908,-77.30,44.210270,31007.953884,20191204_073035
2,KTYX20191204_123543_V06,16,0.240,44.27,194.922036,64.067480,-77.28,44.217532,32033.740246,20191204_073543
2,KTYX20191204_124023_V06,21,0.219,50.13,198.337985,64.746302,-77.24,44.202670,32373.151054,20191204_074023
2,KTYX20191204_124503_V06,26,-1.000,55.33,200.068530,66.041552,-77.21,44.195322,33020.775810,20191204_074503
2,KTYX20191204_124943_V06,30,0.101,60.05,207.452176,64.870630,-77.18,44.162494,32435.314897,20191204_074943
2,KTYX20191204_125424_V06,35,0.074,64.66,206.559305,66.168609,-77.15,44.166884,33084.304642,20191204_075424
1,KTYX20191204_120842_V06,-11,0.155,29.12,182.081024,56.131496,-77.38,44.273938,28065.748215,20191204_070842
7,KTYX20191204_124503_V06,26,0.222,52.20,222.480835,53.495930,-77.23,44.094232,26747.964859,20191204_074503
1,KTYX20191205_124640_V06,26,0.070,23.73,392.452545,37.179714,-77.38,43.327016,18589.857101,20191205_074640
2,KTYX20191208_121737_V06,-6,0.095,190.48,39.058838,51.244926,-76.37,44.927905,25622.463226,20191208_071737
2,KTYX20191208_122423_V06,1,0.140,194.94,40.082794,56.527475,-76.35,44.923464,28263.737589,20191208_072423
1,KTYX20191208_120409_V06,-19,0.052,172.29,211.262695,2.658436,-76.48,44.152372,1329.217911,20191208_070409
2,KTYX20191209_120820_V06,-16,0.105,25.33,435.099365,37.207191,-77.37,43.135283,18603.595734,20191209_070820
1,KTYX20191211_124318_V06,17,0.116,28.13,247.790344,36.179710,-77.37,43.978249,18089.855194,20191211_074318
1,KTYX20191211_125022_V06,24,0.111,27.86,246.387679,43.496377,-77.38,43.984534,21748.188258,20191211_075022
1,KTYX20191211_130431_V06,38,0.343,33.91,215.130512,54.770842,-77.34,44.125701,27385.420982,20191211_080431
1,KTYX20191211_131136_V06,45,0.654,37.58,219.391738,57.624058,-77.32,44.106861,28812.028831,20191211_081136
1,KTYX20191211_131841_V06,52,0.809,38.34,218.334903,56.272184,-77.31,44.111683,28136.091892,20191211_081841
1,KTYX20191211_132545_V06,59,0.584,42.93,208.342458,60.922967,-77.29,44.157041,30461.483449,20191211_082545
1,KTYX20191211_133249_V06,66,0.468,51.13,195.830556,69.723573,-77.24,44.214034,34861.786322,20191211_083249
1,KTYX20191211_133952_V06,73,0.170,56.31,191.363611,71.844503,-77.21,44.234565,35922.251351,20191211_083952
1,KTYX20191211_134656_V06,80,0.052,56.51,185.688954,76.458234,-77.20,44.260110,38229.116907,20191211_084656
1,KTYX20191211_135401_V06,88,0.053,59.75,184.018550,78.627025,-77.18,44.267892,39313.512290,20191211_085401
2,KTYX20191211_125022_V06,24,0.053,50.67,317.870728,50.186058,-77.23,43.664946,25093.029022,20191211_075022
9,KTYX20191214_134219_V06,74,0.074,434.79,416.951294,15.206745,-74.85,43.226480,7603.372574,20191214_084219
9,KTYX20191214_134658_V06,78,0.092,434.99,416.384827,20.779820,-74.85,43.229020,10389.909836,20191214_084658
1,KTYX20191215_120758_V06,-22,0.094,365.24,71.552185,6.091652,-75.27,44.783051,3045.825958,20191215_070758
4,KTYX20191215_122635_V06,-3,0.055,165.66,533.584106,27.300732,-76.50,42.701598,13650.365829,20191215_072635
1,KTYX20191216_122541_V06,-5,0.091,28.31,384.125977,58.154610,-77.36,43.364898,29077.304840,20191216_072541
1,KTYX20191221_123414_V06,1,0.224,301.60,303.218567,15.327980,-75.67,43.741346,7663.990021,20191221_073414
4,KTYX20191225_130121_V06,26,0.107,300.76,303.180298,13.346710,-75.68,43.741518,6673.355103,20191225_080121
4,KTYX20191225_130825_V06,33,0.114,301.10,303.056789,20.159796,-75.67,43.742074,10079.897902,20191225_080825
2,KTYX20191226_122012_V06,-15,0.051,23.27,164.900513,41.661171,-77.42,44.350675,20830.585480,20191226_072012
2,KTYX20191226_122715_V06,-8,-1.000,23.27,164.900513,52.791171,-77.42,44.350675,26395.585480,20191226_072715
2,KTYX20191226_123419_V06,-1,0.060,29.20,160.673628,53.115894,-77.38,44.370243,26557.947159,20191226_073419
3,KTYX20191226_134328_V06,68,0.065,57.91,108.858826,62.737576,-77.20,44.605852,31368.787766,20191226_084328
3,KTYX20191226_135011_V06,75,0.112,63.29,109.394037,69.048448,-77.17,44.603887,34524.224127,20191226_085011
1,KTYX20191226_122012_V06,-15,0.154,55.60,83.733887,57.074524,-77.22,44.718679,28537.261963,20191226_072012
6,KTYX20191227_132211_V06,47,0.052,53.27,322.160217,55.449173,-77.21,43.645864,27724.586487,20191227_082211
2,KTYX20191228_123228_V06,-3,0.085,395.61,305.483459,34.960564,-75.09,43.729613,17480.281830,20191228_073228
1,KTYX20191229_120624_V06,-30,0.163,288.98,302.078003,8.727417,-75.75,43.746458,4363.708496,20191229_070624
5,KTYX20191230_134212_V06,66,0.098,23.12,103.050140,34.073975,-77.42,44.628876,17036.987305,20191230_084212
