track_id,filename,from_sunrise,det_score,x,y,r,lon,lat,radius,local_time
1,KMQT20150601_103103_V06,30,0.130,406.53,507.715973,13.856884,-86.87,45.594675,6928.442001,20150601_063103
1,KMQT20150601_104045_V06,39,0.068,414.69,508.607213,22.617075,-86.81,45.590339,11308.537748,20150601_064045
2,KMQT20150601_103103_V06,30,0.092,424.85,510.871490,14.799183,-86.75,45.579711,7399.591446,20150601_063103
5,KMQT20150607_095131_V06,-7,0.157,203.44,106.399048,17.497444,-88.19,47.400084,8748.722076,20150607_055131
2,KMQT20150608_110537_V06,68,0.105,26.85,474.118439,42.887299,-89.30,45.734282,21443.649292,20150608_070537
2,KMQT20150608_111517_V06,78,0.163,28.51,472.026145,49.176633,-89.29,45.743857,24588.316611,20150608_071517
1,KMQT20150611_104107_V06,44,0.068,13.61,504.649200,22.437563,-89.38,45.595633,11218.781471,20150611_064107
2,KMQT20150617_094313_V06,-13,0.077,8.12,343.811920,15.011051,-89.44,46.318303,7505.525589,20150617_054313
12,KMQT20150617_105253_V06,56,0.059,267.41,95.950439,30.644733,-87.76,47.448640,15322.366714,20150617_065253
13,KMQT20150617_105737_V06,61,0.067,49.77,234.342285,53.753761,-89.19,46.814722,26876.880646,20150617_065737
13,KMQT20150617_110221_V06,66,-1.000,49.77,234.342285,61.703761,-89.19,46.814722,30851.880646,20150617_070221
13,KMQT20150617_110737_V06,71,0.064,68.30,196.675598,25.850307,-89.07,46.985763,12925.153732,20150617_070737
1,KMQT20150619_093422_V06,-22,0.112,300.19,315.081116,8.639900,-87.55,46.463275,4319.950104,20150619_053422
4,KMQT20150620_095317_V06,-3,0.087,410.39,84.368774,49.979942,-86.82,47.498611,24989.971161,20150620_055317
4,KMQT20150620_100257_V06,6,0.085,419.28,86.073420,58.514012,-86.76,47.490557,29257.006047,20150620_060257
6,KMQT20150620_100257_V06,6,0.051,413.34,515.216553,29.215647,-86.82,45.560663,14607.823372,20150620_060257
10,KMQT20150620_105950_V06,63,0.077,379.21,499.245148,3.125103,-87.04,45.633704,1562.551498,20150620_065950
3,KMQT20150621_105855_V06,61,0.078,319.64,510.224792,12.618074,-87.42,45.585380,6309.037209,20150621_065855
14,KMQT20150625_101010_V06,12,0.162,315.51,140.512695,21.969559,-87.45,47.248386,10984.779358,20150625_061010
14,KMQT20150625_101433_V06,16,0.120,314.99,141.030874,26.802303,-87.45,47.246058,13401.151422,20150625_061433
9,KMQT20150625_100600_V06,8,0.179,470.37,270.514679,9.957405,-86.44,46.658327,4978.702545,20150625_060600
1,KMQT20150626_092942_V06,-29,0.055,178.38,334.884705,2.621033,-88.34,46.371462,1310.516357,20150626_052942
1,KMQT20150626_093922_V06,-19,0.062,177.59,335.057925,10.208755,-88.34,46.370647,5104.377603,20150626_053922
2,KMQT20150626_100820_V06,10,0.052,287.72,326.831726,13.443115,-87.63,46.410393,6721.557617,20150626_060820
1,KMQT20150702_100008_V06,-1,0.098,454.40,480.009888,30.374018,-86.56,45.717034,15187.008858,20150702_060008
4,KMQT20150706_101044_V06,6,0.063,47.14,159.379578,71.984634,-89.22,47.151529,35992.317200,20150706_061044
4,KMQT20150706_101529_V06,11,0.086,47.54,159.255136,77.939262,-89.21,47.152127,38969.630931,20150706_061529
4,KMQT20150706_102014_V06,16,-1.000,47.87,159.154780,84.280090,-89.21,47.152609,42140.045231,20150706_062014
4,KMQT20150706_102457_V06,20,0.050,45.87,136.133301,69.808212,-89.23,47.255926,34904.106140,20150706_062457
1,KMQT20150711_094154_V06,-27,0.140,284.09,422.877167,2.663853,-87.65,45.978341,1331.926346,20150711_054154
1,KMQT20150712_094057_V06,-29,0.167,410.93,354.752014,5.265621,-86.83,46.282561,2632.810593,20150712_054057
11,KMQT20150714_101513_V06,4,0.170,242.96,199.104980,37.650944,-87.92,46.984302,18825.471878,20150714_061513
11,KMQT20150714_101949_V06,8,0.060,244.15,200.703943,44.356954,-87.92,46.977136,22178.477105,20150714_061949
9,KMQT20150714_101031_V06,-1,0.067,369.57,337.461029,18.119701,-87.10,46.361715,9059.850693,20150714_061031
1,KMQT20150715_100749_V06,-5,0.123,30.46,61.169800,40.301117,-89.34,47.591418,20150.558472,20150715_060749
8,KMQT20150717_105650_V06,43,0.098,242.75,501.690338,35.083717,-87.92,45.623249,17541.858673,20150717_065650
1,KMQT20150727_100241_V06,-22,0.318,281.96,422.783325,3.111423,-87.66,45.978750,1555.711746,20150727_060241
1,KMQT20150727_101220_V06,-12,0.085,282.77,423.079139,11.212339,-87.66,45.977425,5606.169369,20150727_061220
1,KMQT20150730_101436_V06,-14,0.076,231.24,275.356506,5.014542,-88.00,46.641074,2507.270813,20150730_061436
12,KMQT20150802_105714_V06,26,0.111,44.01,131.182434,51.951790,-89.24,47.278005,25975.894928,20150802_065714
12,KMQT20150802_110219_V06,31,0.059,44.42,131.600685,59.647299,-89.24,47.276164,29823.649286,20150802_070219
11,KMQT20150802_105208_V06,21,0.127,32.58,154.487854,34.164265,-89.31,47.172095,17082.132339,20150802_065208
1,KMQT20150805_101253_V06,-23,0.062,286.69,301.853027,7.286964,-87.64,46.522742,3643.482208,20150805_061253
2,KMQT20150808_105522_V06,16,0.126,427.72,359.955139,14.415401,-86.72,46.258419,7207.700729,20150808_065522
3,KMQT20150808_105522_V06,16,0.056,325.31,245.417236,34.343605,-87.38,46.776496,17171.802521,20150808_065522
4,KMQT20150812_104942_V06,5,0.051,33.43,427.670227,52.348427,-89.27,45.943813,26174.213409,20150812_064942
6,KMQT20150812_110845_V06,24,0.070,34.16,435.012024,53.311638,-89.26,45.910867,26655.818939,20150812_070845
1,KMQT20150814_101849_V06,-28,0.054,283.75,381.213287,2.400066,-87.65,46.165756,1200.033188,20150814_061849
2,KMQT20150817_102106_V06,-29,0.072,184.99,321.912048,7.606968,-88.30,46.430100,3803.483963,20150817_062106
10,KMQT20150817_120451_V06,74,0.085,357.81,238.446564,16.114044,-87.17,46.807343,8057.022095,20150817_080451
2,KMQT20150821_111041_V06,15,0.343,461.89,491.882324,32.180214,-86.51,45.663199,16090.106964,20150821_071041
2,KMQT20150824_104553_V06,-14,0.224,70.72,412.625793,59.958881,-89.03,46.014859,29979.440689,20150824_064553
4,KMQT20150824_113837_V06,39,0.062,392.15,457.813354,18.915787,-86.96,45.819678,9457.893372,20150824_073837
1,KMQT20150825_104303_V06,-18,0.433,286.06,178.828186,28.489258,-87.64,47.076072,14244.628906,20150825_064303
4,KMQT20150825_104303_V06,-18,0.121,479.76,206.103394,17.635368,-86.37,46.947377,8817.684174,20150825_064303
13,KMQT20150825_120021_V06,59,0.061,279.93,63.904968,45.722218,-87.68,47.592879,22861.108780,20150825_080021
2,KMQT20150829_112158_V06,15,0.528,35.74,163.726746,58.152191,-89.29,47.130873,29076.095581,20150829_072158
2,KMQT20150829_112556_V06,19,0.670,35.97,164.776151,62.018721,-89.29,47.126178,31009.360695,20150829_072556
2,KMQT20150829_113534_V06,29,0.628,37.99,179.081757,59.929917,-89.27,47.062059,29964.958482,20150829_073534
2,KMQT20150829_114512_V06,39,0.831,43.87,187.388959,59.516309,-89.23,47.025281,29758.154606,20150829_074512
2,KMQT20150829_115449_V06,48,0.331,47.59,186.692636,69.568043,-89.21,47.028767,34784.021582,20150829_075449
1,KMQT20150829_111401_V06,8,0.100,37.41,142.880432,59.778492,-89.28,47.224765,29889.245987,20150829_071401
1,KMQT20150829_111759_V06,11,0.115,37.40,143.205842,64.489540,-89.28,47.223301,32244.770166,20150829_071759
4,KMQT20150831_112204_V06,14,0.067,446.82,501.422394,18.173189,-86.61,45.621132,9086.594582,20150831_072204
4,KMQT20150831_113143_V06,23,-1.000,446.82,501.422394,32.483189,-86.61,45.621132,16241.594582,20150831_073143
4,KMQT20150831_114122_V06,33,0.053,453.66,502.972238,33.317614,-86.56,45.613787,16658.807149,20150831_074122
4,KMQT20150831_115100_V06,43,0.064,452.79,500.835705,30.950201,-86.57,45.623446,15475.100557,20150831_075100
1,KMQT20150831_105307_V06,-15,0.339,98.75,255.195770,6.365776,-88.86,46.725079,3182.888031,20150831_065307
2,KMQT20150831_105307_V06,-15,0.123,186.12,274.153870,10.095058,-88.29,46.644949,5047.529221,20150831_065307
1,KMQT20150902_104648_V06,-25,0.138,6.65,237.461426,9.283503,-89.47,46.796318,4641.751289,20150902_064648
1,KMQT20150902_105124_V06,-20,-1.000,6.65,237.461426,17.233503,-89.47,46.796318,8616.751289,20150902_065124
1,KMQT20150902_105600_V06,-15,0.334,11.77,234.741096,17.983856,-89.44,46.809104,8991.928051,20150902_065600
1,KMQT20150902_110037_V06,-11,0.246,15.12,233.597183,18.236252,-89.41,46.814607,9118.125754,20150902_070037
1,KMQT20150902_110543_V06,-6,0.143,17.78,232.754486,19.480618,-89.40,46.818678,9740.308837,20150902_070543
1,KMQT20150902_111020_V06,-1,0.141,21.20,230.284620,23.857259,-89.38,46.830141,11928.629655,20150902_071020
1,KMQT20150902_111459_V06,3,0.052,21.46,225.504030,23.081634,-89.37,46.851663,11540.817174,20150902_071459
1,KMQT20150902_111939_V06,8,-1.000,23.03,221.181356,23.887707,-89.36,46.871260,11943.853323,20150902_071939
1,KMQT20150902_112418_V06,13,-1.000,24.59,216.858682,24.693779,-89.36,46.890858,12346.889472,20150902_072418
1,KMQT20150902_112854_V06,17,-1.000,25.84,213.400543,25.338637,-89.35,46.906535,12669.318391,20150902_072854
1,KMQT20150902_113330_V06,22,-1.000,27.41,209.077870,26.144709,-89.34,46.926130,13072.354540,20150902_073330
1,KMQT20150902_113807_V06,27,-1.000,28.97,204.755196,26.950781,-89.33,46.945725,13475.390689,20150902_073807
1,KMQT20150902_114244_V06,31,-1.000,30.22,201.297057,27.595639,-89.32,46.961400,13797.819608,20150902_074244
1,KMQT20150902_114720_V06,36,-1.000,31.79,196.974383,28.401712,-89.31,46.980993,14200.855757,20150902_074720
1,KMQT20150902_115159_V06,40,-1.000,33.04,193.516244,29.046569,-89.30,46.996667,14523.284676,20150902_075159
1,KMQT20150902_115636_V06,45,0.082,26.06,196.118253,38.705838,-89.35,46.984260,19352.919191,20150902_075636
1,KMQT20150902_120121_V06,50,-1.000,26.27,192.899850,40.923719,-89.35,46.998751,20461.859584,20150902_080121
1,KMQT20150902_120606_V06,55,0.163,26.01,189.996789,39.918602,-89.35,47.011777,19959.300793,20150902_080606
2,KMQT20150902_123634_V06,85,0.058,18.22,263.402100,20.939478,-89.39,46.680927,10469.738960,20150902_083634
1,KMQT20150906_113238_V06,16,0.073,24.30,59.372314,27.955046,-89.38,47.598859,13977.522850,20150906_073238
1,KMQT20150906_113713_V06,21,0.294,25.79,58.604240,34.809788,-89.37,47.602467,17404.894040,20150906_073713
1,KMQT20150906_114154_V06,25,-1.000,26.74,58.108709,40.463170,-89.37,47.604795,20231.585130,20150906_074154
1,KMQT20150906_114632_V06,30,0.065,37.41,63.999513,42.463707,-89.29,47.579401,21231.853275,20150906_074632
2,KMQT20150908_105948_V06,-19,0.053,48.20,175.349854,51.482269,-89.21,47.079825,25741.134644,20150908_065948
2,KMQT20150911_110431_V06,-18,0.221,207.58,349.187775,8.597748,-88.15,46.308284,4298.873901,20150911_070431
3,KMQT20150911_110431_V06,-18,0.156,119.58,253.601898,20.503895,-88.73,46.733729,10251.947403,20150911_070431
9,KMQT20150911_113331_V06,11,0.065,224.74,366.792786,17.659481,-88.04,46.229627,8829.740524,20150911_073331
10,KMQT20150911_114310_V06,21,0.317,385.22,261.364655,9.455414,-86.99,46.703533,4727.706909,20150911_074310
17,KMQT20150911_123133_V06,69,0.137,350.89,208.301178,26.212097,-87.21,46.943066,13106.048584,20150911_083133
22,KMQT20150911_124114_V06,79,0.056,266.74,198.785065,29.736340,-87.77,46.986144,14868.169785,20150911_084114
1,KMQT20150917_120930_V06,39,0.060,26.06,219.717041,38.056805,-89.35,46.878157,19028.402328,20150917_080930
1,KMQT20150918_113010_V06,-1,0.105,407.12,498.194824,12.878036,-86.86,45.637483,6439.018250,20150918_073010
1,KMQT20150918_113427_V06,3,0.211,407.58,498.341882,17.968242,-86.86,45.636803,8984.120881,20150918_073427
1,KMQT20150918_113839_V06,7,0.119,408.47,503.929535,11.594612,-86.85,45.611633,5797.306061,20150918_073839
6,KMQT20150919_121022_V06,38,0.077,331.90,386.030151,18.839134,-87.34,46.143950,9419.567108,20150919_081022
8,KMQT20150919_122410_V06,52,0.063,331.63,406.794006,22.062218,-87.34,46.050552,11031.108856,20150919_082410
2,KMQT20150924_114050_V06,1,0.088,29.72,446.338165,43.116440,-89.29,45.859498,21558.219910,20150924_074050
10,KMQT20150928_124411_V06,60,0.154,27.00,442.643402,35.685196,-89.31,45.875843,17842.597961,20150928_084411
1,KMQT20151011_121440_V06,13,0.337,318.48,302.888916,17.158867,-87.43,46.518052,8579.433441,20151011_081440
1,KMQT20151011_122418_V06,23,-1.000,318.48,302.888916,33.058867,-87.43,46.518052,16529.433441,20151011_082418
1,KMQT20151011_123357_V06,32,0.112,317.09,302.301575,13.914085,-87.44,46.520703,6957.042694,20151011_083357
1,KMQT20151011_124336_V06,42,-1.000,317.09,302.301575,29.814085,-87.44,46.520703,14907.042694,20151011_084336
1,KMQT20151011_125315_V06,52,0.088,315.21,302.280975,13.513481,-87.45,46.520807,6756.740570,20151011_085315
1,KMQT20151015_115026_V06,-17,0.170,22.12,394.025269,32.112705,-89.35,46.093981,16056.352615,20151015_075026
1,KMQT20151015_115505_V06,-12,0.391,23.22,397.072056,38.507233,-89.34,46.080393,19253.616403,20151015_075505
1,KMQT20151015_115950_V06,-8,0.249,27.06,401.194810,40.966727,-89.31,46.062241,20483.363305,20151015_075950
1,KMQT20151015_120434_V06,-3,-1.000,30.80,405.618276,45.021454,-89.29,46.042721,22510.727246,20151015_080434
1,KMQT20151015_120918_V06,2,0.075,60.01,397.729858,23.415771,-89.10,46.080928,11707.885742,20151015_080918
9,KMQT20151015_130020_V06,53,0.066,310.44,300.479187,8.607437,-87.48,46.528934,4303.718567,20151015_090020
5,KMQT20151021_133527_V06,80,0.078,154.23,15.491699,16.573818,-88.52,47.806603,8286.909103,20151021_093527
3,KMQT20151024_120501_V06,-15,0.155,45.20,76.825134,53.241806,-89.24,47.522506,26620.903015,20151024_080501
3,KMQT20151024_121038_V06,-10,0.194,47.11,73.910059,58.875658,-89.23,47.535797,29437.828832,20151024_081038
2,KMQT20151024_115923_V06,-21,0.079,410.68,28.136475,15.329285,-86.81,47.751466,7664.642334,20151024_075923
14,KMQT20151025_134608_V06,85,0.154,266.17,173.266113,16.811760,-87.77,47.100909,8405.879974,20151025_094608
14,KMQT20151025_135052_V06,89,0.090,267.00,173.763358,22.286392,-87.77,47.098683,11143.195886,20151025_095052
4,KMQT20151025_123017_V06,9,0.109,285.30,134.414795,38.682266,-87.65,47.275815,19341.133118,20151025_083017
9,KMQT20151025_132711_V06,66,0.133,369.19,338.321472,7.869675,-87.10,46.357854,3934.837341,20151025_092711
1,KMQT20151027_120226_V06,-22,0.096,29.34,430.877991,45.409081,-89.29,45.928985,22704.540253,20151027_080226
1,KMQT20151027_121205_V06,-12,0.068,28.34,427.367857,53.480433,-89.30,45.944671,26740.216670,20151027_081205
2,KMQT20151027_120226_V06,-22,0.066,303.01,308.140808,6.839111,-87.53,46.494491,3419.555664,20151027_080226
3,KMQT20151027_124101_V06,17,0.079,26.40,405.310059,52.430580,-89.32,46.043669,26215.290070,20151027_084101
7,KMQT20151027_133854_V06,74,0.070,303.34,315.019348,16.251175,-87.53,46.463551,8125.587463,20151027_093854
5,KMQT20151029_122325_V06,-4,0.318,62.26,132.326233,67.671387,-89.12,47.274566,33835.693359,20151029_082325
5,KMQT20151029_122842_V06,1,0.210,61.47,131.236267,73.803715,-89.12,47.279396,36901.857668,20151029_082842
5,KMQT20151029_123327_V06,6,0.347,62.73,142.429562,79.163500,-89.11,47.229181,39581.749814,20151029_083327
5,KMQT20151029_123843_V06,11,-1.000,63.58,150.986855,84.768787,-89.11,47.190781,42384.393720,20151029_083843
5,KMQT20151029_124327_V06,16,-1.000,64.43,159.544149,90.374075,-89.10,47.152380,45187.037626,20151029_084327
5,KMQT20151029_125305_V06,26,0.149,61.01,155.259904,86.816980,-89.12,47.171338,43408.489878,20151029_085305
5,KMQT20151029_130243_V06,35,0.144,61.14,158.867994,92.908220,-89.12,47.155127,46454.109776,20151029_090243
5,KMQT20151029_131222_V06,45,0.343,62.89,176.621034,86.778744,-89.11,47.075460,43389.372164,20151029_091222
5,KMQT20151029_132201_V06,55,0.415,67.52,204.685224,97.088332,-89.08,46.949680,48544.165889,20151029_092201
5,KMQT20151029_132645_V06,59,0.162,70.13,224.616791,91.345993,-89.06,46.860282,45672.996521,20151029_092645
1,KMQT20151029_120913_V06,-18,0.238,28.08,106.032379,43.721760,-89.35,47.389485,21860.879898,20151029_080913
1,KMQT20151029_121357_V06,-14,-1.000,28.08,106.032379,50.081760,-89.35,47.389485,25040.879898,20151029_081357
1,KMQT20151029_121842_V06,-9,0.327,31.30,114.541607,49.702642,-89.33,47.351559,24851.321120,20151029_081842
1,KMQT20151029_122325_V06,-4,-1.000,33.82,121.207823,51.127527,-89.31,47.321844,25563.763553,20151029_082325
1,KMQT20151029_122842_V06,1,-1.000,36.34,127.874038,52.552412,-89.29,47.292127,26276.205985,20151029_082842
1,KMQT20151029_123327_V06,6,-1.000,38.86,134.540254,53.977297,-89.27,47.262406,26988.648417,20151029_083327
1,KMQT20151029_123843_V06,11,-1.000,41.38,141.206470,55.402182,-89.26,47.232682,27701.090849,20151029_083843
1,KMQT20151029_124327_V06,16,-1.000,43.91,147.872685,56.827067,-89.24,47.202955,28413.533282,20151029_084327
1,KMQT20151029_125305_V06,26,-1.000,48.95,161.205116,59.676836,-89.20,47.143493,29838.418146,20151029_085305
1,KMQT20151029_130243_V06,35,-1.000,53.49,173.204304,62.241629,-89.17,47.089968,31120.814524,20151029_090243
1,KMQT20151029_131222_V06,45,-1.000,58.54,186.536736,65.091399,-89.14,47.030484,32545.699389,20151029_091222
1,KMQT20151029_132201_V06,55,-1.000,63.58,199.869167,67.941169,-89.10,46.970988,33970.584253,20151029_092201
1,KMQT20151029_132645_V06,59,-1.000,65.60,205.202139,69.081076,-89.09,46.947187,34540.538199,20151029_092645
1,KMQT20151029_133126_V06,64,-1.000,68.12,211.868355,70.505961,-89.07,46.917432,35252.980631,20151029_093126
1,KMQT20151029_133606_V06,69,-1.000,70.64,218.534570,71.930846,-89.05,46.887675,35965.423064,20151029_093606
1,KMQT20151029_134048_V06,73,-1.000,72.66,223.867543,73.070754,-89.04,46.863867,36535.377009,20151029_094048
1,KMQT20151029_134529_V06,78,-1.000,75.18,230.533758,74.495639,-89.02,46.834105,37247.819442,20151029_094529
1,KMQT20151029_135011_V06,83,0.748,59.33,240.393746,77.140416,-89.12,46.788389,38570.207943,20151029_095011
1,KMQT20151029_135448_V06,87,0.714,63.50,252.316976,76.621209,-89.10,46.735146,38310.604516,20151029_095448
23,KMQT20151029_132645_V06,59,0.123,215.55,336.169189,34.642757,-88.10,46.367101,17321.378708,20151029_092645
23,KMQT20151029_133126_V06,64,-1.000,215.55,336.169189,42.592757,-88.10,46.367101,21296.378708,20151029_093126
23,KMQT20151029_133606_V06,69,0.179,202.34,344.736555,53.176342,-88.18,46.328121,26588.171045,20151029_093606
23,KMQT20151029_134048_V06,73,0.084,202.45,350.006100,53.777883,-88.18,46.304423,26888.941424,20151029_094048
3,KMQT20151029_121842_V06,-9,0.344,196.33,203.236267,10.911697,-88.23,46.964316,5455.848694,20151029_081842
3,KMQT20151029_122325_V06,-4,0.107,196.73,204.551631,17.106680,-88.23,46.958416,8553.340207,20151029_082325
12,KMQT20151029_123843_V06,11,0.399,56.06,191.797028,66.179649,-89.15,47.006606,33089.824677,20151029_083843
12,KMQT20151029_124327_V06,16,0.271,57.04,188.427758,75.679577,-89.15,47.021845,37839.788387,20151029_084327
26,KMQT20151029_134048_V06,73,0.225,57.27,234.038513,71.030075,-89.14,46.816779,35515.037537,20151029_094048
26,KMQT20151029_134529_V06,78,0.424,56.81,236.795734,76.489959,-89.14,46.804339,38244.979535,20151029_094529
2,KMQT20151029_121357_V06,-14,0.349,28.97,127.118958,35.453403,-89.34,47.294776,17726.701736,20151029_081357
14,KMQT20151029_124327_V06,16,0.129,186.78,188.128357,15.903847,-88.29,47.031873,7951.923370,20151029_084327
21,KMQT20151029_132201_V06,55,0.108,335.50,322.712372,57.693535,-87.32,46.428716,28846.767426,20151029_092201
27,KMQT20151029_134048_V06,73,0.071,272.71,141.352234,42.850830,-87.73,47.244515,21425.415039,20151029_094048
28,KMQT20151029_134529_V06,78,0.067,391.40,249.418884,78.491005,-86.95,46.757058,39245.502472,20151029_094529
30,KMQT20151029_135011_V06,83,0.062,319.21,26.409851,18.266518,-87.42,47.761502,9133.258820,20151029_095011
1,KMQT20151106_121408_V06,-24,0.563,274.36,208.505798,10.798729,-87.72,46.942508,5399.364471,20151106_071408
1,KMQT20151106_121849_V06,-20,0.752,278.45,210.399951,16.337454,-87.69,46.934025,8168.727196,20151106_071849
1,KMQT20151106_122328_V06,-15,0.788,282.24,214.153765,22.799922,-87.66,46.917170,11399.960963,20151106_072328
1,KMQT20151106_122810_V06,-10,0.352,290.07,216.987371,25.093223,-87.61,46.904466,12546.611746,20151106_072810
5,KMQT20151106_121408_V06,-24,0.070,171.65,296.269806,37.811722,-88.39,46.544829,18905.860901,20151106_071408
5,KMQT20151106_121849_V06,-20,-1.000,171.65,296.269806,44.171722,-88.39,46.544829,22085.860901,20151106_071849
5,KMQT20151106_122328_V06,-15,0.073,177.37,296.450423,45.157032,-88.35,46.544283,22578.515763,20151106_072328
6,KMQT20151106_121849_V06,-20,0.698,435.41,45.143311,38.579483,-86.65,47.673829,19289.741516,20151106_071849
8,KMQT20151106_131920_V06,41,0.259,231.70,282.308960,16.989857,-87.99,46.609815,8494.928360,20151106_081920
3,KMQT20151111_135615_V06,70,0.156,305.31,304.645264,11.284668,-87.51,46.510211,5642.333984,20151111_085615
3,KMQT20151111_140553_V06,79,0.115,303.41,305.036609,20.052803,-87.53,46.508453,10026.401403,20151111_090553
1,KMQT20151111_123902_V06,-7,0.164,305.56,322.301666,29.199875,-87.51,46.430792,14599.937439,20151111_073902
2,KMQT20151111_133657_V06,50,0.258,305.84,303.987671,11.317322,-87.51,46.513167,5658.660889,20151111_083657
9,KMQT20151112_135903_V06,72,0.105,35.52,221.451904,51.632103,-89.28,46.871310,25816.051483,20151112_085903
9,KMQT20151112_140348_V06,76,0.232,35.00,221.901121,56.803405,-89.29,46.869239,28401.702658,20151112_090348
9,KMQT20151112_140834_V06,81,0.059,33.72,224.379050,57.608173,-89.29,46.857970,28804.086528,20151112_090834
9,KMQT20151112_141320_V06,86,0.065,32.63,227.014534,56.315581,-89.30,46.846011,28157.790650,20151112_091320
1,KMQT20151113_131318_V06,25,0.084,107.90,261.519073,115.617371,-88.80,46.697314,57808.685303,20151113_081318
1,KMQT20151113_132257_V06,34,0.065,103.91,269.595613,119.197308,-88.83,46.660705,59598.654241,20151113_082257
1,KMQT20151113_133236_V06,44,-1.000,99.78,277.950654,123.997244,-88.86,46.622827,61998.622109,20151113_083236
1,KMQT20151113_134216_V06,54,0.091,107.49,282.570035,116.926511,-88.80,46.602616,58463.255313,20151113_084216
1,KMQT20151113_135155_V06,63,0.128,108.15,285.800254,115.071726,-88.80,46.588136,57535.862844,20151113_085155
1,KMQT20151113_140135_V06,73,0.143,106.02,298.977721,114.633133,-88.81,46.528722,57316.566327,20151113_090135
1,KMQT20151118_123228_V06,-24,0.055,17.63,284.848450,28.604076,-89.39,46.584436,14302.038193,20151118_073228
2,KMQT20151119_124006_V06,-17,0.085,21.65,237.776581,22.007397,-89.37,46.796503,11003.698349,20151119_074006
2,KMQT20151119_124946_V06,-8,-1.000,21.65,237.776581,36.317397,-89.37,46.796503,18158.698349,20151119_074946
2,KMQT20151119_125924_V06,2,-1.000,21.65,237.776581,52.217397,-89.37,46.796503,26108.698349,20151119_075924
2,KMQT20151119_130903_V06,12,0.071,45.98,220.425051,54.222284,-89.21,46.876943,27111.141809,20151119_080903
1,KMQT20151119_123027_V06,-27,0.082,254.22,306.077576,12.657333,-87.85,46.503385,6328.666687,20151119_073027
3,KMQT20151119_124946_V06,-8,0.080,239.51,151.603577,49.080673,-87.95,47.197861,24540.336609,20151119_074946
4,KMQT20151119_125924_V06,2,0.082,291.21,336.683167,18.784119,-87.61,46.366094,9392.059326,20151119_075924
2,KMQT20151126_123955_V06,-27,0.052,341.59,92.613647,8.611465,-87.27,47.463519,4305.732727,20151126_073955
2,KMQT20151206_132738_V06,9,0.088,33.42,378.971802,56.968285,-89.27,46.162806,28484.142303,20151206_082738
2,KMQT20151206_133717_V06,19,0.529,39.17,371.161204,66.903674,-89.24,46.198487,33451.837046,20151206_083717
2,KMQT20151206_134655_V06,28,0.201,49.28,379.683990,58.129959,-89.17,46.161113,29064.979553,20151206_084655
2,KMQT20151206_135634_V06,38,-1.000,49.28,379.683990,74.029959,-89.17,46.161113,37014.979553,20151206_085634
2,KMQT20151206_140613_V06,48,0.065,53.75,382.460419,64.833931,-89.14,46.149037,32416.965485,20151206_090613
1,KMQT20151206_130820_V06,-10,0.112,25.49,444.668884,35.225540,-89.32,45.866583,17612.770081,20151206_080820
3,KMQT20151209_125653_V06,-25,0.078,165.41,252.321777,20.350601,-88.43,46.742180,10175.300598,20151209_075653
3,KMQT20151209_130130_V06,-20,0.156,164.88,253.928774,27.593035,-88.43,46.734926,13796.517607,20151209_080130
3,KMQT20151209_130638_V06,-15,0.253,163.45,254.686238,32.790342,-88.44,46.731447,16395.171063,20151209_080638
4,KMQT20151209_132937_V06,8,0.422,231.58,242.113037,7.995079,-88.00,46.790602,3997.539520,20151209_082937
2,KMQT20151210_144243_V06,80,0.072,21.70,436.537903,23.754482,-89.34,45.902765,11877.241135,20151210_094243
2,KMQT20151210_145222_V06,90,0.793,27.48,439.440114,37.756762,-89.30,45.890297,18878.381229,20151210_095222
8,KMQT20151213_141742_V06,52,0.063,29.01,511.314758,37.366562,-89.28,45.567216,18683.280945,20151213_091742
9,KMQT20151213_142330_V06,58,0.203,266.94,112.664520,32.609035,-87.77,47.373467,16304.517746,20151213_092330
4,KMQT20151216_142723_V06,60,0.050,37.97,344.034485,46.866173,-89.25,46.320356,23433.086395,20151216_092723
1,KMQT20151223_130620_V06,-26,0.270,23.74,210.607971,30.351147,-89.36,46.918874,15175.573349,20151223_080620
1,KMQT20151223_131600_V06,-16,0.343,25.13,215.038103,43.376700,-89.35,46.899099,21688.349838,20151223_081600
1,KMQT20151223_132538_V06,-7,0.100,27.60,228.340888,52.549867,-89.33,46.839540,26274.933655,20151223_082538
4,KMQT20151223_132538_V06,-7,0.723,209.11,24.134644,24.332245,-88.15,47.770224,12166.122437,20151223_082538
6,KMQT20151223_143312_V06,61,0.056,39.62,428.468262,55.895279,-89.23,45.940821,27947.639465,20151223_093312
2,KMQT20151227_142802_V06,55,0.056,74.77,276.893372,7.893522,-89.02,46.625601,3946.761131,20151227_092802
5,KMQT20151228_141758_V06,44,0.131,354.71,264.955383,24.570351,-87.19,46.688179,12285.175323,20151228_091758
1,KMQT20151230_144001_V06,66,0.224,23.01,385.473022,34.388840,-89.34,46.132530,17194.419861,20151230_094001
1,KMQT20151230_144941_V06,75,0.119,24.09,382.390374,42.963399,-89.33,46.146502,21481.699723,20151230_094941
2,KMQT20151230_144941_V06,75,0.063,108.80,105.675415,33.408195,-88.81,47.398176,16704.097748,20151230_094941
