track_id,filename,from_sunrise,det_score,x,y,r,lon,lat,radius,local_time
2,KGRB20200603_103456_V06,25,0.059,376.88,106.653137,30.636917,-87.62,45.367196,15318.458557,20200603_053456
2,KGRB20200603_104433_V06,35,0.074,369.90,98.472967,47.263115,-87.66,45.404177,23631.557405,20200603_054433
1,KGRB20200603_101541_V06,6,0.136,28.18,426.154175,38.809292,-89.80,43.918045,19404.645920,20200603_051541
1,KGRB20200604_105212_V06,43,0.082,52.17,375.201813,68.477310,-89.66,44.149401,34238.655090,20200604_055212
8,KGRB20200607_103916_V06,31,0.122,131.04,29.647522,32.586002,-89.20,45.709587,16293.001175,20200607_053916
8,KGRB20200607_104339_V06,35,0.503,134.04,30.784117,36.555866,-89.18,45.704654,18277.933099,20200607_054339
8,KGRB20200607_104759_V06,39,0.757,141.04,36.522606,37.998661,-89.13,45.679246,18999.330739,20200607_054759
8,KGRB20200607_105218_V06,44,0.687,144.09,40.291992,39.679166,-89.11,45.662461,19839.582969,20200607_055218
8,KGRB20200607_110103_V06,53,0.319,152.32,48.825679,45.025440,-89.06,45.624519,22512.719838,20200607_060103
2,KGRB20200607_094437_V06,-24,0.649,263.11,73.658325,9.846085,-88.35,45.516436,4923.042297,20200607_044437
1,KGRB20200611_095119_V06,-16,0.136,276.00,380.693481,8.456043,-88.26,44.135134,4228.021622,20200611_045119
14,KGRB20200612_103813_V06,31,0.122,266.03,367.400574,28.729534,-88.32,44.194851,14364.767075,20200612_053813
14,KGRB20200612_104248_V06,35,0.204,267.84,369.265123,34.054590,-88.31,44.186481,17027.295118,20200612_054248
14,KGRB20200612_104743_V06,40,0.073,281.64,375.651480,34.919061,-88.23,44.157864,17459.530349,20200612_054743
14,KGRB20200612_105252_V06,45,0.099,296.18,381.158857,38.922398,-88.13,44.133137,19461.198755,20200612_055252
4,KGRB20200612_095009_V06,-17,0.068,90.83,63.906250,20.958569,-89.45,45.552792,10479.284286,20200612_045009
16,KGRB20200612_104248_V06,35,0.057,46.95,81.589783,53.833153,-89.73,45.469663,26916.576385,20200612_054248
2,KGRB20200614_100025_V06,-7,0.057,236.39,433.511353,10.225750,-88.51,43.896865,5112.874985,20200614_050025
2,KGRB20200614_100731_V06,0,0.139,237.49,434.606524,20.207135,-88.50,43.891961,10103.567680,20200614_050731
2,KGRB20200614_101436_V06,7,-1.000,238.47,435.582222,30.313824,-88.49,43.887591,15156.912081,20200614_051436
2,KGRB20200614_102142_V06,14,0.050,231.77,438.971436,14.706474,-88.54,43.872191,7353.237152,20200614_052142
1,KGRB20200614_094616_V06,-21,0.177,272.12,440.950684,13.698063,-88.28,43.863946,6849.031448,20200614_044616
4,KGRB20200614_105001_V06,43,0.079,20.45,293.645142,19.802042,-89.87,44.513396,9901.021004,20200614_055001
5,KGRB20200614_105001_V06,43,0.073,42.32,384.035889,74.635559,-89.72,44.108805,37317.779541,20200614_055001
1,KGRB20200616_100331_V06,-4,0.154,432.10,203.503998,17.797852,-87.27,44.929454,8898.925781,20200616_050331
4,KGRB20200620_100935_V06,2,0.142,330.54,264.649963,16.931465,-87.92,44.657225,8465.732574,20200620_050935
4,KGRB20200620_101424_V06,7,0.088,331.00,263.904241,23.999763,-87.92,44.660576,11999.881271,20200620_051424
4,KGRB20200620_101913_V06,12,0.076,338.79,256.399109,21.282997,-87.87,44.694250,10641.498566,20200620_051913
8,KGRB20200620_102932_V06,22,0.362,228.98,352.122131,18.574635,-88.56,44.262931,9287.317276,20200620_052932
8,KGRB20200620_103520_V06,28,-1.000,228.98,352.122131,28.114635,-88.56,44.262931,14057.317276,20200620_053520
8,KGRB20200620_104052_V06,33,0.234,236.37,341.068573,21.105000,-88.51,44.312839,10552.499771,20200620_054052
1,KGRB20200626_102602_V06,17,0.059,15.04,432.556213,25.244492,-89.88,43.887996,12622.245789,20200626_052602
1,KGRB20200626_103022_V06,21,-1.000,15.04,432.556213,31.604492,-89.88,43.887996,15802.245789,20200626_053022
1,KGRB20200626_103441_V06,25,0.088,20.33,433.329591,32.980631,-89.85,43.885026,16490.315596,20200626_053441
1,KGRB20200626_103900_V06,30,0.054,26.06,429.050571,31.667499,-89.82,43.904817,15833.749434,20200626_053900
4,KGRB20200626_110112_V06,52,0.083,13.61,139.114166,18.788708,-89.93,45.207773,9394.353867,20200626_060112
4,KGRB20200626_110541_V06,56,0.108,13.96,140.341250,25.049743,-89.93,45.202289,12524.871548,20200626_060541
6,KGRB20200626_111508_V06,66,0.059,11.36,381.043060,16.874325,-89.91,44.119367,8437.162399,20200626_061508
7,KGRB20200626_112016_V06,71,0.058,27.60,141.227509,23.499088,-89.84,45.199642,11749.544144,20200626_062016
1,KGRB20200630_100437_V06,-7,0.123,387.44,347.319489,12.014870,-87.56,44.284093,6007.434845,20200630_050437
1,KGRB20200701_094527_V06,-26,0.292,266.01,477.541626,11.594509,-88.32,43.699218,5797.254562,20200701_044527
1,KGRB20200701_095007_V06,-21,0.380,266.09,477.338252,17.090757,-88.32,43.700134,8545.378496,20200701_045007
1,KGRB20200706_101603_V06,1,0.079,184.81,348.458191,17.134300,-88.83,44.278001,8567.150116,20200706_051603
2,KGRB20200707_105032_V06,35,0.058,41.98,443.161499,48.377701,-89.72,43.842779,24188.850403,20200707_055032
1,KGRB20200709_100046_V06,-17,0.056,273.28,395.121307,15.072990,-88.28,44.070188,7536.495209,20200709_050046
3,KGRB20200709_100701_V06,-10,0.054,457.15,179.551392,23.056549,-87.11,45.035944,11528.274536,20200709_050701
5,KGRB20200709_101256_V06,-5,0.050,316.84,272.732697,14.416573,-88.00,44.620970,7208.286285,20200709_051256
6,KGRB20200709_111018_V06,53,0.096,222.30,424.989471,19.616695,-88.59,43.934873,9808.347702,20200709_061018
3,KGRB20200710_101432_V06,-4,0.083,22.41,469.284546,23.460682,-89.83,43.723471,11730.340958,20200710_051432
3,KGRB20200710_102028_V06,2,0.320,23.77,469.727395,31.094278,-89.83,43.721607,15547.138796,20200710_052028
3,KGRB20200710_102624_V06,8,0.227,25.63,473.271837,30.477766,-89.81,43.705835,15238.883171,20200710_052624
3,KGRB20200710_103220_V06,14,0.130,28.24,475.950351,29.878371,-89.80,43.694027,14939.185656,20200710_053220
6,KGRB20200710_110806_V06,50,0.100,104.67,341.752075,13.970575,-89.34,44.303888,6985.287666,20200710_060806
1,KGRB20200711_100342_V06,-15,0.069,323.65,274.741272,9.249100,-87.96,44.611885,4624.549866,20200711_050342
2,KGRB20200711_102222_V06,4,0.052,222.91,515.091919,28.337082,-88.59,43.529423,14168.540955,20200711_052222
3,KGRB20200711_113703_V06,79,0.130,181.43,234.025879,31.925758,-88.86,44.792728,15962.879181,20200711_063703
1,KGRB20200712_100520_V06,-14,0.149,318.25,274.635010,11.545250,-88.00,44.612402,5772.624969,20200712_050520
2,KGRB20200712_101224_V06,-7,0.054,170.58,351.130707,5.963314,-88.92,44.265377,2981.657028,20200712_051224
3,KGRB20200712_111600_V06,57,0.115,373.80,166.202576,7.668900,-87.64,45.099372,3834.449768,20200712_061600
1,KGRB20200713_095144_V06,-29,0.125,266.49,477.037384,6.660355,-88.32,43.701493,3330.177307,20200713_045144
3,KGRB20200713_100553_V06,-15,0.080,228.00,304.543701,8.481499,-88.56,44.476989,4240.749359,20200713_050553
4,KGRB20200713_101724_V06,-3,0.128,169.96,348.828094,21.883793,-88.93,44.275710,10941.896439,20200713_051724
4,KGRB20200715_101306_V06,-9,0.078,324.56,273.248322,14.157333,-87.96,44.618595,7078.666687,20200715_051306
10,KGRB20200715_114453_V06,82,0.080,371.58,165.956482,6.942223,-87.66,45.100536,3471.111298,20200715_064453
1,KGRB20200716_102651_V06,3,0.190,175.63,348.551788,15.875965,-88.89,44.277201,7937.982559,20200716_052651
2,KGRB20200716_103509_V06,12,0.089,296.68,376.619019,6.644360,-88.13,44.153566,3322.179794,20200716_053509
1,KGRB20200720_102548_V06,-2,0.157,182.10,356.666840,13.517048,-88.85,44.240958,6758.523941,20200720_052548
1,KGRB20200720_103252_V06,5,0.160,182.12,355.797890,20.305182,-88.85,44.244868,10152.590909,20200720_053252
2,KGRB20200720_102548_V06,-2,0.082,321.21,290.307587,26.518761,-87.98,44.541864,13259.380341,20200720_052548
3,KGRB20200720_103252_V06,5,0.167,227.68,517.819702,10.443535,-88.56,43.517268,5221.767426,20200720_053252
1,KGRB20200721_101214_V06,-16,0.082,279.05,423.275208,2.456245,-88.24,43.943544,1228.122711,20200721_051214
1,KGRB20200722_111945_V06,50,0.195,279.86,395.947845,17.057465,-88.24,44.066521,8528.732300,20200722_061945
2,KGRB20200722_113406_V06,65,0.058,283.51,393.879883,21.457138,-88.21,44.075850,10728.569031,20200722_063406
1,KGRB20200723_102839_V06,-2,0.072,272.74,406.021423,5.028847,-88.28,44.021133,2514.423370,20200723_052839
1,KGRB20200724_103122_V06,0,0.075,322.79,280.525574,22.539162,-87.97,44.585866,11269.580841,20200724_053122
3,KGRB20200726_102732_V06,-6,0.184,328.69,261.072296,10.062248,-87.93,44.673342,5031.124115,20200726_052732
1,KGRB20200727_100645_V06,-28,0.748,198.25,388.854797,11.554237,-88.75,44.096733,5777.118683,20200727_050645
1,KGRB20200727_101350_V06,-21,0.745,197.58,390.567298,16.170486,-88.75,44.089004,8085.243064,20200727_051350
1,KGRB20200727_102053_V06,-14,0.449,199.67,393.473733,20.432649,-88.74,44.075999,10216.324465,20200727_052053
1,KGRB20200727_102758_V06,-7,0.058,198.35,395.904367,22.679286,-88.75,44.065016,11339.642936,20200727_052758
5,KGRB20200727_104208_V06,8,0.489,224.12,523.298950,9.164154,-88.58,43.492520,4582.077026,20200727_054208
5,KGRB20200727_104912_V06,15,0.560,224.49,523.278181,14.892544,-88.58,43.492623,7446.271759,20200727_054912
5,KGRB20200727_110321_V06,29,0.243,225.72,523.193848,13.134009,-88.57,43.493034,6567.004681,20200727_060321
2,KGRB20200727_102053_V06,-14,0.084,305.48,377.920654,6.984600,-88.08,44.147705,3492.300034,20200727_052053
3,KGRB20200727_102053_V06,-14,0.077,282.76,425.975891,8.321426,-88.22,43.931415,4160.713196,20200727_052053
7,KGRB20200727_113846_V06,64,0.169,212.43,510.194275,4.731010,-88.65,43.551171,2365.505219,20200727_063846
4,KGRB20200728_102657_V06,-9,0.075,334.15,277.590454,13.755547,-87.90,44.598960,6877.773285,20200728_052657
4,KGRB20200728_103036_V06,-5,0.179,334.57,278.717785,19.833334,-87.89,44.593883,9916.666987,20200728_053036
4,KGRB20200728_103403_V06,-1,0.247,335.31,282.340470,23.604032,-87.89,44.577573,11802.016132,20200728_053403
1,KGRB20200728_101308_V06,-22,0.169,342.10,170.214905,1.911751,-87.84,45.081965,955.875397,20200728_051308
2,KGRB20200728_101308_V06,-22,0.103,201.38,387.563416,13.019844,-88.73,44.102652,6509.922028,20200728_051308
5,KGRB20200728_103036_V06,-5,0.276,185.15,356.935913,9.657341,-88.83,44.239869,4828.670502,20200728_053036
3,KGRB20200729_103251_V06,-4,0.087,326.23,276.244690,16.491142,-87.95,44.605098,8245.571136,20200729_053251
3,KGRB20200729_103829_V06,2,0.077,326.42,276.785639,25.584825,-87.94,44.602662,12792.412606,20200729_053829
1,KGRB20200729_101022_V06,-26,0.142,320.15,268.001953,10.852257,-87.98,44.642235,5426.128387,20200729_051022
2,KGRB20200729_101022_V06,-26,0.086,196.04,388.619049,13.302002,-88.76,44.097716,6651.000977,20200729_051022
1,KGRB20200730_100753_V06,-30,0.243,189.51,380.326965,9.324112,-88.80,44.134787,4662.055969,20200730_050753
1,KGRB20200730_101458_V06,-23,0.275,188.70,380.913928,17.525848,-88.81,44.132116,8762.924082,20200730_051458
1,KGRB20200730_102201_V06,-15,0.438,189.25,381.983644,22.266873,-88.80,44.127323,11133.436577,20200730_052201
1,KGRB20200730_102906_V06,-8,0.170,189.28,385.918636,25.340878,-88.80,44.109619,12670.438941,20200730_052906
1,KGRB20200730_103611_V06,-1,0.150,186.86,389.058071,24.346412,-88.82,44.095399,12173.205989,20200730_053611
4,KGRB20200730_103611_V06,-1,0.073,66.14,339.884674,6.897714,-89.58,44.309441,3448.856831,20200730_053611
4,KGRB20200730_104316_V06,6,0.131,67.18,339.456052,14.532842,-89.57,44.311452,7266.421238,20200730_054316
4,KGRB20200730_105020_V06,13,0.105,68.53,338.526253,16.049704,-89.56,44.315744,8024.852143,20200730_055020
6,KGRB20200730_104316_V06,6,0.171,204.85,512.579285,16.208128,-88.70,43.540203,8104.063988,20200730_054316
6,KGRB20200730_105020_V06,13,0.260,203.37,511.536615,23.268996,-88.71,43.544848,11634.497881,20200730_055020
6,KGRB20200730_110429_V06,27,0.321,201.75,510.617435,24.602881,-88.72,43.548931,12301.440612,20200730_060429
3,KGRB20200730_103611_V06,-1,0.087,183.78,426.794525,8.221081,-88.83,43.925475,4110.540390,20200730_053611
3,KGRB20200730_104316_V06,6,0.052,183.67,426.380755,15.628144,-88.84,43.927332,7814.072089,20200730_054316
8,KGRB20200730_105020_V06,13,0.098,116.15,457.421112,21.752487,-89.25,43.784206,10876.243591,20200730_055020
8,KGRB20200730_110429_V06,27,0.068,119.54,457.115222,30.915239,-89.23,43.785792,15457.619729,20200730_060429
2,KGRB20200730_102201_V06,-15,0.466,28.51,230.356812,33.818077,-89.83,44.798842,16909.038544,20200730_052201
7,KGRB20200730_104316_V06,6,0.077,159.57,330.674988,18.982147,-88.99,44.356903,9491.073608,20200730_054316
7,KGRB20200730_105020_V06,13,-1.000,159.57,330.674988,30.112147,-88.99,44.356903,15056.073608,20200730_055020
7,KGRB20200730_110429_V06,27,0.085,166.62,346.996063,13.449211,-88.95,44.283801,6724.605560,20200730_060429
1,KGRB20200731_101516_V06,-23,0.518,187.48,388.375275,16.639309,-88.81,44.098496,8319.654465,20200731_051516
1,KGRB20200731_102220_V06,-16,0.218,187.84,389.307413,23.845973,-88.81,44.094315,11922.986550,20200731_052220
1,KGRB20200731_102924_V06,-9,0.449,191.95,392.462187,28.232752,-88.79,44.080275,14116.375965,20200731_052924
1,KGRB20200731_103630_V06,-2,0.063,191.54,395.186485,33.028263,-88.79,44.068001,16514.131393,20200731_053630
2,KGRB20200731_104335_V06,5,0.465,186.55,429.514008,9.883915,-88.82,43.913346,4941.957474,20200731_054335
2,KGRB20200731_105040_V06,12,0.248,186.77,429.798704,17.625151,-88.82,43.912074,8812.575265,20200731_055040
2,KGRB20200731_110449_V06,26,0.141,188.55,429.600559,17.507581,-88.80,43.913034,8753.790578,20200731_060449
5,KGRB20200731_105040_V06,12,0.273,123.23,466.807800,13.946281,-89.21,43.742404,6973.140717,20200731_055040
5,KGRB20200731_110449_V06,26,0.445,126.54,468.766736,23.571222,-89.19,43.733787,11785.611171,20200731_060449
5,KGRB20200731_111153_V06,33,0.531,129.79,469.312329,25.048527,-89.17,43.731521,12524.263323,20200731_061153
3,KGRB20200731_104335_V06,5,0.360,86.08,287.436127,9.804100,-89.46,44.546935,4902.050018,20200731_054335
3,KGRB20200731_105040_V06,12,0.187,85.73,287.528249,19.000641,-89.46,44.546494,9500.320429,20200731_055040
9,KGRB20200731_114716_V06,69,0.302,68.62,339.010590,8.644504,-89.56,44.313572,4322.251797,20200731_064716
9,KGRB20200731_120124_V06,83,0.084,69.13,340.062150,21.487155,-89.56,44.308882,10743.577453,20200731_070124
10,KGRB20200731_120124_V06,83,0.062,171.38,351.738922,7.667576,-88.92,44.262676,3833.787918,20200731_070124
10,KGRB20200731_120828_V06,90,0.403,171.83,351.230244,13.971360,-88.91,44.264984,6985.679975,20200731_070828
4,KGRB20200731_104335_V06,5,0.094,211.43,519.122437,8.231745,-88.66,43.510963,4115.872383,20200731_054335
6,KGRB20200731_105040_V06,12,0.118,164.44,347.325897,23.305885,-88.96,44.282216,11652.942657,20200731_055040
8,KGRB20200731_110449_V06,26,0.076,338.93,300.434082,19.199104,-87.87,44.496115,9599.552155,20200731_060449
1,KGRB20200801_101453_V06,-25,0.705,192.49,383.155701,12.311592,-88.78,44.122171,6155.796051,20200801_051453
1,KGRB20200801_102157_V06,-18,0.565,191.95,383.554270,21.841176,-88.79,44.120357,10920.588015,20200801_052157
1,KGRB20200801_102901_V06,-10,0.217,193.70,385.166987,29.063141,-88.78,44.113165,14531.570322,20200801_052901
2,KGRB20200801_103606_V06,-3,0.207,323.55,278.011230,18.329445,-87.96,44.597173,9164.722443,20200801_053606
2,KGRB20200801_104311_V06,4,0.232,323.67,278.486996,26.836408,-87.96,44.595031,13418.204012,20200801_054311
3,KGRB20200801_105015_V06,11,0.087,89.90,294.049744,17.165323,-89.43,44.517462,8582.661629,20200801_055015
1,KGRB20200802_101214_V06,-29,0.753,193.46,384.295837,9.204895,-88.78,44.117076,4602.447510,20200802_051214
1,KGRB20200802_101632_V06,-25,0.782,193.38,384.915777,13.259127,-88.78,44.114284,6629.563552,20200802_051632
1,KGRB20200802_102052_V06,-21,0.512,193.35,386.811152,16.043112,-88.78,44.105754,8021.555961,20200802_052052
1,KGRB20200802_102512_V06,-16,0.627,194.05,390.402531,20.920537,-88.77,44.089620,10460.268489,20200802_052512
1,KGRB20200802_102932_V06,-12,0.357,194.62,393.273538,23.501156,-88.77,44.076721,11750.578230,20200802_052932
1,KGRB20200802_103352_V06,-8,0.142,192.54,395.616425,21.143421,-88.78,44.066103,10571.710587,20200802_053352
8,KGRB20200802_104229_V06,1,0.133,195.43,394.396423,21.283112,-88.76,44.071698,10641.555786,20200802_054229
8,KGRB20200802_104648_V06,5,0.085,194.99,393.765931,26.120718,-88.77,44.074519,13060.358878,20200802_054648
2,KGRB20200802_101214_V06,-29,0.082,187.70,357.719452,16.186234,-88.81,44.236443,8093.116760,20200802_051214
2,KGRB20200802_101632_V06,-25,0.055,189.15,354.456512,14.539524,-88.81,44.251180,7269.762039,20200802_051632
4,KGRB20200802_101632_V06,-25,0.175,322.13,269.633667,10.955788,-87.97,44.634878,5477.893829,20200802_051632
4,KGRB20200802_102052_V06,-21,0.056,321.43,270.708862,9.531822,-87.98,44.630046,4765.911102,20200802_052052
2,KGRB20200803_101642_V06,-26,0.700,192.70,385.324982,5.481495,-88.78,44.112417,2740.747452,20200803_051642
2,KGRB20200803_102102_V06,-21,0.900,192.00,386.579981,9.653099,-88.79,44.106744,4826.549264,20200803_052102
2,KGRB20200803_102521_V06,-17,0.898,191.42,390.113646,13.098969,-88.79,44.090823,6549.484553,20200803_052521
2,KGRB20200803_102940_V06,-13,0.876,189.80,391.901571,19.102845,-88.80,44.082717,9551.422343,20200803_052940
2,KGRB20200803_103400_V06,-8,0.589,189.57,397.073986,27.670498,-88.80,44.059434,13835.248846,20200803_053400
2,KGRB20200803_103820_V06,-4,0.393,188.36,397.576832,33.850033,-88.81,44.057125,16925.016511,20200803_053820
2,KGRB20200803_104240_V06,0,0.169,187.80,395.924608,39.200851,-88.81,44.064538,19600.425612,20200803_054240
6,KGRB20200803_104240_V06,0,0.111,240.98,307.557159,15.223923,-88.48,44.463724,7611.961365,20200803_054240
7,KGRB20200803_110415_V06,22,0.068,172.11,385.027191,12.878723,-88.91,44.112927,6439.361572,20200803_060415
7,KGRB20200803_110843_V06,26,0.065,168.22,367.282898,29.151619,-88.94,44.192595,14575.809479,20200803_060843
7,KGRB20200803_111312_V06,31,0.062,165.06,387.528168,15.905285,-88.95,44.101356,7952.642441,20200803_061312
2,KGRB20200814_102501_V06,-29,0.143,323.39,266.809082,5.590088,-87.96,44.647578,2795.043945,20200814_052501
2,KGRB20200814_103110_V06,-23,0.145,323.69,266.366804,12.338994,-87.96,44.649565,6169.497192,20200814_053110
2,KGRB20200814_103718_V06,-17,0.209,325.03,265.581524,13.660993,-87.95,44.653087,6830.496283,20200814_053718
2,KGRB20200814_104327_V06,-11,0.210,327.12,266.185864,15.839838,-87.94,44.650349,7919.919020,20200814_054327
2,KGRB20200814_104936_V06,-5,0.102,327.57,267.133232,17.876961,-87.94,44.646082,8938.480601,20200814_054936
2,KGRB20200814_110154_V06,7,0.123,326.15,268.217892,26.173286,-87.95,44.641215,13086.642996,20200814_060154
3,KGRB20200814_102501_V06,-29,0.071,194.82,375.838013,11.583717,-88.77,44.155183,5791.858673,20200814_052501
3,KGRB20200814_103110_V06,-23,0.434,195.16,375.858600,19.547261,-88.77,44.155103,9773.630552,20200814_053110
3,KGRB20200814_103718_V06,-17,0.666,198.29,374.106538,25.078989,-88.75,44.163097,12539.494490,20200814_053718
3,KGRB20200814_104327_V06,-11,0.151,198.69,373.761834,29.179357,-88.74,44.164662,14589.678668,20200814_054327
3,KGRB20200814_104936_V06,-5,-1.000,199.53,373.202908,33.658794,-88.74,44.167206,16829.397064,20200814_054936
3,KGRB20200814_110154_V06,7,0.070,193.55,387.391602,29.087311,-88.78,44.103150,14543.655396,20200814_060154
7,KGRB20200814_120325_V06,69,0.068,216.14,416.645111,33.206970,-88.63,43.972252,16603.485107,20200814_070325
7,KGRB20200814_120934_V06,75,0.149,212.69,412.275749,42.061008,-88.66,43.991812,21030.503838,20200814_070934
4,KGRB20200814_104936_V06,-5,0.091,233.33,304.036621,16.679924,-88.53,44.479398,8339.962006,20200814_054936
6,KGRB20200814_110154_V06,7,0.052,378.34,372.438110,18.699352,-87.62,44.171327,9349.676132,20200814_060154
3,KGRB20200815_102846_V06,-27,0.061,200.37,380.766907,3.524521,-88.73,44.133200,1762.260437,20200815_052846
3,KGRB20200815_103437_V06,-21,0.105,200.91,380.364958,10.649378,-88.73,44.135026,5324.689069,20200815_053437
3,KGRB20200815_104025_V06,-15,0.435,208.80,382.187487,16.743569,-88.68,44.127083,8371.784481,20200815_054025
3,KGRB20200815_104614_V06,-9,0.485,213.60,384.017133,23.327546,-88.65,44.118997,11663.772899,20200815_054614
3,KGRB20200815_105202_V06,-3,0.114,219.15,388.786756,29.175768,-88.62,44.097694,14587.884031,20200815_055202
2,KGRB20200815_102846_V06,-27,0.188,326.37,265.727478,5.677292,-87.94,44.652418,2838.645935,20200815_052846
2,KGRB20200815_103437_V06,-21,0.240,326.91,265.560537,12.201841,-87.94,44.653165,6100.920400,20200815_053437
2,KGRB20200815_104025_V06,-15,0.305,329.19,263.168686,13.666666,-87.93,44.663904,6833.332792,20200815_054025
2,KGRB20200815_104614_V06,-9,0.218,331.17,264.004019,15.479950,-87.91,44.660125,7739.975187,20200815_054614
5,KGRB20200815_103437_V06,-21,0.060,377.47,369.980896,2.820225,-87.63,44.182407,1410.112381,20200815_053437
5,KGRB20200815_104025_V06,-15,0.560,376.96,369.621708,9.663198,-87.63,44.184037,4831.598884,20200815_054025
5,KGRB20200815_104614_V06,-9,0.483,378.60,368.213565,10.996045,-87.62,44.190329,5498.022492,20200815_054614
18,KGRB20200815_121316_V06,78,0.422,273.72,396.988831,13.468964,-88.28,44.061788,6734.481812,20200815_071316
18,KGRB20200815_121904_V06,84,0.282,274.70,398.001657,20.793437,-88.27,44.057239,10396.718319,20200815_071904
8,KGRB20200815_104614_V06,-9,0.421,241.95,308.010925,6.822151,-88.48,44.461702,3411.075592,20200815_054614
13,KGRB20200815_113825_V06,43,0.159,294.33,213.260437,8.391525,-88.15,44.888601,4195.762634,20200815_063825
17,KGRB20200815_120728_V06,72,0.081,277.53,391.577393,15.656013,-88.25,44.086171,7828.006744,20200815_070728
3,KGRB20200816_103028_V06,-27,0.139,321.64,266.468506,5.709892,-87.97,44.649124,2854.946136,20200816_053028
3,KGRB20200816_103636_V06,-21,0.097,322.19,266.954995,13.275031,-87.97,44.646931,6637.515639,20200816_053636
3,KGRB20200816_104245_V06,-15,0.253,325.41,268.425517,15.272072,-87.95,44.640287,7636.035852,20200816_054245
3,KGRB20200816_104855_V06,-9,0.239,326.96,269.253143,15.128117,-87.94,44.636549,7564.058559,20200816_054855
3,KGRB20200816_110112_V06,4,0.093,327.46,271.060805,26.963176,-87.94,44.628411,13481.587840,20200816_060112
1,KGRB20200816_103028_V06,-27,0.422,198.94,379.057526,10.053185,-88.74,44.140842,5026.592255,20200816_053028
1,KGRB20200816_103636_V06,-21,0.436,200.34,381.270390,18.869600,-88.73,44.130933,9434.799927,20200816_053636
1,KGRB20200816_104245_V06,-15,0.246,202.58,387.184020,24.308525,-88.72,44.104399,12154.262563,20200816_054245
1,KGRB20200816_104855_V06,-9,-1.000,204.63,392.363464,30.383664,-88.71,44.081161,15191.831906,20200816_054855
1,KGRB20200816_110112_V06,4,0.053,200.86,386.996304,30.077895,-88.73,44.105186,15038.947483,20200816_060112
7,KGRB20200816_104245_V06,-15,0.149,375.40,377.140076,6.369816,-87.64,44.150247,3184.907913,20200816_054245
7,KGRB20200816_104855_V06,-9,0.101,376.49,376.811788,13.698356,-87.63,44.151696,6849.177907,20200816_054855
7,KGRB20200816_110112_V06,4,0.117,378.60,379.403284,15.503099,-87.62,44.139979,7751.549274,20200816_060112
7,KGRB20200816_110720_V06,10,-1.000,379.57,380.483309,16.871079,-87.61,44.135093,8435.539608,20200816_060720
7,KGRB20200816_111329_V06,16,-1.000,380.54,381.563334,18.239060,-87.61,44.130206,9119.529941,20200816_061329
7,KGRB20200816_111937_V06,22,-1.000,381.51,382.643359,19.607041,-87.60,44.125319,9803.520275,20200816_061937
7,KGRB20200816_112545_V06,28,-1.000,382.48,383.723384,20.975021,-87.60,44.120432,10487.510608,20200816_062545
7,KGRB20200816_113154_V06,34,-1.000,383.45,384.803409,22.343002,-87.59,44.115545,11171.500942,20200816_063154
7,KGRB20200816_113802_V06,41,-1.000,384.58,386.063438,23.938979,-87.58,44.109842,11969.489664,20200816_063802
7,KGRB20200816_114410_V06,47,-1.000,385.55,387.143463,25.306960,-87.58,44.104954,12653.479997,20200816_064410
7,KGRB20200816_115108_V06,54,-1.000,386.68,388.403492,26.902937,-87.57,44.099251,13451.468720,20200816_065108
7,KGRB20200816_120519_V06,68,0.056,391.37,413.708821,30.089480,-87.54,43.985239,15044.739890,20200816_070519
13,KGRB20200816_111329_V06,16,0.242,138.10,469.549438,12.834318,-89.12,43.730924,6417.159081,20200816_061329
13,KGRB20200816_111937_V06,22,0.338,138.93,469.691687,20.358236,-89.11,43.730329,10179.118196,20200816_061937
13,KGRB20200816_112545_V06,28,0.110,143.96,471.321008,25.050171,-89.08,43.723269,12525.085729,20200816_062545
5,KGRB20200816_103636_V06,-21,0.148,64.85,403.678528,38.419113,-89.58,44.022338,19209.556580,20200816_053636
5,KGRB20200816_104245_V06,-15,0.181,64.49,403.806281,47.629256,-89.58,44.021734,23814.628076,20200816_054245
6,KGRB20200816_104245_V06,-15,0.223,236.17,308.092834,8.490852,-88.51,44.461211,4245.426178,20200816_054245
6,KGRB20200816_104855_V06,-9,0.195,236.44,308.069270,16.401895,-88.51,44.461323,8200.947712,20200816_054855
8,KGRB20200816_104855_V06,-9,0.260,306.02,379.717133,13.640324,-88.07,44.139620,6820.161819,20200816_054855
9,KGRB20200816_104855_V06,-9,0.251,199.98,388.269714,19.917885,-88.74,44.099426,9958.942413,20200816_054855
10,KGRB20200816_104855_V06,-9,0.068,192.87,427.089081,6.874775,-88.78,43.924496,3437.387466,20200816_054855
11,KGRB20200816_104855_V06,-9,0.056,215.94,525.787598,9.782955,-88.63,43.481100,4891.477585,20200816_054855
12,KGRB20200816_110112_V06,4,0.123,91.53,290.566833,14.076290,-89.42,44.533249,7038.145065,20200816_060112
14,KGRB20200816_111329_V06,16,0.182,208.49,434.161041,24.438126,-88.68,43.893203,12219.062805,20200816_061329
15,KGRB20200816_111937_V06,22,0.103,23.51,369.097809,28.474827,-89.84,44.174280,14237.413406,20200816_061937
3,KGRB20200817_103530_V06,-23,0.331,197.14,384.104431,13.470554,-88.75,44.118070,6735.277176,20200817_053530
3,KGRB20200817_104138_V06,-17,0.853,199.02,386.076135,18.874870,-88.74,44.109263,9437.435007,20200817_054138
3,KGRB20200817_104747_V06,-11,0.661,201.72,389.022773,24.884139,-88.72,44.096097,12442.069482,20200817_054747
3,KGRB20200817_110004_V06,2,0.572,200.75,393.008423,29.557161,-88.73,44.078129,14778.580747,20200817_060004
3,KGRB20200817_110613_V06,8,0.134,192.40,395.813172,28.023040,-88.78,44.065213,14011.520033,20200817_060613
4,KGRB20200817_104138_V06,-17,0.205,381.70,377.824554,8.007923,-87.60,44.146997,4003.961563,20200817_054138
4,KGRB20200817_104747_V06,-11,0.370,381.83,377.864768,14.071279,-87.60,44.146813,7035.639695,20200817_054747
4,KGRB20200817_110004_V06,2,0.117,384.18,380.095971,14.416826,-87.59,44.136706,7208.412943,20200817_060004
5,KGRB20200817_104138_V06,-17,0.159,323.00,270.932678,9.105675,-87.97,44.629027,4552.837372,20200817_054138
5,KGRB20200817_104747_V06,-11,0.500,323.16,270.860163,17.554093,-87.97,44.629352,8777.046655,20200817_054747
5,KGRB20200817_110004_V06,2,0.100,325.06,272.245074,20.540656,-87.95,44.623105,10270.327894,20200817_060004
2,KGRB20200817_102922_V06,-29,0.089,324.15,268.949646,5.851158,-87.96,44.637940,2925.579071,20200817_052922
2,KGRB20200817_103530_V06,-23,0.051,323.57,269.050160,13.698004,-87.96,44.637493,6849.001813,20200817_053530
9,KGRB20200817_104747_V06,-11,0.135,235.79,311.201752,10.415478,-88.51,44.447214,5207.738876,20200817_054747
9,KGRB20200817_110004_V06,2,0.148,237.04,311.514446,21.212943,-88.51,44.445835,10606.471379,20200817_060004
6,KGRB20200817_104138_V06,-17,0.068,310.20,375.948975,6.949368,-88.05,44.156565,3474.683762,20200817_054138
8,KGRB20200817_104747_V06,-11,0.172,30.90,424.607544,33.554855,-89.79,43.925254,16777.427673,20200817_054747
10,KGRB20200817_104747_V06,-11,0.087,211.30,553.798401,6.418447,-88.66,43.354908,3209.223270,20200817_054747
11,KGRB20200817_113049_V06,32,0.209,89.12,423.862305,48.480347,-89.42,43.933380,24240.173340,20200817_063049
12,KGRB20200817_113049_V06,32,0.140,242.41,529.622559,30.783262,-88.47,43.464475,15391.631126,20200817_063049
12,KGRB20200817_113658_V06,38,0.055,254.11,531.630676,26.434826,-88.39,43.455642,13217.412949,20200817_063658
16,KGRB20200818_111412_V06,15,0.664,121.27,472.947540,17.125759,-89.22,43.714659,8562.879562,20200818_061412
16,KGRB20200818_112117_V06,22,0.784,121.22,475.269209,23.330666,-89.22,43.704209,11665.333019,20200818_062117
16,KGRB20200818_112822_V06,29,0.806,121.13,478.922044,26.984446,-89.22,43.687767,13492.223044,20200818_062822
16,KGRB20200818_113528_V06,36,0.628,120.76,483.419308,28.415261,-89.22,43.667509,14207.630578,20200818_063528
16,KGRB20200818_114232_V06,43,0.410,118.29,490.268524,36.836483,-89.24,43.636538,18418.241255,20200818_064232
4,KGRB20200818_103847_V06,-21,0.341,190.21,388.986145,17.170784,-88.80,44.095851,8585.391998,20200818_053847
4,KGRB20200818_104553_V06,-14,0.531,190.34,390.025809,24.084739,-88.80,44.091178,12042.369281,20200818_054553
4,KGRB20200818_105258_V06,-7,0.081,189.97,394.169506,27.473300,-88.80,44.072519,13736.649988,20200818_055258
4,KGRB20200818_110708_V06,8,0.060,187.72,393.513028,37.916905,-88.81,44.075387,18958.452259,20200818_060708
1,KGRB20200818_103140_V06,-28,0.405,323.80,268.952148,11.459106,-87.96,44.637932,5729.553223,20200818_053140
1,KGRB20200818_103847_V06,-21,0.083,323.58,269.799332,18.042939,-87.96,44.634122,9021.469552,20200818_053847
1,KGRB20200818_104553_V06,-14,-1.000,323.39,270.554096,25.122717,-87.96,44.630727,12561.358646,20200818_054553
1,KGRB20200818_105258_V06,-7,0.200,323.22,273.283630,12.923241,-87.96,44.618447,6461.620331,20200818_055258
5,KGRB20200818_103847_V06,-21,0.173,304.54,375.438629,6.500763,-88.08,44.158876,3250.381470,20200818_053847
5,KGRB20200818_104553_V06,-14,-1.000,304.54,375.438629,17.630763,-88.08,44.158876,8815.381470,20200818_054553
5,KGRB20200818_105258_V06,-7,0.164,304.66,378.888801,18.553409,-88.08,44.143350,9276.704302,20200818_055258
9,KGRB20200818_104553_V06,-14,0.094,236.00,307.852509,8.634804,-88.51,44.462289,4317.401886,20200818_054553
9,KGRB20200818_105258_V06,-7,0.185,236.17,308.697051,17.119138,-88.51,44.458493,8559.569143,20200818_055258
10,KGRB20200818_104553_V06,-14,0.082,376.72,377.271454,8.691135,-87.63,44.149621,4345.567703,20200818_054553
10,KGRB20200818_105258_V06,-7,0.496,377.71,378.364785,14.828599,-87.63,44.144675,7414.299311,20200818_055258
12,KGRB20200818_105258_V06,-7,0.099,173.13,353.434937,8.765224,-88.91,44.255122,4382.612228,20200818_055258
12,KGRB20200818_110708_V06,8,0.054,172.55,355.643466,20.668218,-88.91,44.245159,10334.108833,20200818_060708
14,KGRB20200818_110708_V06,8,0.160,193.93,435.520813,14.315083,-88.77,43.886593,7157.541275,20200818_060708
14,KGRB20200818_111412_V06,15,0.204,193.84,436.429976,23.590968,-88.77,43.882499,11795.483826,20200818_061412
7,KGRB20200818_104553_V06,-14,0.220,306.10,526.559692,5.319839,-88.07,43.478813,2659.919739,20200818_054553
13,KGRB20200818_105258_V06,-7,0.060,279.02,432.378296,14.045761,-88.24,43.902580,7022.880554,20200818_055258
15,KGRB20200818_110708_V06,8,0.059,213.36,518.368103,13.896185,-88.65,43.514414,6948.092461,20200818_060708
17,KGRB20200818_111412_V06,15,0.212,276.60,469.796661,30.088509,-88.26,43.734175,15044.254303,20200818_061412
2,KGRB20200819_103720_V06,-23,0.086,324.03,265.238037,5.746262,-87.96,44.654641,2873.130798,20200819_053720
2,KGRB20200819_104425_V06,-16,0.118,323.85,264.892075,13.952229,-87.96,44.656199,6976.114290,20200819_054425
4,KGRB20200819_104425_V06,-16,0.293,200.02,387.352112,20.448845,-88.74,44.103556,10224.422455,20200819_054425
4,KGRB20200819_105131_V06,-9,0.333,203.24,387.395943,32.010700,-88.72,44.103468,16005.349946,20200819_055131
7,KGRB20200819_105131_V06,-9,0.759,376.54,369.497528,6.296223,-87.63,44.184607,3148.111343,20200819_055131
7,KGRB20200819_110543_V06,5,0.219,379.02,369.190695,18.003254,-87.62,44.185921,9001.627165,20200819_060543
8,KGRB20200819_105131_V06,-9,0.170,316.09,430.441040,12.884209,-88.01,43.911328,6442.104340,20200819_055131
10,KGRB20200819_105131_V06,-9,0.082,307.56,367.380707,8.189575,-88.06,44.195129,4094.787598,20200819_055131
16,KGRB20200819_120906_V06,69,0.093,307.08,147.268524,14.374260,-88.07,45.185504,7187.129974,20200819_070906
1,KGRB20200820_103336_V06,-28,0.175,215.51,375.280518,17.171829,-88.64,44.158365,8585.914612,20200820_053336
1,KGRB20200820_103925_V06,-22,0.056,217.28,373.890889,25.415227,-88.63,44.164669,12707.613473,20200820_053925
1,KGRB20200820_104514_V06,-16,0.472,228.35,369.049093,29.481306,-88.56,44.186749,14740.652851,20200820_054514
1,KGRB20200820_105102_V06,-10,0.391,236.32,369.855247,32.381925,-88.51,44.183307,16190.962405,20200820_055102
2,KGRB20200820_103336_V06,-28,0.066,325.61,266.367188,4.937187,-87.95,44.649547,2468.593597,20200820_053336
3,KGRB20200820_105102_V06,-10,0.174,326.19,265.549652,6.892075,-87.95,44.653220,3446.037292,20200820_055102
1,KGRB20200821_103940_V06,-23,0.227,200.94,379.552307,6.670277,-88.73,44.138684,3335.138321,20200821_053940
1,KGRB20200821_104645_V06,-16,0.453,204.53,382.041981,17.945818,-88.71,44.127601,8972.909005,20200821_054645
1,KGRB20200821_110025_V06,-2,0.095,214.76,383.249274,29.459067,-88.64,44.122486,14729.533594,20200821_060025
2,KGRB20200821_103940_V06,-23,0.132,324.16,265.437927,8.262688,-87.96,44.653741,4131.343842,20200821_053940
2,KGRB20200821_104645_V06,-16,0.119,325.12,266.064669,15.246195,-87.95,44.650912,7623.097370,20200821_054645
6,KGRB20200821_104645_V06,-16,0.082,382.97,374.817993,3.154461,-87.59,44.160490,1577.230453,20200821_054645
7,KGRB20200821_104645_V06,-16,0.072,285.65,425.543274,4.918488,-88.20,43.933377,2459.243774,20200821_054645
8,KGRB20200821_110025_V06,-2,0.372,237.04,307.715515,12.717304,-88.51,44.462928,6358.652115,20200821_060025
9,KGRB20200821_110025_V06,-2,0.099,231.52,515.727051,18.646624,-88.53,43.526777,9323.311806,20200821_060025
1,KGRB20200822_104231_V06,-22,0.662,201.63,381.279114,10.747551,-88.73,44.130938,5373.775482,20200822_054231
1,KGRB20200822_104733_V06,-17,0.418,203.94,380.466068,18.055462,-88.71,44.134673,9027.731168,20200822_054733
1,KGRB20200822_105216_V06,-12,0.678,211.19,379.779480,22.068618,-88.67,44.137993,11034.309175,20200822_055216
1,KGRB20200822_110143_V06,-3,0.335,213.60,378.888015,28.058034,-88.65,44.142076,14029.017177,20200822_060143
7,KGRB20200822_110143_V06,-3,0.220,235.54,308.553406,7.275921,-88.52,44.459125,3637.960434,20200822_060143
7,KGRB20200822_110613_V06,2,0.399,236.32,309.098339,13.180787,-88.51,44.456690,6590.393262,20200822_060613
7,KGRB20200822_111047_V06,6,0.320,238.76,308.712559,15.199582,-88.50,44.458479,7599.791229,20200822_061047
8,KGRB20200822_110143_V06,-3,0.193,202.45,427.605011,9.330246,-88.72,43.922510,4665.122986,20200822_060143
8,KGRB20200822_110613_V06,2,0.079,200.95,425.234930,19.222244,-88.73,43.933124,9611.121938,20200822_060613
8,KGRB20200822_111047_V06,6,0.100,205.55,424.005981,23.213753,-88.70,43.938806,11606.876713,20200822_061047
4,KGRB20200822_105216_V06,-12,0.180,283.80,425.528198,5.281845,-88.21,43.933435,2640.922546,20200822_055216
4,KGRB20200822_110143_V06,-3,-1.000,283.80,425.528198,19.591845,-88.21,43.933435,9795.922546,20200822_060143
4,KGRB20200822_110613_V06,2,0.079,284.70,432.748880,28.910122,-88.21,43.900947,14455.060767,20200822_060613
5,KGRB20200822_110143_V06,-3,0.260,383.16,375.857819,9.020573,-87.59,44.155806,4510.286331,20200822_060143
5,KGRB20200822_110613_V06,2,0.114,382.83,375.492769,15.805608,-87.59,44.157458,7902.803752,20200822_060613
10,KGRB20200822_110143_V06,-3,0.092,324.53,268.535645,9.728844,-87.96,44.639800,4864.421844,20200822_060143
10,KGRB20200822_110613_V06,2,0.428,325.20,268.088904,16.670757,-87.95,44.641804,8335.378745,20200822_060613
13,KGRB20200822_114343_V06,39,0.102,30.40,178.929718,42.680031,-89.82,45.030335,21340.015411,20200822_064343
13,KGRB20200822_114826_V06,44,0.112,30.28,178.534194,48.650479,-89.82,45.032102,24325.239655,20200822_064826
3,KGRB20200822_105216_V06,-12,0.250,330.17,256.739075,17.668510,-87.92,44.692824,8834.255219,20200822_055216
6,KGRB20200822_110143_V06,-3,0.253,327.75,441.560608,10.793938,-87.94,43.861203,5396.968842,20200822_060143
9,KGRB20200822_110143_V06,-3,0.117,309.28,373.958893,9.745129,-88.05,44.165523,4872.564316,20200822_060143
11,KGRB20200822_110143_V06,-3,0.052,236.46,521.742371,11.552435,-88.50,43.499817,5776.217461,20200822_060143
1,KGRB20200823_103647_V06,-29,0.566,204.60,378.311249,13.189735,-88.71,44.144391,6594.867706,20200823_053647
1,KGRB20200823_104107_V06,-24,0.614,205.24,377.915460,18.954870,-88.70,44.146193,9477.434873,20200823_054107
1,KGRB20200823_104527_V06,-20,0.428,207.95,378.390222,21.706842,-88.69,44.144143,10853.421244,20200823_054527
1,KGRB20200823_104945_V06,-16,0.498,209.71,378.646567,24.396187,-88.68,44.143045,12198.093423,20200823_054945
1,KGRB20200823_105404_V06,-11,0.315,209.51,378.822660,28.692490,-88.68,44.142246,14346.244882,20200823_055404
5,KGRB20200823_105404_V06,-11,0.408,235.74,307.180359,8.000729,-88.51,44.465308,4000.364304,20200823_055404
5,KGRB20200823_110243_V06,-3,0.305,236.27,306.809287,16.435924,-88.51,44.466989,8217.961831,20200823_060243
5,KGRB20200823_110704_V06,2,0.201,239.99,306.199836,18.899291,-88.49,44.469811,9449.645579,20200823_060704
7,KGRB20200823_110243_V06,-3,0.055,202.70,424.056396,14.197845,-88.72,43.938486,7098.922729,20200823_060243
7,KGRB20200823_110704_V06,2,0.217,202.32,424.008931,21.602375,-88.72,43.938687,10801.187268,20200823_060704
2,KGRB20200823_103647_V06,-29,0.235,423.55,176.560913,13.252029,-87.33,45.051050,6626.014709,20200823_053647
4,KGRB20200823_104527_V06,-20,0.154,334.83,273.957581,26.205872,-87.89,44.615298,13102.935791,20200823_054527
6,KGRB20200823_105404_V06,-11,0.052,321.84,435.050568,14.524666,-87.98,43.890548,7262.332916,20200823_055404
1,KGRB20200824_104226_V06,-24,0.502,209.18,383.799042,19.041153,-88.68,44.119844,9520.576477,20200824_054226
1,KGRB20200824_104932_V06,-17,0.589,212.52,384.709033,27.210670,-88.66,44.115851,13605.335049,20200824_054932
1,KGRB20200824_110344_V06,-3,0.262,208.94,380.669337,28.273235,-88.68,44.133919,14136.617658,20200824_060344
5,KGRB20200824_110344_V06,-3,0.050,332.04,267.302856,17.133965,-87.91,44.645273,8566.982269,20200824_060344
5,KGRB20200824_111034_V06,4,0.072,332.00,267.610497,26.021898,-87.91,44.643889,13010.948817,20200824_061034
6,KGRB20200824_111034_V06,4,0.305,234.15,518.261108,27.946430,-88.52,43.515433,13973.215103,20200824_061034
6,KGRB20200824_111739_V06,11,0.177,236.13,520.063737,38.575929,-88.51,43.507364,19287.964383,20200824_061739
2,KGRB20200824_104226_V06,-24,0.107,144.62,509.562378,7.985474,-89.07,43.551224,3992.736816,20200824_054226
4,KGRB20200824_104932_V06,-17,0.073,379.75,373.406311,4.596542,-87.61,44.166932,2298.271179,20200824_054932
8,KGRB20200824_114604_V06,40,0.051,23.59,278.107483,23.074360,-89.85,44.583589,11537.179947,20200824_064604
9,KGRB20200824_122134_V06,75,0.075,28.14,203.056427,30.518215,-89.83,44.921602,15259.107590,20200824_072134
2,KGRB20200825_104639_V06,-21,0.056,192.10,382.356689,6.842373,-88.79,44.125752,3421.186447,20200825_054639
2,KGRB20200825_105206_V06,-15,0.447,191.69,381.836570,15.552177,-88.79,44.128077,7776.088586,20200825_055206
2,KGRB20200825_110250_V06,-5,0.548,191.76,382.814468,24.981466,-88.79,44.123679,12490.733107,20200825_060250
2,KGRB20200825_110824_V06,1,0.168,189.13,383.426058,28.790778,-88.80,44.120828,14395.388756,20200825_060824
3,KGRB20200825_110250_V06,-5,0.376,262.97,448.172485,6.945335,-88.34,43.831346,3472.667694,20200825_060250
3,KGRB20200825_110824_V06,1,0.529,262.88,447.894794,13.514700,-88.34,43.832595,6757.349885,20200825_060824
6,KGRB20200825_112405_V06,17,0.052,388.16,194.592773,67.770439,-87.55,44.971237,33885.219574,20200825_062405
6,KGRB20200825_112901_V06,22,0.067,387.69,195.785674,73.744308,-87.56,44.965884,36872.154250,20200825_062901
4,KGRB20200825_110250_V06,-5,0.091,230.28,308.288025,7.127857,-88.55,44.460197,3563.928604,20200825_060250
5,KGRB20200825_111358_V06,6,0.125,348.04,308.449341,13.595016,-87.81,44.459913,6797.508240,20200825_061358
1,KGRB20200826_104249_V06,-26,0.757,213.67,377.520050,15.721348,-88.65,44.148234,7860.673904,20200826_054249
1,KGRB20200826_104745_V06,-21,0.637,216.79,375.108535,24.044925,-88.63,44.159176,12022.462318,20200826_054745
1,KGRB20200826_105252_V06,-16,0.241,225.73,367.344505,31.697733,-88.58,44.194353,15848.866745,20200826_055252
6,KGRB20200826_110310_V06,-5,0.400,236.92,308.361328,7.618958,-88.51,44.460020,3809.478760,20200826_060310
6,KGRB20200826_110823_V06,0,0.110,237.73,307.766533,13.984306,-88.50,44.462714,6992.153197,20200826_060823
6,KGRB20200826_111256_V06,4,0.176,240.58,306.722206,15.984722,-88.48,44.467472,7992.360872,20200826_061256
5,KGRB20200826_105252_V06,-16,0.078,323.59,275.757263,6.758675,-87.96,44.607314,3379.337311,20200826_055252
5,KGRB20200826_110310_V06,-5,0.075,325.20,280.850061,18.219448,-87.95,44.584386,9109.723912,20200826_060310
9,KGRB20200826_110823_V06,0,0.391,350.14,302.229309,9.692215,-87.80,44.487864,4846.107483,20200826_060823
9,KGRB20200826_111256_V06,4,0.130,350.11,302.362556,16.164951,-87.80,44.487265,8082.475708,20200826_061256
3,KGRB20200826_105252_V06,-16,0.295,485.62,100.441498,30.972473,-86.93,45.390099,15486.236572,20200826_055252
10,KGRB20200826_111256_V06,4,0.077,213.64,425.952728,21.233494,-88.65,43.930296,10616.746902,20200826_061256
13,KGRB20200826_113544_V06,27,0.054,455.87,27.400269,22.364349,-87.11,45.720452,11182.174683,20200826_063544
13,KGRB20200827_120250_V06,53,0.211,289.49,352.290222,23.776039,-88.18,44.263023,11888.019562,20200827_070250
13,KGRB20200827_120943_V06,60,0.386,293.54,348.098621,35.583315,-88.15,44.281896,17791.657566,20200827_070943
13,KGRB20200827_121620_V06,67,0.132,310.43,345.503419,38.056669,-88.05,44.293562,19028.334275,20200827_071620
13,KGRB20200827_122243_V06,73,0.191,325.10,340.724507,42.075426,-87.95,44.314976,21037.713235,20200827_072243
13,KGRB20200827_122950_V06,80,0.097,333.14,326.011503,58.917418,-87.90,44.381099,29458.709044,20200827_072950
2,KGRB20200827_105026_V06,-19,0.059,11.42,395.671875,16.152657,-89.91,44.053566,8076.328278,20200827_055026
2,KGRB20200827_110603_V06,-3,0.055,20.44,397.037997,27.989545,-89.86,44.048299,13994.772646,20200827_060603
2,KGRB20200827_111256_V06,3,-1.000,23.75,397.538561,32.545199,-89.83,44.046362,16272.599589,20200827_061256
2,KGRB20200827_112003_V06,11,0.247,53.60,391.021527,31.174062,-89.65,44.078353,15587.030760,20200827_062003
10,KGRB20200827_112710_V06,18,0.129,182.78,330.523926,39.212788,-88.85,44.358614,19606.393814,20200827_062710
10,KGRB20200827_113418_V06,25,0.142,187.07,328.255928,47.627077,-88.82,44.368989,23813.538502,20200827_063418
10,KGRB20200827_114127_V06,32,0.179,187.12,311.337987,65.990579,-88.82,44.445112,32995.289624,20200827_064127
1,KGRB20200827_105026_V06,-19,0.198,211.52,386.622253,18.705830,-88.66,44.107212,9352.914810,20200827_055026
5,KGRB20200827_110603_V06,-3,0.095,495.54,315.041595,16.077042,-86.88,44.424044,8038.520813,20200827_060603
6,KGRB20200827_110603_V06,-3,0.092,440.53,229.481628,13.189018,-87.22,44.812181,6594.509125,20200827_060603
7,KGRB20200827_111256_V06,3,0.116,46.07,395.979584,24.915806,-89.70,44.055402,12457.902908,20200827_061256
11,KGRB20200827_112710_V06,18,0.068,397.71,347.599823,18.045193,-87.50,44.282504,9022.596359,20200827_062710
3,KGRB20200828_110329_V06,-8,0.176,229.51,306.374054,2.906395,-88.55,44.468790,1453.197479,20200828_060329
3,KGRB20200828_110924_V06,-2,0.106,229.33,306.008961,10.444326,-88.56,44.470429,5222.162838,20200828_060924
15,KGRB20200828_112620_V06,15,0.084,169.55,333.509766,50.813744,-88.93,44.344615,25406.871796,20200828_062620
15,KGRB20200828_113158_V06,20,0.069,171.62,333.324852,56.826569,-88.92,44.345539,28413.284306,20200828_063158
9,KGRB20200828_111502_V06,4,0.128,336.73,305.650787,13.486626,-87.88,44.472671,6743.312836,20200828_061502
26,KGRB20200828_123354_V06,82,0.053,272.84,295.105316,13.368195,-88.28,44.520226,6684.097290,20200828_073354
13,KGRB20200829_121437_V06,62,0.221,271.20,403.575195,8.306908,-88.29,44.032126,4153.453827,20200829_071437
13,KGRB20200829_122322_V06,71,0.345,273.21,405.016509,14.532740,-88.28,44.025659,7266.369841,20200829_072322
13,KGRB20200829_123207_V06,80,0.160,276.27,404.204340,15.906873,-88.26,44.029341,7953.436725,20200829_073207
13,KGRB20200829_124054_V06,88,0.536,276.13,404.870623,15.197382,-88.26,44.026341,7598.690953,20200829_074054
1,KGRB20200829_104742_V06,-25,0.438,203.99,398.694336,15.933155,-88.71,44.052653,7966.577530,20200829_054742
1,KGRB20200829_110457_V06,-8,0.477,202.72,405.516989,26.347072,-88.72,44.021910,13173.536221,20200829_060457
1,KGRB20200829_111336_V06,1,0.101,205.46,408.436410,31.074870,-88.70,44.008864,15537.434871,20200829_061336
3,KGRB20200829_110457_V06,-8,0.434,309.87,389.372620,9.385765,-88.05,44.096162,4692.882538,20200829_060457
3,KGRB20200829_111336_V06,1,0.256,310.01,389.766077,18.717128,-88.05,44.094391,9358.563963,20200829_061336
4,KGRB20200829_110457_V06,-8,0.265,180.15,363.360168,8.689346,-88.86,44.210761,4344.673157,20200829_060457
4,KGRB20200829_111336_V06,1,0.268,181.94,366.326439,15.328575,-88.85,44.197487,7664.287573,20200829_061336
6,KGRB20200829_110457_V06,-8,0.218,196.28,441.930267,10.753532,-88.76,43.857836,5376.766205,20200829_060457
6,KGRB20200829_111336_V06,1,0.088,198.22,446.688986,20.869457,-88.74,43.836490,10434.728332,20200829_061336
7,KGRB20200829_110457_V06,-8,0.169,353.30,311.533752,3.368645,-87.78,44.445942,1684.322357,20200829_060457
7,KGRB20200829_111336_V06,1,0.291,356.02,311.583495,12.911588,-87.76,44.445667,6455.794114,20200829_061336
12,KGRB20200829_113943_V06,27,0.146,368.75,431.744263,37.327950,-87.68,43.904701,18663.974762,20200829_063943
12,KGRB20200829_114827_V06,36,0.250,367.07,443.207943,42.122922,-87.69,43.853154,21061.460961,20200829_064827
2,KGRB20200829_110457_V06,-8,0.629,316.54,451.903625,7.011147,-88.01,43.814743,3505.573273,20200829_060457
5,KGRB20200829_110457_V06,-8,0.230,269.04,466.190826,11.137913,-88.30,43.750332,5568.956375,20200829_060457
10,KGRB20200829_110457_V06,-8,0.060,236.62,317.062714,7.879707,-88.51,44.420861,3939.853668,20200829_060457
2,KGRB20200830_104455_V06,-29,0.074,208.71,406.762390,12.905704,-88.68,44.016500,6452.852249,20200830_054455
2,KGRB20200830_105201_V06,-21,0.102,200.18,394.896430,19.740291,-88.73,44.069615,9870.145677,20200830_055201
2,KGRB20200830_110557_V06,-8,0.089,163.25,361.196139,21.261347,-88.97,44.219752,10630.673413,20200830_060557
2,KGRB20200830_111249_V06,-1,-1.000,144.58,343.855746,22.602159,-89.08,44.296835,11301.079449,20200830_061249
2,KGRB20200830_111949_V06,6,0.610,170.63,357.050114,24.670980,-88.92,44.238745,12335.489980,20200830_061949
2,KGRB20200830_112645_V06,13,0.109,170.41,359.399814,31.553400,-88.92,44.228163,15776.699989,20200830_062645
9,KGRB20200830_110557_V06,-8,0.744,186.86,428.474152,9.642429,-88.82,43.918038,4821.214676,20200830_060557
9,KGRB20200830_111249_V06,-1,0.867,187.52,430.435165,16.027263,-88.81,43.909239,8013.631409,20200830_061249
9,KGRB20200830_111949_V06,6,0.751,183.97,433.055286,24.258651,-88.83,43.897310,12129.325436,20200830_061949
9,KGRB20200830_112645_V06,13,0.727,185.44,435.573627,30.250356,-88.82,43.886036,15125.177857,20200830_062645
9,KGRB20200830_113340_V06,20,0.748,182.91,437.962279,39.691594,-88.84,43.875188,19845.797227,20200830_063340
5,KGRB20200830_105201_V06,-21,0.246,313.72,439.157562,2.771099,-88.03,43.872116,1385.549545,20200830_055201
5,KGRB20200830_110557_V06,-8,0.086,313.83,439.578633,11.095111,-88.03,43.870220,5547.555711,20200830_060557
5,KGRB20200830_111249_V06,-1,0.374,313.97,443.581664,15.110521,-88.02,43.852206,7555.260718,20200830_061249
5,KGRB20200830_111949_V06,6,0.085,313.35,444.992935,20.174727,-88.03,43.845858,10087.363653,20200830_061949
6,KGRB20200830_105201_V06,-21,0.136,308.18,438.290955,9.867535,-88.06,43.876036,4933.767319,20200830_055201
6,KGRB20200830_110557_V06,-8,0.376,275.67,454.642983,18.136764,-88.26,43.802361,9068.381777,20200830_060557
6,KGRB20200830_111249_V06,-1,0.154,262.16,461.483254,19.983882,-88.35,43.771436,9991.941148,20200830_061249
6,KGRB20200830_111949_V06,6,0.169,261.91,461.555501,26.953706,-88.35,43.771108,13476.852806,20200830_061949
1,KGRB20200830_104455_V06,-29,0.803,192.67,383.554138,13.653301,-88.78,44.120385,6826.650620,20200830_054455
1,KGRB20200830_105201_V06,-21,0.546,193.55,387.079803,24.301159,-88.78,44.104553,12150.579508,20200830_055201
1,KGRB20200830_110557_V06,-8,0.276,198.33,389.997947,33.913245,-88.75,44.091592,16956.622505,20200830_060557
13,KGRB20200830_110557_V06,-8,0.052,214.29,515.229675,11.120167,-88.64,43.528565,5560.083389,20200830_060557
13,KGRB20200830_111249_V06,-1,0.066,214.61,515.727227,19.563268,-88.64,43.526335,9781.633987,20200830_061249
4,KGRB20200830_105201_V06,-21,0.414,304.47,377.398254,6.154358,-88.08,44.150058,3077.178955,20200830_055201
4,KGRB20200830_110557_V06,-8,-1.000,304.47,377.398254,26.824358,-88.08,44.150058,13412.178955,20200830_060557
4,KGRB20200830_111249_V06,-1,0.252,306.76,381.348389,17.281555,-88.07,44.132278,8640.777588,20200830_061249
12,KGRB20200830_110557_V06,-8,0.068,376.60,379.457428,8.284195,-87.63,44.139788,4142.097473,20200830_060557
15,KGRB20200830_111949_V06,6,0.083,162.79,491.628845,12.220203,-88.96,43.632825,6110.101700,20200830_061949
3,KGRB20200901_110417_V06,-11,0.239,192.73,427.531189,5.140541,-88.78,43.922502,2570.270538,20200901_060417
3,KGRB20200901_111124_V06,-4,0.719,193.35,426.805826,13.001345,-88.78,43.925788,6500.672490,20200901_061124
3,KGRB20200901_111830_V06,3,0.374,195.02,426.056965,18.955430,-88.76,43.929218,9477.715036,20200901_061830
3,KGRB20200901_112537_V06,10,0.108,197.95,425.569458,27.435693,-88.75,43.931516,13717.846737,20200901_062537
1,KGRB20200901_105008_V06,-25,0.104,197.39,381.851013,10.459736,-88.75,44.128218,5229.867935,20200901_055008
1,KGRB20200901_110417_V06,-11,0.141,195.75,381.954691,19.440095,-88.76,44.127693,9720.047697,20200901_060417
2,KGRB20200901_110417_V06,-11,0.344,238.50,308.448547,5.491798,-88.50,44.459661,2745.899200,20200901_060417
5,KGRB20200901_110417_V06,-11,0.069,266.53,456.173737,11.042080,-88.32,43.795383,5521.039963,20200901_060417
7,KGRB20200901_110417_V06,-11,0.052,277.43,408.695068,8.241665,-88.25,44.009142,4120.832443,20200901_060417
8,KGRB20200901_112537_V06,10,0.160,261.44,429.727753,11.525940,-88.35,43.914328,5762.969971,20200901_062537
9,KGRB20200901_112537_V06,10,0.086,262.72,405.197083,15.437630,-88.34,44.024732,7718.814850,20200901_062537
1,KGRB20200902_111235_V06,-4,0.125,317.27,373.876892,28.769379,-88.00,44.165856,14384.689331,20200902_061235
3,KGRB20200902_111235_V06,-4,0.086,360.58,304.020599,38.441269,-87.73,44.479604,19220.634460,20200902_061235
4,KGRB20200902_111940_V06,3,0.148,293.25,472.561310,24.465027,-88.15,43.721819,12232.513428,20200902_061940
5,KGRB20200902_111940_V06,3,0.122,215.45,429.502533,24.902245,-88.64,43.914375,12451.122284,20200902_061940
2,KGRB20200903_110224_V06,-16,0.146,332.43,268.258179,10.874504,-87.91,44.640970,5437.252045,20200903_060224
2,KGRB20200903_110708_V06,-11,0.078,332.56,267.675142,17.706669,-87.91,44.643592,8853.334553,20200903_060708
3,KGRB20200903_110708_V06,-11,0.066,210.69,321.024200,61.609020,-88.67,44.402353,30804.510117,20200903_060708
3,KGRB20200903_111148_V06,-7,0.062,230.23,360.635071,27.438972,-88.55,44.224655,13719.486237,20200903_061148
5,KGRB20200903_112141_V06,3,0.055,289.56,398.836761,23.864960,-88.18,44.053572,11932.479858,20200903_062141
2,KGRB20200904_105225_V06,-27,0.089,201.64,385.912262,8.713524,-88.73,44.110090,4356.761932,20200904_055225
2,KGRB20200904_110638_V06,-13,0.050,201.20,385.493862,16.140241,-88.73,44.111958,8070.120590,20200904_060638
7,KGRB20200904_110638_V06,-13,0.140,277.07,408.579010,5.608051,-88.25,44.009661,2804.025650,20200904_060638
7,KGRB20200904_111344_V06,-6,-1.000,277.07,408.579010,16.738051,-88.25,44.009661,8369.025650,20200904_061344
7,KGRB20200904_112050_V06,1,0.063,281.93,409.451160,18.652253,-88.22,44.005771,9326.126633,20200904_062050
1,KGRB20200904_105225_V06,-27,0.169,324.88,282.139099,9.087189,-87.95,44.578588,4543.594360,20200904_055225
5,KGRB20200904_110638_V06,-13,0.357,319.07,443.208130,6.724747,-87.99,43.853858,3362.373352,20200904_060638
6,KGRB20200904_110638_V06,-13,0.162,268.84,455.750061,7.060169,-88.30,43.797315,3530.084610,20200904_060638
9,KGRB20200904_113504_V06,16,0.528,246.28,304.347168,9.195969,-88.45,44.478271,4597.984314,20200904_063504
2,KGRB20200905_111035_V06,-10,0.323,312.52,439.979309,6.314678,-88.03,43.868423,3157.339096,20200905_061035
2,KGRB20200905_111741_V06,-3,0.386,312.35,441.644726,14.786057,-88.03,43.860929,7393.028444,20200905_061741
2,KGRB20200905_112449_V06,4,0.144,312.28,442.677938,20.969478,-88.03,43.856280,10484.738966,20200905_062449
4,KGRB20200905_113155_V06,11,0.448,177.91,378.809998,16.562191,-88.87,44.141150,8281.095505,20200905_063155
4,KGRB20200905_113901_V06,19,0.286,177.45,375.764759,28.518791,-88.88,44.154833,14259.395401,20200905_063901
3,KGRB20200905_111035_V06,-10,0.192,323.06,278.822144,8.841896,-87.97,44.593528,4420.948029,20200905_061035
5,KGRB20200905_114608_V06,26,0.074,396.96,165.770264,32.509003,-87.50,45.100623,16254.501343,20200905_064608
1,KGRB20200906_110038_V06,-21,0.716,197.34,367.911469,10.629082,-88.75,44.190939,5314.540863,20200906_060038
1,KGRB20200906_110526_V06,-16,0.816,198.61,366.517938,13.891753,-88.75,44.197254,6945.876394,20200906_060526
1,KGRB20200906_111001_V06,-11,0.739,199.93,363.533260,15.429869,-88.74,44.210730,7714.934506,20200906_061001
1,KGRB20200906_111435_V06,-7,0.500,201.00,362.681135,18.671118,-88.73,44.214601,9335.559165,20200906_061435
1,KGRB20200906_111910_V06,-2,0.546,201.94,362.781936,25.154539,-88.72,44.214179,12577.269643,20200906_061910
6,KGRB20200906_111435_V06,-7,0.052,262.38,435.785583,2.423927,-88.35,43.887080,1211.963654,20200906_061435
7,KGRB20200906_120716_V06,46,0.275,34.96,447.797424,55.704781,-89.76,43.821297,27852.390289,20200906_070716
7,KGRB20200906_121137_V06,50,0.232,28.81,451.747955,46.231308,-89.80,43.802963,23115.653992,20200906_071137
7,KGRB20200906_121556_V06,54,0.087,30.27,455.528076,38.763660,-89.79,43.786091,19381.830215,20200906_071556
1,KGRB20200907_110535_V06,-17,0.212,198.62,386.177460,7.291592,-88.74,44.108794,3645.795822,20200907_060535
1,KGRB20200907_111235_V06,-10,0.077,199.34,391.298722,19.318815,-88.74,44.085774,9659.407302,20200907_061235
1,KGRB20200907_111940_V06,-3,0.239,202.41,400.027993,25.404915,-88.72,44.046599,12702.457743,20200907_061940
4,KGRB20200907_122943_V06,67,0.099,288.85,414.909851,24.157635,-88.18,43.981241,12078.817368,20200907_072943
4,KGRB20200907_123648_V06,74,0.143,290.71,416.986210,31.400751,-88.17,43.971904,15700.375550,20200907_073648
5,KGRB20200907_124334_V06,81,0.097,191.31,381.734070,14.973644,-88.79,44.128524,7486.822128,20200907_074334
5,KGRB20200907_125019_V06,88,0.157,190.59,382.785181,21.480460,-88.79,44.123767,10740.230208,20200907_075019
3,KGRB20200907_114740_V06,25,0.069,199.23,409.192749,30.767231,-88.74,44.005252,15383.615494,20200907_064740
1,KGRB20200908_110205_V06,-21,0.702,187.35,389.128693,7.951088,-88.81,44.095100,3975.543976,20200908_060205
1,KGRB20200908_110851_V06,-15,0.770,186.44,390.013036,13.077351,-88.82,44.091086,6538.675527,20200908_060851
1,KGRB20200908_111539_V06,-8,0.777,187.40,390.369848,12.477839,-88.81,44.089518,6238.919593,20200908_061539
6,KGRB20200908_113536_V06,12,0.128,187.44,402.049072,34.376190,-88.81,44.036966,17188.095093,20200908_063536
6,KGRB20200908_113955_V06,16,0.057,186.60,401.671284,39.148707,-88.82,44.038634,19574.353505,20200908_063955
6,KGRB20200908_114420_V06,21,0.076,176.91,399.202515,33.728127,-88.88,44.049350,16864.063263,20200908_064420
5,KGRB20200908_113115_V06,8,0.090,180.83,433.396484,6.937725,-88.85,43.895649,3468.862534,20200908_063115
10,KGRB20200908_122012_V06,57,0.073,266.67,432.830994,17.222836,-88.32,43.900428,8611.417770,20200908_072012
1,KGRB20200910_111623_V06,-10,0.222,190.95,385.497131,10.669167,-88.79,44.111578,5334.583282,20200910_061623
1,KGRB20200910_112044_V06,-6,0.204,191.43,385.783765,16.417335,-88.79,44.110306,8208.667515,20200910_062044
1,KGRB20200910_112505_V06,-1,0.110,192.75,385.944346,18.422772,-88.78,44.109632,9211.386024,20200910_062505
1,KGRB20200910_112926_V06,3,0.083,191.87,385.478764,18.249602,-88.79,44.111695,9124.800780,20200910_062926
1,KGRB20200910_113346_V06,7,0.112,190.41,384.580546,19.427546,-88.80,44.115682,9713.772841,20200910_063346
5,KGRB20200910_112926_V06,3,0.102,330.06,280.052612,14.934906,-87.92,44.587927,7467.453003,20200910_062926
5,KGRB20200910_113346_V06,7,-1.000,330.06,280.052612,21.294906,-87.92,44.587927,10647.453003,20200910_063346
5,KGRB20200910_113807_V06,12,0.086,332.01,280.476195,25.430955,-87.91,44.586000,12715.477486,20200910_063807
5,KGRB20200910_114228_V06,16,0.222,332.02,274.636978,24.378568,-87.91,44.612273,12189.283910,20200910_064228
2,KGRB20200910_111623_V06,-10,0.089,25.50,443.649841,31.342400,-89.82,43.839086,15671.199799,20200910_061623
2,KGRB20200910_112044_V06,-6,0.112,26.29,443.388430,37.513862,-89.81,43.840337,18756.930778,20200910_062044
2,KGRB20200910_112505_V06,-1,0.093,52.67,445.149017,20.305994,-89.65,43.834759,10152.997017,20200910_062505
8,KGRB20200910_122219_V06,56,0.067,27.15,492.233307,31.166306,-89.80,43.620670,15583.152771,20200910_072219
8,KGRB20200910_122700_V06,61,0.091,28.61,492.785925,39.471302,-89.79,43.618318,19735.651133,20200910_072700
10,KGRB20200910_124445_V06,78,0.056,26.00,490.144196,42.360291,-89.81,43.629962,21180.145264,20200910_074445
1,KGRB20200911_111509_V06,-12,0.108,323.38,280.417358,13.729073,-87.96,44.586348,6864.536285,20200911_061509
2,KGRB20200911_113545_V06,8,0.090,349.44,292.363617,23.718132,-87.80,44.532267,11859.066010,20200911_063545
1,KGRB20200913_110654_V06,-23,0.275,326.31,278.751892,6.038300,-87.95,44.593816,3019.149780,20200913_060654
5,KGRB20200913_112052_V06,-9,0.214,278.97,408.209961,3.030941,-88.24,44.011336,1515.470505,20200913_062052
1,KGRB20200914_111530_V06,-15,0.067,319.38,283.363159,5.886414,-87.99,44.573123,2943.206787,20200914_061530
1,KGRB20200914_112236_V06,-8,0.333,319.23,284.011591,15.432975,-87.99,44.570206,7716.487637,20200914_062236
1,KGRB20200914_112942_V06,-1,0.063,319.20,285.146067,16.855980,-87.99,44.565102,8427.989856,20200914_062942
1,KGRB20200914_113648_V06,6,0.065,321.48,288.885488,24.051078,-87.98,44.548260,12025.539165,20200914_063648
2,KGRB20200914_112236_V06,-8,0.281,263.82,459.009399,11.593224,-88.34,43.782590,5796.611786,20200914_062236
3,KGRB20200914_112236_V06,-8,0.059,184.85,386.560822,11.715927,-88.83,44.106557,5857.963562,20200914_062236
4,KGRB20200914_115054_V06,20,0.289,161.86,521.802124,16.600439,-88.97,43.497003,8300.219536,20200914_065054
5,KGRB20200914_115054_V06,20,0.080,239.64,433.349091,11.560478,-88.49,43.897664,5780.239105,20200914_065054
5,KGRB20200915_115112_V06,19,0.091,28.80,389.319183,56.140743,-89.80,44.083811,28070.371628,20200915_065112
5,KGRB20200915_120524_V06,33,0.189,30.42,387.180264,65.843367,-89.79,44.093583,32921.683358,20200915_070524
1,KGRB20200915_110251_V06,-30,0.312,206.04,384.242981,8.175053,-88.70,44.117747,4087.526321,20200915_060251
4,KGRB20200915_115112_V06,19,0.127,300.50,359.448486,15.803600,-88.11,44.230832,7901.800156,20200915_065112
1,KGRB20200917_112615_V06,-8,0.840,261.33,456.320770,8.648987,-88.35,43.794657,4324.493408,20200917_062615
1,KGRB20200917_113320_V06,-1,0.068,260.74,455.754855,15.494081,-88.35,43.797196,7747.040525,20200917_063320
1,KGRB20200917_114026_V06,6,0.763,261.06,461.489359,22.980786,-88.35,43.771395,11490.393048,20200917_064026
1,KGRB20200917_114730_V06,13,0.677,263.54,472.075394,25.761929,-88.34,43.723788,12880.964521,20200917_064730
1,KGRB20200917_120142_V06,27,0.462,264.78,485.679981,37.520424,-88.33,43.662580,18760.212245,20200917_070142
3,KGRB20200917_114026_V06,6,0.712,163.87,522.392090,13.477786,-88.95,43.494441,6738.893032,20200917_064026
3,KGRB20200917_114730_V06,13,0.805,164.30,523.312015,19.031981,-88.95,43.490321,9515.990573,20200917_064730
3,KGRB20200917_120142_V06,27,0.730,167.32,525.272425,20.292709,-88.93,43.481636,10146.354400,20200917_070142
3,KGRB20200917_120848_V06,34,0.189,166.00,523.437622,17.088676,-88.94,43.489833,8544.338226,20200917_070848
1,KGRB20200919_112913_V06,-7,0.058,301.94,369.436035,17.776077,-88.10,44.185889,8888.038635,20200919_062913
2,KGRB20200919_114316_V06,7,0.084,275.48,368.773285,22.854748,-88.26,44.188769,11427.373886,20200919_064316
1,KGRB20200920_112056_V06,-17,0.133,262.28,278.020508,3.063736,-88.35,44.596980,1531.867981,20200920_062056
1,KGRB20200921_113044_V06,-9,0.056,27.01,71.999512,37.268810,-89.86,45.510939,18634.405136,20200921_063044
2,KGRB20200921_114426_V06,5,0.174,301.82,375.652191,17.871716,-88.10,44.157918,8935.857773,20200921_064426
1,KGRB20200922_114247_V06,2,0.159,322.32,389.058594,34.273579,-87.97,44.097506,17136.789322,20200922_064247
1,KGRB20200924_120723_V06,25,0.129,23.92,128.167053,25.955078,-89.87,45.258028,12977.539062,20200924_070723
1,KGRB20200926_115115_V06,7,0.093,285.27,376.440735,17.679932,-88.20,44.154333,8839.965820,20200926_065115
1,KGRB20200927_121907_V06,33,0.143,23.59,368.498077,43.639709,-89.84,44.176986,21819.854736,20200927_071907
1,KGRB20200927_122553_V06,39,0.774,30.36,360.881098,49.170570,-89.80,44.211886,24585.284912,20200927_072553
1,KGRB20200927_123240_V06,46,0.052,47.81,355.737895,61.223629,-89.69,44.236588,30611.814484,20200927_073240
1,KGRB20200927_123925_V06,53,-1.000,64.07,350.320258,72.729522,-89.59,44.262326,36364.761205,20200927_073925
1,KGRB20200927_124611_V06,60,0.571,40.55,299.459229,57.035625,-89.74,44.489118,28517.812729,20200927_074611
1,KGRB20200927_125257_V06,66,0.588,45.88,293.784139,65.841544,-89.71,44.515120,32920.772243,20200927_075257
1,KGRB20200927_130631_V06,80,0.195,67.74,276.075982,82.815923,-89.57,44.596621,41407.961396,20200927_080631
2,KGRB20200927_123925_V06,53,0.069,32.69,281.100189,67.034042,-89.79,44.570985,33517.021179,20200927_073925
7,KGRB20200928_121720_V06,30,0.092,355.27,566.800781,45.948143,-87.77,43.297203,22974.071503,20200928_071720
7,KGRB20200928_122139_V06,34,0.069,369.65,554.788208,46.022049,-87.68,43.350962,23011.024475,20200928_072139
2,KGRB20201001_113930_V06,-11,0.064,207.46,357.152435,23.258976,-88.69,44.239690,11629.487991,20201001_063930
2,KGRB20201001_114411_V06,-6,-1.000,207.46,357.152435,31.208976,-88.69,44.239690,15604.487991,20201001_064411
2,KGRB20201001_114852_V06,-2,0.057,204.83,355.845608,34.099176,-88.71,44.245486,17049.587820,20201001_064852
2,KGRB20201001_115333_V06,3,0.169,209.75,366.973419,26.992096,-88.68,44.195572,13496.047974,20201001_065333
9,KGRB20201001_131310_V06,83,0.081,29.49,361.089233,32.029549,-89.80,44.210868,16014.774323,20201001_081310
9,KGRB20201001_131750_V06,87,0.138,30.86,360.651271,37.547975,-89.80,44.212966,18773.987715,20201001_081750
7,KGRB20201001_130829_V06,78,0.063,527.04,77.324280,28.979485,-86.66,45.491058,14489.742279,20201001_080829
6,KGRB20201003_114400_V06,-9,0.204,27.07,447.284241,33.534355,-89.81,43.822883,16767.177582,20201003_064400
6,KGRB20201003_115105_V06,-2,0.164,28.99,447.761553,42.820481,-89.80,43.820914,21410.240343,20201003_065105
6,KGRB20201003_120517_V06,12,0.090,32.59,457.626762,49.575157,-89.77,43.776861,24787.578466,20201003_070517
2,KGRB20201003_112740_V06,-26,0.158,27.34,445.527954,33.800316,-89.81,43.830809,16900.157928,20201003_062740
2,KGRB20201003_113447_V06,-19,0.149,26.92,446.064268,39.719285,-89.81,43.828357,19859.642385,20201003_063447
7,KGRB20201003_114400_V06,-9,0.057,445.88,447.625549,16.608765,-87.20,43.830414,8304.382324,20201003_064400
10,KGRB20201003_130912_V06,76,0.055,32.86,449.009247,41.674324,-89.77,43.815655,20837.162018,20201003_080912
1,KGRB20201004_114903_V06,-5,0.229,289.04,365.757660,20.510391,-88.18,44.202421,10255.195618,20201004_064903
4,KGRB20201005_114603_V06,-9,0.149,298.65,375.383423,7.033192,-88.12,44.159127,3516.595840,20201005_064603
5,KGRB20201005_120924_V06,14,0.155,270.07,360.149963,14.668438,-88.30,44.227521,7334.218979,20201005_070924
1,KGRB20201010_120549_V06,4,0.772,161.32,526.855469,14.918330,-88.97,43.474237,7459.165096,20201010_070549
1,KGRB20201011_120538_V06,2,0.099,301.53,289.941162,34.994308,-88.10,44.543590,17497.154236,20201011_070538
2,KGRB20201012_115510_V06,-9,0.283,262.41,360.207520,6.448223,-88.35,44.227173,3224.111557,20201012_065510
8,KGRB20201013_122351_V06,18,0.396,25.47,444.442505,23.788109,-89.82,43.835518,11894.054413,20201013_072351
8,KGRB20201013_123056_V06,25,0.423,32.43,442.584314,31.739195,-89.77,43.844521,15869.597514,20201013_073056
8,KGRB20201013_123743_V06,32,0.074,52.78,439.684701,32.261689,-89.65,43.859352,16130.844749,20201013_073743
7,KGRB20201013_120939_V06,4,0.057,33.91,283.702759,69.341309,-89.79,44.559391,34670.654297,20201013_070939
7,KGRB20201013_121645_V06,11,0.055,35.60,282.819214,79.196136,-89.78,44.563521,39598.068145,20201013_071645
10,KGRB20201013_123743_V06,32,0.083,26.57,317.587463,49.038551,-89.83,44.406283,24519.275665,20201013_073743
10,KGRB20201013_124430_V06,39,0.193,28.67,316.115157,57.111518,-89.81,44.413104,28555.758941,20201013_074430
2,KGRB20201013_114115_V06,-24,0.156,407.84,92.202820,6.385017,-87.42,45.431193,3192.508698,20201013_064115
4,KGRB20201013_114115_V06,-24,0.102,334.02,77.037231,19.882568,-87.89,45.501271,9941.284180,20201013_064115
11,KGRB20201013_131824_V06,73,0.063,19.95,443.388153,26.100147,-89.85,43.839739,13050.073624,20201013_081824
1,KGRB20201015_120702_V06,-1,0.176,242.76,315.614868,5.992733,-88.47,44.427504,2996.366501,20201015_070702
1,KGRB20201015_121403_V06,6,0.052,243.91,315.797171,15.766456,-88.46,44.426706,7883.227891,20201015_071403
4,KGRB20201017_120909_V06,-1,0.379,49.61,469.390808,54.208488,-89.66,43.725434,27104.244232,20201017_070909
3,KGRB20201018_121810_V06,6,0.057,27.01,287.233521,48.522453,-89.83,44.542865,24261.226654,20201018_071810
3,KGRB20201018_122244_V06,10,0.146,28.08,285.380002,54.787792,-89.82,44.551303,27393.895831,20201018_072244
3,KGRB20201018_122718_V06,15,0.445,36.61,278.739481,55.847071,-89.77,44.581964,27923.535263,20201018_072718
3,KGRB20201018_123208_V06,20,0.519,44.71,271.898414,61.158877,-89.72,44.613466,30579.438436,20201018_073208
9,KGRB20201018_131915_V06,67,0.345,62.88,338.725647,68.678719,-89.60,44.314390,34339.359283,20201018_081915
9,KGRB20201018_132621_V06,74,0.103,64.82,342.047050,77.961173,-89.58,44.299606,38980.586260,20201018_082621
1,KGRB20201018_115220_V06,-20,0.098,22.42,349.249207,25.798706,-89.85,44.263464,12899.353027,20201018_065220
1,KGRB20201018_120410_V06,-8,0.134,66.91,385.231171,71.408295,-89.57,44.105497,35704.147339,20201018_070410
5,KGRB20201018_122244_V06,10,0.067,244.19,316.703796,7.333187,-88.46,44.422632,3666.593552,20201018_072244
8,KGRB20201018_131209_V06,60,0.086,61.37,377.169556,85.738159,-89.60,44.141317,42869.079590,20201018_081209
10,KGRB20201018_131915_V06,67,0.122,460.69,132.214722,73.224892,-87.09,45.248694,36612.445831,20201018_081915
2,KGRB20201019_133329_V06,80,0.421,26.06,242.146790,35.454239,-89.84,44.745578,17727.119446,20201019_083329
2,KGRB20201019_134016_V06,87,0.103,29.82,244.632616,41.426419,-89.82,44.734753,20713.209442,20201019_084016
1,KGRB20201019_122501_V06,12,0.125,331.74,217.553192,7.586891,-87.91,44.869116,3793.445587,20201019_072501
2,KGRB20201020_120058_V06,-14,0.291,266.42,363.245178,8.303051,-88.32,44.213554,4151.525497,20201020_070058
1,KGRB20201021_122855_V06,12,0.092,348.03,296.604675,26.693665,-87.81,44.513208,13346.832275,20201021_072855
1,KGRB20201023_121924_V06,1,0.063,51.33,544.288879,53.114407,-89.65,43.388596,26557.203293,20201023_071924
1,KGRB20201023_122416_V06,6,0.064,52.58,543.726013,59.925937,-89.64,43.391233,29962.968637,20201023_072416
2,KGRB20201023_130234_V06,44,0.105,87.96,57.006226,62.301594,-89.47,45.583613,31150.796890,20201023_080234
3,KGRB20201029_131323_V06,47,0.057,302.10,270.861389,67.203979,-88.10,44.629439,33601.989746,20201029_081323
5,KGRB20201101_132231_V06,52,0.064,383.51,290.614746,19.921440,-87.59,44.539352,9960.720062,20201101_072231
1,KGRB20201105_122435_V06,-12,0.411,28.07,450.006134,44.968620,-89.80,43.810730,22484.310150,20201105_062435
1,KGRB20201105_123416_V06,-2,0.106,32.30,446.018495,59.841561,-89.78,43.829059,29920.780350,20201105_063416
2,KGRB20201105_122435_V06,-12,0.125,276.90,388.302979,7.895924,-88.26,44.100900,3947.961807,20201105_062435
1,KGRB20201107_122749_V06,-11,0.144,303.28,377.799377,11.544159,-88.09,44.148254,5772.079468,20201107_062749
2,KGRB20201109_121212_V06,-29,0.104,411.06,315.283508,7.824493,-87.41,44.427430,3912.246704,20201109_061212
6,KGRB20201109_122756_V06,-14,0.361,243.87,289.100494,15.981968,-88.46,44.546827,7990.983963,20201109_062756
8,KGRB20201109_124705_V06,6,0.141,23.56,430.266052,43.077843,-89.83,43.899115,21538.921356,20201109_064705
1,KGRB20201111_122637_V06,-18,0.317,273.68,383.447296,13.862297,-88.28,44.122723,6931.148529,20201111_062637
1,KGRB20201111_123343_V06,-11,0.279,272.05,381.255730,24.345908,-88.29,44.132569,12172.953931,20201111_063343
1,KGRB20201111_124033_V06,-4,0.334,273.02,376.963722,30.462252,-88.28,44.151892,15231.125828,20201111_064033
1,KGRB20201112_132211_V06,37,0.086,197.12,378.870544,2.393181,-88.75,44.141620,1196.590424,20201112_072211
1,KGRB20201113_123633_V06,-10,0.098,270.84,386.775146,5.575649,-88.29,44.107721,2787.824631,20201113_063633
1,KGRB20201121_134909_V06,52,0.370,338.89,259.541077,7.569717,-87.87,44.680112,3784.858704,20201121_074909
1,KGRB20201122_130100_V06,3,0.051,32.00,196.767120,63.933907,-89.81,44.950256,31966.953278,20201122_070100
2,KGRB20201122_132852_V06,30,0.104,38.39,515.157043,44.532318,-89.73,43.518552,22266.159058,20201122_072852
3,KGRB20201122_133538_V06,37,0.052,26.56,412.732788,48.471554,-89.82,43.978273,24235.776901,20201122_073538
1,KGRB20201127_130342_V06,-1,0.137,274.22,412.782227,15.916367,-88.27,43.990723,7958.183289,20201127_070342
1,KGRB20201202_124312_V06,-27,0.248,265.88,475.228699,9.006756,-88.32,43.709625,4503.377914,20201202_064312
3,KGRB20201202_133629_V06,26,0.053,239.96,543.257446,5.730416,-88.48,43.403065,2865.208149,20201202_073629
1,KGRB20201205_130245_V06,-11,0.056,281.22,339.719147,6.933132,-88.23,44.319548,3466.566086,20201205_070245
2,KGRB20201206_133613_V06,22,0.084,274.34,409.108765,26.216068,-88.27,44.007255,13108.034134,20201206_073613
3,KGRB20201212_134209_V06,22,0.070,67.63,244.074951,70.203598,-89.58,44.740567,35101.799011,20201212_074209
1,KGRB20201213_141706_V06,57,0.101,222.44,407.116364,2.141224,-88.59,44.015304,1070.611954,20201213_081706
1,KGRB20201213_142356_V06,63,0.074,222.51,407.483856,9.879547,-88.59,44.013652,4939.773705,20201213_082356
2,KGRB20201214_131701_V06,-4,0.134,385.25,123.780945,28.522774,-87.57,45.289902,14261.386871,20201214_071701
5,KGRB20201220_134857_V06,23,0.265,45.71,80.590210,61.323830,-89.74,45.474048,30661.914825,20201220_074857
5,KGRB20201220_140821_V06,43,0.333,55.98,99.854254,79.653470,-89.67,45.388309,39826.735248,20201220_080821
5,KGRB20201220_141803_V06,53,0.532,62.62,125.150589,88.658443,-89.62,45.275095,44329.221592,20201220_081803
5,KGRB20201220_142745_V06,62,0.452,53.11,147.096477,88.998734,-89.68,45.175574,44499.366799,20201220_082745
5,KGRB20201220_143727_V06,72,0.437,60.14,156.008953,97.259888,-89.64,45.136087,48629.944100,20201220_083727
5,KGRB20201220_144708_V06,82,0.424,53.02,172.916518,100.137812,-89.68,45.059429,50068.905938,20201220_084708
1,KGRB20201227_131057_V06,-18,0.054,27.20,477.896667,43.351585,-89.80,43.685174,21675.792694,20201227_071057
