track_id,filename,from_sunrise,det_score,x,y,r,lon,lat,radius,local_time
1,KMQT20020601_104547,45,0.062,403.21,477.548126,17.814398,-86.89,45.730510,8907.198906,20020601_064547
1,KMQT20020601_105538,55,0.110,404.10,477.003405,25.024836,-86.88,45.732927,12512.417907,20020601_065538
1,KMQT20020604_112059,81,0.109,434.08,166.340271,45.722328,-86.66,47.128887,22861.164093,20020604_072059
6,KMQT20020606_111514,77,0.629,231.09,58.708923,23.321655,-88.01,47.615418,11660.827637,20020606_071514
6,KMQT20020606_112104,83,0.792,237.08,59.869949,26.088935,-87.97,47.610347,13044.467408,20020606_072104
6,KMQT20020606_112657,88,0.642,243.93,59.468656,26.171556,-87.92,47.612307,13085.777778,20020606_072657
1,KMQT20020606_103412,36,0.122,96.01,103.463745,22.053661,-88.90,47.407162,11026.830673,20020606_063412
1,KMQT20020606_104005,42,0.360,98.72,104.621143,28.465167,-88.88,47.402166,14232.583525,20020606_064005
1,KMQT20020606_104557,47,0.254,110.55,107.086304,22.357454,-88.80,47.391958,11178.727150,20020606_064557
1,KMQT20020606_105149,53,0.084,109.29,107.965307,30.149939,-88.81,47.387915,15074.969308,20020606_065149
2,KMQT20020606_104005,42,0.079,187.89,53.838379,22.339825,-88.29,47.635829,11169.912338,20020606_064005
2,KMQT20020606_104557,47,0.106,189.16,54.002772,28.508567,-88.29,47.635144,14254.283636,20020606_064557
2,KMQT20020606_105149,53,0.111,199.79,50.352661,25.656963,-88.22,47.651986,12828.481674,20020606_065149
2,KMQT20020606_105740,59,0.156,202.32,50.783204,32.369697,-88.20,47.650145,16184.848268,20020606_065740
2,KMQT20020606_110332,65,0.090,222.95,59.138672,21.502575,-88.06,47.613259,10751.287460,20020606_070332
2,KMQT20020606_110923,71,0.104,223.69,58.877626,28.533283,-88.06,47.614454,14266.641378,20020606_070923
1,KMQT20020607_093049,-28,0.062,112.77,257.466370,14.070448,-88.77,46.715884,7035.223961,20020607_053049
1,KMQT20020607_093642,-22,0.261,112.92,255.988231,23.895298,-88.77,46.722541,11947.649199,20020607_053642
2,KMQT20020607_100014,2,0.059,146.60,255.534607,19.119230,-88.55,46.726720,9559.615135,20020607_060014
2,KMQT20020607_100607,8,0.054,148.89,255.288277,26.267119,-88.54,46.727958,13133.559654,20020607_060607
3,KMQT20020607_101200,14,0.105,194.59,256.115204,14.151604,-88.24,46.726426,7075.801849,20020607_061200
4,KMQT20020607_101753,19,0.210,244.68,384.535187,8.828083,-87.91,46.150299,4414.041519,20020607_061753
6,KMQT20020607_102346,25,0.311,366.14,259.582642,11.945351,-87.12,46.712087,5972.675323,20020607_062346
7,KMQT20020607_102346,25,0.067,280.45,347.944885,12.229515,-87.68,46.315382,6114.757538,20020607_062346
8,KMQT20020607_103530,37,0.051,229.60,261.983093,22.240974,-88.01,46.701182,11120.487213,20020607_063530
1,KMQT20020608_093726,-20,0.051,299.95,427.293823,11.546383,-87.55,45.958520,5773.191452,20020608_053726
5,KMQT20020610_110700,70,0.054,384.06,313.613403,8.986786,-87.00,46.468567,4493.392944,20020610_070700
5,KMQT20020610_111251,75,0.721,383.95,317.041867,13.937103,-87.00,46.453150,6968.551617,20020610_071251
5,KMQT20020610_111843,81,0.808,385.77,319.902366,13.619539,-86.99,46.440226,6809.769532,20020610_071843
5,KMQT20020610_112435,87,0.545,385.95,318.389936,13.948208,-86.99,46.447024,6974.103992,20020610_072435
1,KMQT20020610_094442,-13,0.440,378.00,331.851685,15.505352,-87.04,46.386715,7752.676010,20020610_054442
3,KMQT20020610_102551,28,0.066,28.60,54.999390,40.190773,-89.35,47.618966,20095.386505,20020610_062551
4,KMQT20020610_104329,46,0.053,330.17,511.216736,17.702368,-87.36,45.580823,8851.183891,20020610_064329
9,KMQT20020611_110347,67,0.199,421.87,429.374969,31.404804,-86.76,45.946438,15702.402115,20020611_070347
9,KMQT20020611_110938,73,0.699,425.95,426.748355,35.178117,-86.74,45.958068,17589.058683,20020611_070938
10,KMQT20020611_110347,67,0.081,459.80,328.297302,39.808121,-86.51,46.399102,19904.060364,20020611_070347
10,KMQT20020611_110938,73,0.074,458.49,330.063832,47.097566,-86.52,46.391234,23548.783064,20020611_070938
1,KMQT20020611_093605,-20,0.159,190.77,333.450897,11.212578,-88.26,46.378440,5606.288910,20020611_053605
2,KMQT20020611_094749,-9,0.063,153.99,39.326965,28.366266,-88.52,47.699413,14183.133125,20020611_054749
3,KMQT20020611_101056,14,0.063,364.01,303.491852,9.953949,-87.13,46.514643,4976.974487,20020611_061056
4,KMQT20020611_102832,32,0.086,384.07,237.476929,9.431229,-87.00,46.811008,4715.614319,20020611_062832
5,KMQT20020611_104017,44,0.079,188.33,360.578369,9.781788,-88.27,46.256325,4890.893936,20020611_064017
6,KMQT20020611_104017,44,0.052,142.98,75.744141,72.443344,-88.59,47.535024,36221.672058,20020611_064017
7,KMQT20020611_104609,50,0.077,392.73,321.821777,24.820862,-86.95,46.431363,12410.430908,20020611_064609
8,KMQT20020611_105754,61,0.111,307.77,358.579346,20.270393,-87.50,46.267606,10135.196686,20020611_065754
11,KMQT20020611_111530,79,0.389,262.45,247.576843,22.934780,-87.79,46.766639,11467.390060,20020611_071530
1,KMQT20020613_095243,-4,0.050,190.65,86.975891,30.355442,-88.27,47.486930,15177.721024,20020613_055243
1,KMQT20020613_095835,2,0.065,192.99,83.808984,38.074163,-88.26,47.501268,19037.081653,20020613_055835
2,KMQT20020613_101611,20,0.107,210.90,49.958496,32.321487,-88.14,47.654160,16160.743713,20020613_061611
3,KMQT20020613_105717,61,0.052,204.45,79.641602,74.340134,-88.18,47.520450,37170.066833,20020613_065717
3,KMQT20020619_102033,24,0.149,369.10,327.502747,3.145676,-87.10,46.406519,1572.837830,20020619_062033
3,KMQT20020619_102625,30,0.261,369.15,327.414546,9.342527,-87.10,46.406914,4671.263493,20020619_062625
1,KMQT20020619_100257,6,0.310,263.19,298.542267,10.427986,-87.79,46.537415,5213.993073,20020619_060257
2,KMQT20020619_100850,12,0.053,369.25,327.564789,3.012047,-87.10,46.406236,1506.023407,20020619_060850
5,KMQT20020619_104404,48,0.094,24.00,167.783691,28.855335,-89.37,47.111440,14427.667618,20020619_064404
5,KMQT20020619_104957,53,0.069,25.04,147.083862,23.643433,-89.36,47.204612,11821.716309,20020619_064957
7,KMQT20020619_111916,83,0.091,264.88,300.671143,9.735233,-87.78,46.527862,4867.616653,20020619_071916
1,KMQT20020620_093050,-26,0.261,478.80,224.650879,17.135841,-86.38,46.864034,8567.920685,20020620_053050
2,KMQT20020620_103115,35,0.068,43.02,172.825867,40.573124,-89.24,47.090678,20286.561966,20020620_063115
1,KMQT20020621_093102,-26,0.695,256.46,194.165527,12.654533,-87.83,47.006773,6327.266693,20020621_053102
1,KMQT20020621_093653,-21,0.272,258.19,193.874170,20.039825,-87.82,47.008111,10019.912431,20020621_053653
1,KMQT20020621_094246,-15,0.354,270.53,189.718936,22.568388,-87.74,47.026964,11284.194237,20020621_054246
1,KMQT20020621_094838,-9,0.741,285.97,186.509475,24.283129,-87.64,47.041525,12141.564675,20020621_054838
1,KMQT20020621_095430,-3,0.235,288.07,180.450007,32.553550,-87.63,47.068788,16276.774807,20020621_055430
1,KMQT20020621_100021,3,0.068,289.35,178.750176,38.024895,-87.62,47.076439,19012.447734,20020621_060021
2,KMQT20020621_093102,-26,0.067,435.75,303.085480,11.941322,-86.66,46.513811,5970.661163,20020621_053102
4,KMQT20020621_093102,-26,0.052,96.41,187.827026,5.027336,-88.89,47.027849,2513.668060,20020621_053102
7,KMQT20020621_095430,-3,0.062,451.13,292.231140,27.401962,-86.56,46.561810,13700.981140,20020621_055430
8,KMQT20020621_101206,15,0.109,287.85,421.810242,2.608452,-87.63,45.983160,1304.225922,20020621_061206
10,KMQT20020621_102943,32,0.086,199.44,290.199585,24.084915,-88.20,46.573312,12042.457581,20020621_062943
11,KMQT20020621_104719,50,0.052,247.59,415.752350,32.943863,-87.89,46.009934,16471.931458,20020621_064719
2,KMQT20020623_103944,42,0.468,227.09,115.337646,32.199036,-88.03,47.360645,16099.517822,20020623_063944
2,KMQT20020623_104537,48,0.572,234.43,119.610585,36.381334,-87.98,47.341621,18190.666977,20020623_064537
2,KMQT20020623_105131,54,0.194,254.05,122.902515,35.809027,-87.85,47.327231,17904.513381,20020623_065131
6,KMQT20020623_110318,66,0.239,368.84,114.859558,38.656563,-87.09,47.362905,19328.281403,20020623_070318
6,KMQT20020623_110911,72,0.187,372.72,111.991547,47.450992,-87.07,47.375698,23725.496121,20020623_070911
6,KMQT20020623_111503,78,0.102,390.11,104.809859,53.904636,-86.95,47.407459,26952.317934,20020623_071503
4,KMQT20020623_104537,48,0.097,350.56,361.683899,4.749702,-87.22,46.253181,2374.851227,20020623_064537
7,KMQT20020625_110123,63,0.095,137.76,297.680908,29.814621,-88.61,46.536653,14907.310486,20020625_070123
7,KMQT20020625_110715,69,0.653,139.36,290.168421,41.042957,-88.60,46.570536,20521.478250,20020625_070715
7,KMQT20020625_111307,75,0.855,152.88,295.612264,39.798619,-88.51,46.546826,19899.309693,20020625_071307
7,KMQT20020625_111900,81,0.808,160.47,291.809635,42.490323,-88.46,46.564332,21245.161487,20020625_071900
7,KMQT20020625_112452,86,0.726,171.61,298.266610,42.545864,-88.39,46.535846,21272.931839,20020625_072452
6,KMQT20020625_105531,57,0.318,382.62,295.665649,6.497124,-87.01,46.549338,3248.561859,20020625_065531
6,KMQT20020625_110123,63,0.133,386.14,295.422027,13.305728,-86.99,46.550323,6652.864097,20020625_070123
6,KMQT20020625_110715,69,0.856,400.94,293.751001,13.335934,-86.89,46.557325,6667.967171,20020625_070715
6,KMQT20020625_111307,75,0.911,410.70,293.580131,14.250966,-86.83,46.557710,7125.483005,20020625_071307
1,KMQT20020625_093313,-25,0.399,359.60,564.477844,11.582291,-87.17,45.340736,5791.145325,20020625_053313
1,KMQT20020625_093906,-19,0.131,360.36,563.144013,20.592373,-87.16,45.346720,10296.186277,20020625_053906
2,KMQT20020625_093313,-25,0.051,361.65,332.140564,8.932701,-87.15,46.385838,4466.350555,20020625_053313
2,KMQT20020625_093906,-19,0.080,362.18,332.093574,15.668920,-87.14,46.386037,7834.460068,20020625_053906
3,KMQT20020625_103752,39,0.193,61.32,268.296539,24.604944,-89.11,46.663098,12302.472115,20020625_063752
3,KMQT20020625_104345,45,0.194,65.45,267.657948,31.847262,-89.08,46.666333,15923.631166,20020625_064345
9,KMQT20020625_111900,81,0.367,391.60,317.268768,9.902931,-86.95,46.451881,4951.465607,20020625_071900
9,KMQT20020625_112452,86,0.330,394.26,316.587489,16.834502,-86.93,46.454853,8417.250889,20020625_072452
1,KMQT20020627_093444,-25,0.052,176.01,266.181641,13.999844,-88.36,46.680357,6999.921799,20020627_053444
1,KMQT20020629_093949,-20,0.053,315.76,185.571686,1.700333,-87.44,47.045733,850.166321,20020629_053949
1,KMQT20020630_103006,30,0.061,326.01,398.526306,32.554176,-87.38,46.087802,16277.088165,20020630_063006
1,KMQT20020701_111849,77,0.052,345.05,494.301392,2.583786,-87.26,45.656715,1291.893005,20020701_071849
2,KMQT20020702_102016,19,0.106,370.20,325.233551,8.304276,-87.09,46.416697,4152.137756,20020702_062016
2,KMQT20020702_103007,29,0.109,370.20,325.451637,15.536788,-87.09,46.415716,7768.394014,20020702_063007
1,KMQT20020702_101025,9,0.155,328.55,415.503693,39.408112,-87.36,46.011407,19704.055786,20020702_061025
1,KMQT20020705_093629,-27,0.449,398.78,282.856750,11.987984,-86.90,46.606404,5993.991852,20020705_053629
4,KMQT20020706_102809,24,0.336,435.79,244.492004,21.689842,-86.66,46.777333,10844.921112,20020706_062809
4,KMQT20020706_103402,30,0.251,435.48,246.170779,28.926857,-86.66,46.769799,14463.428701,20020706_063402
4,KMQT20020706_103954,35,0.142,439.01,251.611356,29.983047,-86.64,46.745150,14991.523638,20020706_063954
4,KMQT20020706_104545,41,0.100,442.25,253.459426,35.490628,-86.62,46.736668,17745.314152,20020706_064545
4,KMQT20020706_105137,47,-1.000,445.46,256.274888,40.235830,-86.60,46.723834,20117.914992,20020706_065137
4,KMQT20020706_105728,53,0.087,456.80,280.188812,25.486855,-86.52,46.615645,12743.427277,20020706_065728
4,KMQT20020706_110320,59,0.061,456.96,282.025116,32.992202,-86.52,46.607377,16496.100842,20020706_070320
6,KMQT20020706_105137,47,0.107,296.77,72.389465,26.003296,-87.57,47.554797,13001.647949,20020706_065137
6,KMQT20020706_105728,53,0.503,297.56,72.704298,34.479244,-87.56,47.553382,17239.621948,20020706_065728
6,KMQT20020706_110320,59,0.919,302.04,76.336735,34.514690,-87.53,47.537047,17257.344994,20020706_070320
6,KMQT20020706_110913,65,0.930,304.14,79.712645,36.701173,-87.52,47.521863,18350.586543,20020706_070913
6,KMQT20020706_111505,71,0.868,315.56,91.294434,32.127098,-87.45,47.469734,16063.549042,20020706_071505
6,KMQT20020706_112057,76,0.826,318.47,96.138704,34.879908,-87.43,47.447930,17439.953902,20020706_072057
6,KMQT20020706_112648,82,0.766,318.58,99.623394,34.800292,-87.43,47.432258,17400.146168,20020706_072648
6,KMQT20020706_113241,88,0.618,322.70,103.108970,37.000923,-87.40,47.416550,18500.461409,20020706_073241
3,KMQT20020706_101627,12,0.845,425.39,230.144775,24.153580,-86.73,46.842366,12076.789856,20020706_061627
3,KMQT20020706_102218,18,0.824,429.92,235.498790,26.288772,-86.70,46.818071,13144.385777,20020706_062218
10,KMQT20020706_112648,82,0.905,473.63,316.130432,24.741989,-86.42,46.452968,12370.994568,20020706_072648
10,KMQT20020706_113241,88,0.924,475.90,318.929345,28.841428,-86.40,46.440233,14420.713766,20020706_073241
1,KMQT20020706_093525,-29,0.081,385.98,487.222046,10.986498,-87.00,45.687586,5493.248940,20020706_053525
2,KMQT20020706_094708,-17,0.066,437.60,421.623840,30.489311,-86.66,45.980555,15244.655609,20020706_054708
5,KMQT20020706_104545,41,0.627,368.08,433.797546,25.700871,-87.11,45.928415,12850.435257,20020706_064545
5,KMQT20020706_105137,47,-1.000,368.08,433.797546,35.240871,-87.11,45.928415,17620.435257,20020706_065137
5,KMQT20020706_105728,53,0.098,370.26,418.442047,25.723270,-87.09,45.997433,12861.635208,20020706_065728
1,KMQT20020707_093837,-27,0.698,416.94,364.170654,10.968628,-86.79,46.239945,5484.313965,20020707_053837
1,KMQT20020707_094430,-21,0.533,416.98,363.936540,16.253051,-86.79,46.240996,8126.525572,20020707_054430
1,KMQT20020708_094129,-24,0.167,288.74,323.753418,15.633293,-87.62,46.424244,7816.646576,20020708_054129
2,KMQT20020708_094721,-18,0.077,316.91,395.047577,21.393120,-87.44,46.103522,10696.559906,20020708_054721
3,KMQT20020708_094721,-18,0.051,475.21,274.212311,31.686905,-86.40,46.641386,15843.452454,20020708_054721
4,KMQT20020708_110930,64,0.064,184.99,326.043884,14.130535,-88.30,46.411516,7065.267563,20020708_070930
1,KMQT20020714_104458,33,0.457,338.58,12.774170,15.947609,-87.29,47.822607,7973.804474,20020714_064458
1,KMQT20020714_105449,43,0.573,342.17,19.650591,28.075810,-87.27,47.791628,14037.905034,20020714_065449
1,KMQT20020714_110440,53,0.530,353.04,32.176110,30.965283,-87.19,47.735104,15482.641385,20020714_070440
3,KMQT20020714_112423,73,0.683,385.40,86.018372,14.616219,-86.98,47.492122,7308.109283,20020714_072423
6,KMQT20020721_105727,39,0.076,349.84,293.142212,43.042892,-87.22,46.561494,21521.446228,20020721_065727
6,KMQT20020721_110229,44,0.274,353.12,290.894723,47.926177,-87.20,46.571541,23963.088509,20020721_070229
6,KMQT20020721_110731,49,0.833,363.60,286.437527,44.705479,-87.13,46.591361,22352.739366,20020721_070731
6,KMQT20020721_111232,54,0.088,377.47,281.844151,43.590484,-87.04,46.611657,21795.241925,20020721_071232
3,KMQT20020721_101105,-7,0.074,169.81,256.812622,35.856964,-88.40,46.722200,17928.482056,20020721_061105
3,KMQT20020721_101607,-2,0.084,172.41,255.808866,41.625441,-88.38,46.726839,20812.720379,20020721_061607
3,KMQT20020721_102109,3,0.275,171.46,277.158539,11.157642,-88.39,46.630774,5578.821182,20020721_062109
3,KMQT20020721_102611,8,0.077,181.86,280.273926,9.149406,-88.32,46.617240,4574.703217,20020721_062611
1,KMQT20020721_095059,-28,0.066,431.35,229.010681,78.427368,-86.69,46.847180,39213.684082,20020721_055059
1,KMQT20020721_095600,-22,0.057,453.34,203.974365,62.225586,-86.54,46.958602,31112.792969,20020721_055600
1,KMQT20020722_100038,-19,0.153,478.37,220.235168,23.777931,-86.38,46.883920,11888.965607,20020722_060038
1,KMQT20020722_100630,-13,0.156,481.40,217.896865,31.145220,-86.36,46.894232,15572.610215,20020722_060630
2,KMQT20020722_100630,-13,0.136,355.62,321.000519,17.838722,-87.19,46.436077,8919.361115,20020722_060630
2,KMQT20020722_101221,-7,0.672,361.74,316.020976,23.535700,-87.15,46.458341,11767.849916,20020722_061221
2,KMQT20020722_101812,-1,-1.000,366.99,311.752796,29.781681,-87.11,46.477414,14890.840318,20020722_061812
2,KMQT20020722_102403,5,0.146,383.17,307.777405,23.346306,-87.01,46.494844,11673.152924,20020722_062403
6,KMQT20020722_111645,57,0.108,262.20,458.998779,15.477921,-87.79,45.815635,7738.960266,20020722_071645
6,KMQT20020722_112236,63,0.155,265.51,457.448557,23.372245,-87.77,45.822653,11686.122477,20020722_072236
5,KMQT20020722_102954,10,0.105,401.45,292.171326,21.411179,-86.89,46.564411,10705.589294,20020722_062954
7,KMQT20020722_113525,76,0.074,293.17,444.005493,28.056625,-87.59,45.883335,14028.312683,20020722_073525
2,KMQT20020725_111310,51,0.061,324.76,285.753815,23.895988,-87.39,46.595074,11947.994232,20020725_071310
2,KMQT20020725_111901,57,-1.000,324.76,285.753815,33.435988,-87.39,46.595074,16717.994232,20020725_071901
2,KMQT20020725_112453,62,0.051,327.97,283.249343,34.431217,-87.37,46.606308,17215.608541,20020725_072453
1,KMQT20020725_110719,45,0.057,291.81,198.922729,22.161583,-87.60,46.985720,11080.791473,20020725_070719
3,KMQT20020725_113635,74,0.073,226.53,445.034546,22.991837,-88.02,45.877727,11495.918274,20020725_073635
4,KMQT20020725_114228,80,0.154,337.19,278.950378,33.223091,-87.31,46.625532,16611.545563,20020725_074228
1,KMQT20020726_095602,-27,0.666,166.11,344.080200,14.174034,-88.42,46.329523,7087.017059,20020726_055602
1,KMQT20020726_100154,-22,0.474,167.05,343.730542,21.894592,-88.41,46.331143,10947.295862,20020726_060154
1,KMQT20020727_101813,-6,0.069,349.39,374.887848,16.214325,-87.23,46.193809,8107.162476,20020727_061813
1,KMQT20020728_101428,-12,0.786,259.98,32.753784,31.267601,-87.82,47.732738,15633.800507,20020728_061428
1,KMQT20020728_102019,-6,0.870,266.16,39.231044,32.557243,-87.77,47.703697,16278.621370,20020728_062019
1,KMQT20020728_102610,0,0.310,272.30,42.243625,34.587359,-87.73,47.690222,17293.679711,20020728_062610
3,KMQT20020728_112551,59,0.200,375.29,35.072754,47.219009,-87.05,47.721533,23609.504700,20020728_072551
3,KMQT20020728_113142,65,0.064,380.55,36.262038,53.048466,-87.01,47.716028,26524.232841,20020728_073142
3,KMQT20020728_113733,71,0.137,400.63,41.114014,43.523026,-86.88,47.693515,21761.512756,20020728_073733
3,KMQT20020728_114325,77,0.532,408.41,41.806991,48.694135,-86.83,47.690088,24347.067725,20020728_074325
3,KMQT20020728_114917,83,0.747,428.78,43.927490,43.642151,-86.69,47.679631,21821.075439,20020728_074917
3,KMQT20020728_115510,89,0.747,430.87,47.235668,48.450036,-86.68,47.664651,24225.018081,20020728_075510
2,KMQT20020728_101428,-12,0.051,236.40,283.496735,15.812489,-87.96,46.604588,7906.244278,20020728_061428
7,KMQT20020729_114149,74,0.051,404.68,271.230896,27.107002,-86.86,46.658470,13553.501129,20020729_074149
7,KMQT20020729_114651,79,0.153,404.91,270.969629,33.967703,-86.86,46.659636,16983.851387,20020729_074651
7,KMQT20020729_115152,84,0.088,409.42,267.033176,37.489714,-86.83,46.677161,18744.857087,20020729_075152
4,KMQT20020729_102620,-1,0.077,22.86,293.265259,28.102486,-89.36,46.547135,14051.242828,20020729_062620
4,KMQT20020729_103122,4,0.152,23.97,292.177084,34.808088,-89.35,46.552142,17404.044137,20020729_063122
1,KMQT20020729_100111,-26,0.773,253.59,281.332733,11.862587,-87.85,46.614673,5931.293488,20020729_060111
2,KMQT20020729_100613,-21,0.166,153.95,334.907715,16.041378,-88.50,46.370149,8020.689011,20020729_060613
3,KMQT20020729_102119,-6,0.053,375.38,284.805908,26.901039,-87.06,46.598395,13450.519562,20020729_062119
5,KMQT20020729_104628,19,0.166,52.53,274.829437,30.737137,-89.16,46.632926,15368.568420,20020729_064628
6,KMQT20020729_105130,24,0.131,314.58,410.226929,13.903782,-87.45,46.035254,6951.890945,20020729_065130
1,KMQT20020731_100237,-27,0.064,378.45,495.043610,10.816349,-87.05,45.652626,5408.174515,20020731_060237
2,KMQT20020731_112442,55,0.145,400.28,523.358276,33.977211,-86.91,45.524543,16988.605499,20020731_072442
3,KMQT20020731_114220,73,0.105,27.84,398.286804,29.536739,-89.31,46.075397,14768.369675,20020731_074220
1,KMQT20020801_110059,30,0.173,95.98,304.048645,23.510710,-88.88,46.505175,11755.354881,20020801_070059
1,KMQT20020803_115658,83,0.060,106.84,277.210144,13.673553,-88.81,46.626674,6836.776733,20020803_075658
3,KMQT20020804_103421,0,0.449,174.39,423.850403,14.404350,-88.36,45.971118,7202.175140,20020804_063421
3,KMQT20020804_104013,6,0.198,175.29,423.534762,21.759056,-88.35,45.972580,10879.528219,20020804_064013
3,KMQT20020804_104604,12,0.217,177.58,421.207573,23.146959,-88.34,45.983151,11573.479660,20020804_064604
2,KMQT20020804_102237,-12,0.151,168.78,424.534607,10.545963,-88.39,45.967777,5272.981644,20020804_062237
2,KMQT20020804_102830,-6,0.082,169.48,424.433940,18.237043,-88.39,45.968263,9118.521516,20020804_062830
5,KMQT20020804_104604,12,0.416,373.49,299.390991,24.391075,-87.07,46.532847,12195.537567,20020804_064604
5,KMQT20020804_105155,17,0.796,377.49,301.137154,27.482669,-87.04,46.524881,13741.334673,20020804_065155
1,KMQT20020804_101054,-24,0.245,238.65,312.702026,6.621384,-87.95,46.473279,3310.691833,20020804_061054
4,KMQT20020804_104013,6,0.095,361.17,297.037842,27.719757,-87.15,46.543739,13859.878540,20020804_064013
6,KMQT20020804_115031,76,0.069,342.34,430.619446,17.263550,-87.28,45.943231,8631.774902,20020804_075031
1,KMQT20020809_102120,-19,0.056,31.15,346.740509,14.659971,-89.29,46.307519,7329.985619,20020809_062120
1,KMQT20020812_105342,9,0.118,211.54,534.983765,40.375992,-88.11,45.472649,20187.995911,20020812_065342
1,KMQT20020812_105933,15,0.054,213.33,534.300571,46.697801,-88.10,45.475779,23348.900448,20020812_065933
1,KMQT20020812_110524,21,0.169,224.10,528.583313,40.914211,-88.03,45.501816,20457.105637,20020812_070524
3,KMQT20020812_120359,79,0.303,241.27,497.277802,28.133362,-87.93,45.643067,14066.680908,20020812_080359
3,KMQT20020812_120950,85,0.653,244.96,495.691566,34.957504,-87.90,45.650280,17478.751857,20020812_080950
21,KMQT20020813_114304,58,0.638,313.44,390.410309,21.480801,-87.46,46.124401,10740.400314,20020813_074304
21,KMQT20020813_114855,63,0.732,315.29,386.405335,26.841526,-87.45,46.142407,13420.763191,20020813_074855
21,KMQT20020813_115446,69,0.322,322.97,380.126955,27.407744,-87.40,46.170594,13703.872011,20020813_075446
21,KMQT20020813_120037,75,0.145,332.97,368.996155,23.930515,-87.33,46.220560,11965.257645,20020813_080037
1,KMQT20020813_102106,-24,0.184,340.69,379.822113,11.427956,-87.28,46.171758,5713.977814,20020813_062106
1,KMQT20020813_102657,-19,0.167,340.15,379.169176,20.741513,-87.29,46.174703,10370.756340,20020813_062657
4,KMQT20020813_104432,-1,0.203,95.59,349.401062,29.738558,-88.88,46.301186,14869.278908,20020813_064432
4,KMQT20020813_105024,5,0.166,99.20,346.645043,35.534395,-88.85,46.313850,17767.197292,20020813_065024
4,KMQT20020813_105615,11,-1.000,102.28,344.282741,41.865112,-88.83,46.324702,20932.555907,20020813_065615
4,KMQT20020813_110206,17,0.221,126.09,327.076538,28.472641,-88.68,46.403721,14236.320496,20020813_070206
4,KMQT20020813_110757,22,0.053,127.74,326.039229,35.505930,-88.67,46.408492,17752.964971,20020813_070757
5,KMQT20020813_104432,-1,0.052,277.78,405.348480,20.240082,-87.69,46.057147,10120.040894,20020813_064432
5,KMQT20020813_105024,5,0.109,278.23,404.348999,27.380744,-87.69,46.061647,13690.371786,20020813_065024
5,KMQT20020813_105615,11,0.064,298.22,387.866150,12.130356,-87.56,46.135878,6065.177917,20020813_065615
5,KMQT20020813_110206,17,-1.000,298.22,387.866150,21.670356,-87.56,46.135878,10835.177917,20020813_070206
5,KMQT20020813_110757,22,0.077,295.16,389.439660,27.760189,-87.58,46.128796,13880.094548,20020813_070757
15,KMQT20020813_112531,40,0.824,288.27,413.971985,23.748600,-87.62,46.018421,11874.300003,20020813_072531
15,KMQT20020813_113122,46,0.692,292.24,409.912591,28.388033,-87.60,46.036696,14194.016393,20020813_073122
15,KMQT20020813_113713,52,0.930,299.73,399.856110,24.459717,-87.55,46.081944,12229.858398,20020813_073713
16,KMQT20020813_112531,40,0.313,415.16,290.737366,13.968285,-86.80,46.570308,6984.142303,20020813_072531
16,KMQT20020813_113122,46,0.534,418.86,288.271588,19.381575,-86.77,46.581238,9690.787750,20020813_073122
18,KMQT20020813_112531,40,0.052,165.07,287.835205,24.812534,-88.43,46.582442,12406.267166,20020813_072531
18,KMQT20020813_113122,46,0.080,163.31,291.314969,36.216205,-88.44,46.566703,18108.102686,20020813_073122
18,KMQT20020813_113713,52,0.051,185.83,274.434509,22.324223,-88.29,46.643675,11162.111282,20020813_073713
18,KMQT20020813_114304,58,-1.000,185.83,274.434509,31.864223,-88.29,46.643675,15932.111282,20020813_074304
18,KMQT20020813_114855,63,0.169,200.07,264.766113,25.651665,-88.20,46.687727,12825.832367,20020813_074855
22,KMQT20020813_114304,58,0.127,341.75,335.928009,16.256027,-87.28,46.369183,8128.013611,20020813_074304
22,KMQT20020813_114855,63,0.107,342.54,333.692451,23.053822,-87.27,46.379226,11526.911166,20020813_074855
22,KMQT20020813_115446,69,0.668,351.90,320.713257,20.186485,-87.21,46.437443,10093.242645,20020813_075446
22,KMQT20020813_120037,75,0.530,354.49,318.436043,27.200435,-87.19,46.447635,13600.217460,20020813_080037
2,KMQT20020813_103250,-13,0.254,254.45,418.694397,21.301224,-87.84,45.996823,10650.611877,20020813_063250
3,KMQT20020813_103841,-7,0.062,395.41,363.639435,29.409477,-86.93,46.243177,14704.738617,20020813_063841
6,KMQT20020813_105615,11,0.257,116.74,336.483398,31.753170,-88.74,46.360796,15876.585007,20020813_065615
10,KMQT20020813_110206,17,0.119,250.88,528.128845,18.184082,-87.86,45.504468,9092.041016,20020813_070206
11,KMQT20020813_110206,17,0.110,253.78,300.351196,15.729263,-87.85,46.529134,7864.631653,20020813_070206
12,KMQT20020813_111348,28,0.117,277.56,158.993835,28.955482,-87.70,47.165219,14477.741241,20020813_071348
13,KMQT20020813_111348,28,0.069,226.99,274.494202,16.056984,-88.03,46.644840,8028.491974,20020813_071348
14,KMQT20020813_111940,34,0.099,280.11,421.212036,26.423504,-87.68,45.985805,13211.751938,20020813_071940
17,KMQT20020813_112531,40,0.058,359.84,509.302734,14.486296,-87.16,45.588948,7243.147850,20020813_072531
23,KMQT20020813_114304,58,0.064,439.82,273.126282,17.024506,-86.64,46.648346,8512.252808,20020813_074304
1,KMQT20020814_101912,-28,0.198,388.48,496.487305,17.180326,-86.98,45.645827,8590.163231,20020814_061912
2,KMQT20020814_103054,-17,0.077,533.74,313.055145,34.950974,-86.03,46.462260,17475.486755,20020814_063054
1,KMQT20020815_102513,-23,0.351,423.63,84.204163,27.807915,-86.73,47.498762,13903.957367,20020815_062513
1,KMQT20020817_114012,50,0.141,283.52,406.638031,27.635052,-87.65,46.051387,13817.525864,20020817_074012
1,KMQT20020817_114604,56,0.214,287.31,403.603249,35.415811,-87.63,46.065059,17707.905738,20020817_074604
1,KMQT20020817_115156,61,0.160,306.45,392.621643,30.359634,-87.51,46.114479,15179.817200,20020817_075156
3,KMQT20020817_115156,61,0.141,402.36,459.818573,22.786623,-86.89,45.810296,11393.311501,20020817_075156
1,KMQT20020821_112232,26,0.057,273.71,177.769775,60.015102,-87.72,47.080739,30007.551193,20020821_072232
2,KMQT20020821_113415,38,0.088,262.39,417.651581,26.338749,-87.79,46.001635,13169.374466,20020821_073415
2,KMQT20020824_111919,20,0.374,276.28,97.444763,19.983902,-87.71,47.442014,9991.950989,20020824_071919
2,KMQT20020824_112911,30,0.320,283.02,101.569496,29.100162,-87.66,47.423516,14550.080981,20020824_072911
2,KMQT20020824_113903,40,0.115,305.00,116.734436,20.334496,-87.52,47.355365,10167.247772,20020824_073903
1,KMQT20020824_103954,-20,0.061,259.05,308.686218,7.986042,-87.82,46.491729,3993.021011,20020824_063954
4,KMQT20020824_113903,40,0.059,317.59,61.990356,42.415886,-87.43,47.601507,21207.942963,20020824_073903
1,KMQT20020825_105646,-5,0.107,457.31,506.559631,20.431242,-86.54,45.597444,10215.620995,20020825_065646
1,KMQT20020828_111205,8,0.069,383.44,513.050110,11.224354,-87.01,45.571476,5612.176895,20020828_071205
3,KMQT20020828_115131,47,0.069,402.00,520.297485,31.448376,-86.90,45.538249,15724.187851,20020828_075131
1,KMQT20020830_105605,-11,0.559,530.75,468.652283,36.900291,-86.07,45.762759,18450.145721,20020830_065605
1,KMQT20020830_110557,-2,0.060,530.70,467.541717,42.666306,-86.07,45.767759,21333.152953,20020830_070557
1,KMQT20020831_103851,-30,0.057,410.64,507.266144,10.783688,-86.84,45.596537,5391.843796,20020831_063851
1,KMQT20020901_104112,-29,0.055,285.60,233.298218,7.806320,-87.64,46.831085,3903.160095,20020901_064112
1,KMQT20020902_105125,-20,0.553,357.74,454.786865,29.341547,-87.18,45.834235,14670.773506,20020902_065125
1,KMQT20020902_105717,-14,0.376,360.12,450.024207,34.972047,-87.16,45.855608,17486.023644,20020902_065717
6,KMQT20020902_111452,3,0.052,387.02,416.377502,25.316978,-86.99,46.006237,12658.489227,20020902_071452
6,KMQT20020902_112044,9,0.054,388.89,413.131882,31.856514,-86.97,46.020776,15928.256837,20020902_072044
2,KMQT20020902_105125,-20,0.060,430.34,282.360870,14.576378,-86.70,46.607290,7288.188934,20020902_065125
3,KMQT20020902_105125,-20,0.057,92.30,375.777557,5.211704,-88.89,46.182312,2605.852127,20020902_065125
4,KMQT20020902_110308,-8,0.102,410.81,339.123138,14.118298,-86.83,46.352863,7059.148788,20020902_070308
5,KMQT20020902_110900,-2,0.306,94.37,381.772644,19.341230,-88.88,46.155507,9670.615196,20020902_070900
1,KMQT20020903_111841,6,0.071,369.74,329.090881,3.797035,-87.09,46.399359,1898.517609,20020903_071841
1,KMQT20020903_112833,16,0.465,374.35,329.073592,14.494925,-87.06,46.399314,7247.462709,20020903_072833
1,KMQT20020903_113824,26,0.455,379.55,329.224162,14.166458,-87.03,46.398489,7083.228986,20020903_073824
3,KMQT20020903_121747,65,0.071,157.70,244.826233,81.772270,-88.48,46.775492,40886.135101,20020903_081747
3,KMQT20020903_122737,75,-1.000,157.70,244.826233,97.672270,-88.48,46.775492,48836.135101,20020903_082737
3,KMQT20020903_123728,85,0.051,159.63,271.225184,97.499622,-88.47,46.656867,48749.810921,20020903_083728
1,KMQT20020905_110304,-12,0.132,431.21,142.642761,24.111221,-86.68,47.235601,12055.610657,20020905_070304
1,KMQT20020906_105648,-20,0.057,71.54,329.725769,62.383064,-89.03,46.387745,31191.532135,20020906_065648
1,KMQT20020906_110239,-14,0.078,71.87,328.973654,69.323806,-89.03,46.391155,34661.902925,20020906_070239
1,KMQT20020906_110831,-8,0.215,77.99,323.344353,68.360017,-88.99,46.416980,34180.008301,20020906_070831
1,KMQT20020906_111424,-2,0.112,104.16,320.185425,54.076378,-88.82,46.433211,27038.188934,20020906_071424
4,KMQT20020906_110831,-8,0.060,200.03,287.426758,45.673378,-88.20,46.585806,22836.688995,20020906_070831
4,KMQT20020906_111424,-2,0.086,204.27,287.485853,50.992132,-88.17,46.585694,25496.066171,20020906_071424
2,KMQT20020906_110239,-14,0.124,348.46,274.761566,43.033653,-87.23,46.644193,21516.826630,20020906_070239
3,KMQT20020906_110239,-14,0.056,511.20,502.326965,27.871622,-86.19,45.612874,13935.811043,20020906_070239
6,KMQT20020906_114934,33,0.060,91.36,217.952332,9.585529,-88.92,46.891992,4792.764664,20020906_074934
7,KMQT20020906_120118,45,0.056,434.57,239.948669,56.803970,-86.67,46.797828,28401.985168,20020906_080118
1,KMQT20020907_110300,-14,0.276,448.79,399.738861,8.495029,-86.59,46.078405,4247.514725,20020907_070300
2,KMQT20020907_115218,35,0.077,369.20,327.281952,5.884338,-87.10,46.407509,2942.169189,20020907_075218
4,KMQT20020907_122153,64,0.215,194.62,255.390106,25.991455,-88.24,46.729688,12995.727539,20020907_082153
5,KMQT20020907_123145,74,0.213,370.97,327.328674,6.035240,-87.09,46.407253,3017.620087,20020907_083145
2,KMQT20020908_121133,52,0.152,383.59,505.868378,20.855640,-87.01,45.603779,10427.820206,20020908_081133
2,KMQT20020908_121726,58,0.150,384.09,505.830413,29.696189,-87.01,45.603935,14848.094598,20020908_081726
2,KMQT20020908_122318,64,0.155,386.51,506.693987,32.765412,-86.99,45.599975,16382.705755,20020908_082318
1,KMQT20020908_104923,-30,0.063,255.87,208.501770,1.830692,-87.84,46.942285,915.346146,20020908_064923
1,KMQT20020909_112955,9,0.074,519.09,476.785858,50.162773,-86.14,45.727134,25081.386566,20020909_072955
2,KMQT20020910_110223,-19,0.100,301.35,403.567566,8.448872,-87.54,46.065249,4224.435806,20020910_070223
2,KMQT20020910_110814,-13,0.311,306.81,401.518314,14.183758,-87.50,46.074459,7091.878918,20020910_070814
1,KMQT20020910_105631,-25,0.119,289.65,373.267242,11.412365,-87.62,46.201528,5706.182480,20020910_065631
4,KMQT20020910_114917,28,0.070,180.68,325.564819,53.883636,-88.32,46.413483,26941.818237,20020910_074917
1,KMQT20020911_110037,-22,0.051,399.38,515.179199,17.264351,-86.91,45.561369,8632.175446,20020911_070037
1,KMQT20020913_124859,83,0.248,325.38,495.951782,25.844168,-87.39,45.649543,12922.083855,20020913_084859
3,KMQT20020914_115809,32,0.411,353.83,331.263062,7.842232,-87.20,46.389952,3921.115875,20020914_075809
3,KMQT20020914_120401,38,0.359,355.23,331.544989,17.104991,-87.19,46.388656,8552.495563,20020914_080401
3,KMQT20020914_120953,43,0.117,364.92,326.888554,19.509909,-87.13,46.409385,9754.954603,20020914_080953
3,KMQT20020914_121546,49,0.083,376.93,321.016396,18.830734,-87.05,46.435482,9415.366895,20020914_081546
6,KMQT20020914_123322,67,0.149,24.14,355.034790,23.364586,-89.34,46.269517,11682.292938,20020914_083322
6,KMQT20020914_123914,73,0.190,25.30,354.698529,29.785471,-89.33,46.271147,14892.735304,20020914_083914
1,KMQT20020914_105934,-27,0.126,286.29,121.215027,16.723831,-87.64,47.335184,8361.915588,20020914_065934
2,KMQT20020914_114626,20,0.054,409.04,82.478638,18.061996,-86.82,47.507167,9030.998230,20020914_074626
5,KMQT20020914_122137,55,0.054,384.33,357.514862,10.791882,-87.00,46.271093,5395.940781,20020914_082137
1,KMQT20020917_115102,21,0.101,103.26,235.086060,76.571747,-88.84,46.815847,38285.873413,20020917_075102
1,KMQT20020917_120054,30,0.081,104.67,236.054676,86.644292,-88.83,46.811594,43322.146007,20020917_080054
1,KMQT20020918_111358,-18,0.081,276.08,293.388367,10.704948,-87.70,46.560742,5352.474213,20020918_071358
2,KMQT20020918_113341,2,0.058,104.13,268.959625,8.558727,-88.83,46.663580,4279.363632,20020918_073341
3,KMQT20020918_120315,32,0.065,238.31,298.642120,27.763725,-87.95,46.536511,13881.862640,20020918_080315
1,KMQT20020920_124404,70,0.694,179.76,579.791138,21.919552,-88.31,45.269877,10959.775925,20020920_084404
1,KMQT20020920_124955,75,0.477,179.20,576.629163,30.088515,-88.32,45.284078,15044.257631,20020920_084955
1,KMQT20020920_125546,81,0.696,184.21,568.607227,32.824652,-88.29,45.320379,16412.326041,20020920_085546
1,KMQT20020920_130138,87,0.167,188.84,559.498090,33.840092,-88.26,45.361548,16920.045832,20020920_090138
2,KMQT20020922_115316,17,0.095,241.41,101.147156,14.191891,-87.94,47.424819,7095.945358,20020922_075316
2,KMQT20020922_115908,23,0.699,241.31,99.079904,23.748401,-87.94,47.434114,11874.200519,20020922_075908
2,KMQT20020922_120459,28,0.641,247.59,98.119492,26.036456,-87.90,47.438565,13018.227900,20020922_080459
2,KMQT20020922_121051,34,0.764,252.81,94.438504,25.836805,-87.86,47.455218,12918.402448,20020922_081051
2,KMQT20020922_121642,40,0.241,258.97,94.651926,27.224660,-87.82,47.454361,13612.330032,20020922_081642
3,KMQT20020922_124600,70,0.403,227.71,121.447632,25.037323,-88.03,47.333184,12518.661499,20020922_084600
3,KMQT20020922_125152,75,0.166,231.11,121.137123,30.180923,-88.00,47.334672,15090.461583,20020922_085152
4,KMQT20020922_124600,70,0.056,455.14,77.248535,8.937828,-86.52,47.528370,4468.914032,20020922_084600
1,KMQT20020923_120326,25,0.057,319.41,174.909393,22.558319,-87.42,47.093663,11279.159546,20020923_080326
2,KMQT20020923_124426,66,0.200,527.86,219.357269,48.137276,-86.05,46.884104,24068.637848,20020923_084426
2,KMQT20020923_125017,72,-1.000,527.86,219.357269,57.677276,-86.05,46.884104,28838.637848,20020923_085017
2,KMQT20020923_125609,78,0.116,537.64,229.983826,45.389145,-85.99,46.835468,22694.572449,20020923_085609
10,KMQT20020924_124334,64,0.104,373.22,319.125061,20.958900,-87.07,46.444093,10479.450226,20020924_084334
10,KMQT20020924_124926,70,0.765,372.76,321.188564,24.686235,-87.07,46.434823,12343.117518,20020924_084926
10,KMQT20020924_125517,76,0.123,377.64,324.602610,24.125596,-87.04,46.419331,12062.798040,20020924_085517
4,KMQT20020924_120826,29,0.111,209.04,277.965698,26.262184,-88.14,46.628679,13131.092072,20020924_080826
4,KMQT20020924_121418,35,0.293,206.49,279.297201,33.911160,-88.16,46.622603,16955.579849,20020924_081418
5,KMQT20020924_122010,41,0.338,391.96,329.056152,15.412788,-86.95,46.398850,7706.394196,20020924_082010
5,KMQT20020924_122601,47,0.182,390.87,327.930931,23.623560,-86.96,46.403948,11811.780019,20020924_082601
6,KMQT20020924_122010,41,0.196,368.76,246.879333,18.764786,-87.10,46.769157,9382.392883,20020924_082010
6,KMQT20020924_122601,47,0.112,370.22,247.503522,25.978521,-87.09,46.766311,12989.260561,20020924_082601
6,KMQT20020924_123152,52,0.353,368.05,256.883850,15.589943,-87.10,46.724177,7794.971466,20020924_083152
6,KMQT20020924_123743,58,0.270,369.24,257.302394,22.099689,-87.10,46.722264,11049.844397,20020924_083743
9,KMQT20020924_123152,52,0.060,500.41,329.633057,15.182251,-86.25,46.390387,7591.125488,20020924_083152
9,KMQT20020924_123743,58,0.154,500.02,325.520370,27.071067,-86.25,46.408912,13535.533517,20020924_083743
11,KMQT20020924_124334,64,0.051,493.41,198.119171,24.352768,-86.28,46.982326,12176.383972,20020924_084334
11,KMQT20020924_124926,70,0.054,492.75,199.343697,32.136408,-86.28,46.976868,16068.203932,20020924_084926
1,KMQT20020924_110949,-30,0.213,148.51,314.936615,36.475655,-88.53,46.459672,18237.827301,20020924_070949
2,KMQT20020924_112132,-18,0.387,443.33,182.978241,21.239403,-86.61,47.053582,10619.701385,20020924_072132
3,KMQT20020924_114500,6,0.147,404.77,303.292358,16.802757,-86.87,46.514264,8401.378632,20020924_074500
4,KMQT20020925_123254,52,0.297,178.92,59.863281,8.839622,-88.35,47.608338,4419.811249,20020925_083254
4,KMQT20020925_123845,58,0.336,181.62,62.651038,19.699583,-88.34,47.595925,9849.791716,20020925_083845
4,KMQT20020925_124436,64,0.273,187.65,68.242746,32.050296,-88.29,47.571045,16025.147781,20020925_084436
1,KMQT20020925_115152,11,0.162,385.38,225.354980,59.947922,-86.99,46.865485,29973.960876,20020925_075152
1,KMQT20020925_115744,17,0.090,384.74,227.983329,69.133874,-86.99,46.853685,34566.936911,20020925_075744
1,KMQT20020925_120335,23,0.168,403.07,231.935272,57.098930,-86.87,46.835267,28549.465179,20020925_080335
1,KMQT20020925_120927,29,0.070,410.26,232.855264,62.480313,-86.83,46.830842,31240.156322,20020925_080927
2,KMQT20020925_115744,17,0.149,28.67,225.868103,38.731632,-89.33,46.850767,19365.816116,20020925_075744
1,KMQT20020926_122019,38,0.160,39.72,135.890381,52.467327,-89.27,47.256421,26233.663559,20020926_082019
1,KMQT20020926_122610,44,0.095,39.86,136.290804,60.454439,-89.27,47.254634,30227.219302,20020926_082610
1,KMQT20020926_123202,50,-1.000,39.98,136.634024,68.663391,-89.27,47.253102,34331.695654,20020926_083202
1,KMQT20020926_123753,55,0.051,55.98,131.090976,66.822906,-89.16,47.279548,33411.453109,20020926_083753
2,KMQT20020926_124344,61,0.079,457.32,83.800537,33.921600,-86.50,47.498779,16960.800171,20020926_084344
1,KMQT20020928_112723,-17,0.068,16.02,394.236664,23.411280,-89.38,46.092401,11705.639839,20020928_072723
2,KMQT20020928_113714,-7,0.165,239.45,86.916016,11.444180,-87.95,47.488775,5722.089767,20020928_073714
3,KMQT20020928_114706,3,0.347,73.76,86.884399,38.061146,-89.05,47.479891,19030.572891,20020928_074706
4,KMQT20020928_115657,12,0.088,194.24,82.534363,4.994770,-88.25,47.507050,2497.385025,20020928_075657
5,KMQT20020928_115657,12,0.060,26.04,242.814270,29.041862,-89.34,46.774306,14520.931244,20020928_075657
1,KMQT20020929_125510,69,0.054,209.36,507.637970,20.826260,-88.13,45.595596,10413.129807,20020929_085510
1,KMQT20020930_113204,-15,0.081,168.99,37.613892,25.906883,-88.42,47.707910,12953.441620,20020930_073204
2,KMQT20020930_113706,-10,0.128,305.62,390.187195,6.891876,-87.51,46.125432,3445.938110,20020930_073706
3,KMQT20020930_115714,10,0.095,206.61,532.568359,22.255167,-88.15,45.483352,11127.583504,20020930_075714
1,KMQT20021002_112704,-23,0.082,353.26,428.194336,7.931889,-87.20,45.953949,3965.944290,20021002_072704
2,KMQT20021002_121400,24,0.068,387.74,278.791443,19.842239,-86.98,46.625072,9921.119690,20021002_081400
1,KMQT20021004_120714,15,0.052,266.00,133.418640,17.794876,-87.77,47.280117,8897.438049,20021004_080714
2,KMQT20021004_125409,62,0.090,193.97,559.361877,32.279999,-88.22,45.362362,16139.999390,20021004_085409
3,KMQT20021005_115937,5,0.145,154.81,329.903290,31.810211,-88.49,46.392704,15905.105591,20021005_075937
3,KMQT20021005_120527,11,0.735,160.21,332.527657,34.961402,-88.46,46.381185,17480.701179,20021005_080527
3,KMQT20021005_121119,17,0.671,169.27,334.765615,33.305055,-88.40,46.371572,16652.527461,20021005_081119
3,KMQT20021005_121711,23,0.791,176.82,342.517266,30.156784,-88.35,46.337062,15078.392071,20021005_081711
3,KMQT20021005_122302,29,0.689,183.66,343.451579,34.042506,-88.30,46.333162,17021.253212,20021005_082302
3,KMQT20021005_122853,34,0.051,190.86,347.480971,33.955630,-88.26,46.315339,16977.814972,20021005_082853
3,KMQT20021005_123445,40,0.391,197.29,358.623657,29.792770,-88.21,46.265471,14896.385193,20021005_083445
3,KMQT20021005_124038,46,0.453,201.46,360.112388,35.152495,-88.19,46.258930,17576.247661,20021005_084038
3,KMQT20021005_124629,52,0.129,210.93,365.623047,28.756676,-88.13,46.234470,14378.337860,20021005_084629
1,KMQT20021005_113017,-24,0.052,248.24,105.234131,8.859764,-87.89,47.406582,4429.882050,20021005_073017
1,KMQT20021005_113609,-18,0.092,248.74,105.236621,17.182151,-87.89,47.406581,8591.075663,20021005_073609
1,KMQT20021005_114200,-12,0.060,251.35,104.583620,21.432422,-87.87,47.409567,10716.211083,20021005_074200
2,KMQT20021005_113609,-18,0.294,273.23,343.432648,18.291504,-87.72,46.335616,9145.751953,20021005_073609
2,KMQT20021005_114200,-12,0.147,275.78,345.997176,24.621583,-87.71,46.324105,12310.791626,20021005_074200
6,KMQT20021005_122302,29,0.073,450.09,286.206970,36.958954,-86.57,46.588962,18479.476929,20021005_082302
6,KMQT20021005_122853,34,0.060,451.52,286.210378,43.539937,-86.56,46.588866,21769.968270,20021005_082853
9,KMQT20021005_130405,70,0.056,450.75,516.152283,19.341026,-86.58,45.554660,9670.513153,20021005_090405
9,KMQT20021005_130956,75,0.173,451.70,516.076571,26.127400,-86.58,45.554949,13063.699847,20021005_090956
4,KMQT20021005_120527,11,0.051,354.49,507.580200,30.471188,-87.20,45.596808,15235.593796,20021005_080527
5,KMQT20021005_121711,23,0.055,330.26,468.826111,27.400728,-87.35,45.771521,13700.364113,20021005_081711
1,KMQT20021006_112808,-27,0.244,527.18,514.003723,39.624931,-86.09,45.559083,19812.465668,20021006_072808
1,KMQT20021006_113401,-21,-1.000,527.18,514.003723,49.164931,-86.09,45.559083,24582.465668,20021006_073401
1,KMQT20021006_113954,-16,0.115,526.98,498.470491,51.222943,-86.09,45.628963,25611.471740,20021006_073954
1,KMQT20021006_114546,-10,0.398,539.24,476.870199,49.621630,-86.01,45.725072,24810.814753,20021006_074546
2,KMQT20021006_114546,-10,0.104,280.30,206.752441,20.150009,-87.68,46.950445,10075.004578,20021006_074546
3,KMQT20021006_131348,78,0.151,274.32,186.500244,25.542282,-87.72,47.041480,12771.141052,20021006_091348
1,KMQT20021007_124421,48,0.184,383.31,320.451752,28.928417,-87.01,46.437833,14464.208603,20021007_084421
1,KMQT20021007_125413,58,0.115,388.53,328.878084,35.646795,-86.97,46.399766,17823.397538,20021007_085413
1,KMQT20021007_130403,68,0.071,406.97,344.414734,26.479198,-86.85,46.329217,13239.599228,20021007_090403
1,KMQT20021008_114900,-9,0.073,448.26,578.316040,32.593372,-86.60,45.275157,16296.686172,20021008_074900
2,KMQT20021008_122410,26,0.055,502.33,224.526215,59.590828,-86.22,46.862916,29795.413971,20021008_082410
3,KMQT20021008_125329,55,0.054,68.06,443.586731,42.930630,-89.04,45.875391,21465.314865,20021008_085329
2,KMQT20021009_114317,-16,0.104,367.41,247.717102,32.716194,-87.11,46.765423,16358.097076,20021009_074317
2,KMQT20021009_115309,-6,0.052,369.27,249.466423,45.275471,-87.09,46.757507,22637.735387,20021009_075309
1,KMQT20021009_113325,-26,0.078,509.87,232.166077,12.964638,-86.17,46.827979,6482.318878,20021009_073325
3,KMQT20021009_115309,-6,0.055,466.40,299.548309,38.750641,-86.46,46.528001,19375.320435,20021009_075309
4,KMQT20021009_121251,13,0.173,533.97,242.814056,22.068741,-86.02,46.778100,11034.370422,20021009_081251
1,KMQT20021010_124242,42,0.571,265.95,66.130859,24.187786,-87.77,47.582724,12093.893051,20021010_084242
2,KMQT20021010_124832,48,0.065,516.72,443.510773,28.620094,-86.15,45.876981,14310.047150,20021010_084832
3,KMQT20021010_130608,66,0.100,25.90,408.449677,30.757492,-89.32,46.029501,15378.746033,20021010_090608
2,KMQT20021011_121116,9,0.071,293.16,515.019104,18.475512,-87.59,45.563874,9237.755775,20021011_081116
2,KMQT20021011_122108,19,0.270,280.91,512.930519,29.790662,-87.67,45.573212,14895.331066,20021011_082108
2,KMQT20021011_123059,28,0.064,267.23,512.736411,38.650681,-87.76,45.573956,19325.340686,20021011_083059
1,KMQT20021011_120124,-1,0.425,531.19,468.043030,45.944160,-86.06,45.765463,22972.080231,20021011_080124
1,KMQT20021011_121116,9,0.122,529.40,472.357766,60.006859,-86.07,45.746207,30003.429320,20021011_081116
1,KMQT20021012_114550,-18,0.057,77.66,317.100800,29.086281,-89.00,46.445031,14543.140411,20021012_074550
2,KMQT20021013_121351,9,0.173,170.22,276.140259,29.203865,-88.40,46.635294,14601.932526,20021013_081351
2,KMQT20021013_121943,15,0.133,172.60,277.964118,36.444219,-88.38,46.627205,18222.109498,20021013_081943
1,KMQT20021013_120800,4,0.083,374.70,384.531128,17.693306,-87.06,46.149853,8846.652985,20021013_080800
3,KMQT20021013_131527,71,0.361,387.04,266.685669,14.237900,-86.98,46.679543,7118.949890,20021013_091527
3,KMQT20021013_132119,77,-1.000,387.04,266.685669,23.777900,-86.98,46.679543,11888.949890,20021013_092119
3,KMQT20021013_132712,83,0.056,392.73,274.535156,18.551552,-86.94,46.644048,9275.775909,20021013_092712
3,KMQT20021015_120133,-6,0.062,47.32,208.602783,53.943592,-89.21,46.930227,26971.796036,20021015_080133
3,KMQT20021015_121125,4,0.815,49.83,209.473529,60.916092,-89.19,46.926548,30458.046208,20021015_081125
3,KMQT20021015_122116,14,0.901,60.51,226.080439,55.278742,-89.12,46.852856,27639.370859,20021015_082116
3,KMQT20021015_123107,24,0.904,67.70,230.738704,58.911421,-89.07,46.832544,29455.710649,20021015_083107
3,KMQT20021015_124059,33,0.839,69.91,234.921793,65.922795,-89.06,46.813924,32961.397697,20021015_084059
3,KMQT20021015_125051,43,0.364,76.76,239.479185,70.872293,-89.01,46.794012,35436.146517,20021015_085051
9,KMQT20021015_130042,53,0.137,395.11,177.864929,10.255829,-86.92,47.078740,5127.914429,20021015_090042
9,KMQT20021015_131033,63,0.222,397.12,176.519434,24.321643,-86.91,47.084718,12160.821660,20021015_091033
9,KMQT20021015_132025,73,0.914,403.09,178.800514,29.574244,-86.87,47.074235,14787.122094,20021015_092025
9,KMQT20021015_133016,83,0.850,412.46,182.233186,32.478095,-86.81,47.058417,16239.047301,20021015_093016
2,KMQT20021015_115142,-16,0.155,218.70,267.286041,25.612938,-88.08,46.677022,12806.468964,20021015_075142
2,KMQT20021015_120133,-6,0.540,221.40,271.035385,33.436018,-88.06,46.660239,16718.008821,20021015_080133
2,KMQT20021015_121125,4,0.060,227.14,280.325686,31.655792,-88.02,46.618616,15827.896136,20021015_081125
2,KMQT20021015_122116,14,0.106,232.93,301.361206,26.504543,-87.99,46.524152,13252.271652,20021015_082116
1,KMQT20021015_114150,-26,0.092,203.70,317.008911,18.971512,-88.18,46.452885,9485.755920,20021015_074150
8,KMQT20021015_130042,53,0.211,369.55,284.238953,19.183456,-87.09,46.601102,9591.728210,20021015_090042
2,KMQT20021016_122342,15,0.073,241.72,122.507843,34.379917,-87.93,47.328763,17189.958572,20021016_082342
2,KMQT20021016_123333,25,0.084,245.55,123.849361,40.206932,-87.91,47.322811,20103.465823,20021016_083333
3,KMQT20021016_131258,64,0.168,450.76,292.736298,25.351166,-86.57,46.559559,12675.582886,20021016_091258
3,KMQT20021016_132250,74,0.125,451.85,296.343884,32.756815,-86.56,46.543273,16378.407358,20021016_092250
1,KMQT20021016_115409,-14,0.166,440.01,210.282074,16.705948,-86.63,46.930968,8352.973938,20021016_075409
2,KMQT20021018_123857,27,0.204,25.98,409.241821,49.666931,-89.32,46.025946,24833.465576,20021018_083857
2,KMQT20021018_124849,37,0.241,26.54,399.415898,54.743105,-89.32,46.070188,27371.552739,20021018_084849
2,KMQT20021018_125840,47,-1.000,27.07,390.146158,60.431949,-89.31,46.111926,30215.974590,20021018_085840
2,KMQT20021018_130831,57,-1.000,27.60,380.876419,66.120793,-89.31,46.153664,33060.396442,20021018_090831
2,KMQT20021018_131823,67,-1.000,28.13,371.606679,71.809637,-89.31,46.195401,35904.818293,20021018_091823
2,KMQT20021018_132814,77,0.100,51.32,388.697143,82.419031,-89.16,46.120768,41209.515623,20021018_092814
1,KMQT20021018_121915,8,0.187,28.17,440.548096,49.082375,-89.30,45.885383,24541.187286,20021018_081915
1,KMQT20021018_122906,18,0.157,28.74,434.351145,59.708891,-89.30,45.913307,29854.445578,20021018_082906
3,KMQT20021018_125840,47,0.093,27.29,390.136353,46.075008,-89.31,46.111993,23037.504196,20021018_085840
3,KMQT20021018_130831,57,0.085,27.19,385.692067,56.538124,-89.31,46.131968,28269.062139,20021018_090831
4,KMQT20021019_123206,19,0.328,32.02,205.744934,28.347824,-89.31,46.941584,14173.912048,20021019_083206
4,KMQT20021019_124157,28,0.460,36.04,204.285064,36.564492,-89.28,46.948548,18282.245997,20021019_084157
4,KMQT20021019_125148,38,0.181,37.51,213.040621,34.537761,-89.27,46.909326,17268.880433,20021019_085148
4,KMQT20021019_130140,48,0.195,31.25,210.669220,40.728172,-89.31,46.919365,20364.086123,20021019_090140
4,KMQT20021019_131132,58,-1.000,26.43,210.095240,45.673553,-89.34,46.921456,22836.776489,20021019_091132
4,KMQT20021019_132123,68,-1.000,21.62,209.521261,50.618934,-89.38,46.923539,25309.466855,20021019_092123
4,KMQT20021019_133114,78,0.364,42.42,208.397006,54.812467,-89.24,46.930684,27406.233273,20021019_093114
4,KMQT20021019_134106,88,0.268,48.62,225.066863,55.494638,-89.20,46.856321,27747.319178,20021019_094106
1,KMQT20021019_115240,-21,0.078,336.05,425.640320,8.479385,-87.32,45.965720,4239.692688,20021019_075240
1,KMQT20021019_120232,-11,0.312,335.70,427.254129,20.006441,-87.32,45.958465,10003.220429,20021019_080232
5,KMQT20021019_131132,58,0.156,36.08,224.346558,31.928860,-89.28,46.858350,15964.429855,20021019_091132
5,KMQT20021019_132123,68,0.432,35.23,228.454772,41.556831,-89.28,46.839795,20778.415274,20021019_092123
5,KMQT20021020_132413,70,0.242,159.70,313.761292,17.123028,-88.46,46.465563,8561.513901,20021020_092413
5,KMQT20021020_133405,80,0.076,164.53,311.772706,30.404451,-88.43,46.474754,15202.225558,20021020_093405
1,KMQT20021020_125437,40,0.085,390.35,506.111084,27.791338,-86.97,45.602474,13895.668983,20021020_085437
2,KMQT20021020_130429,50,0.056,326.44,190.553772,60.519951,-87.37,47.023241,30259.975433,20021020_090429
3,KMQT20021020_130429,50,0.053,134.30,299.147827,17.626846,-88.63,46.529846,8813.423157,20021020_090429
4,KMQT20021020_131421,60,0.088,47.68,351.391479,32.754112,-89.19,46.288195,16377.056122,20021020_091421
1,KMQT20021021_115832,-17,0.235,258.75,129.553284,16.461926,-87.82,47.297398,8230.962753,20021021_075832
5,KMQT20021022_132008,63,0.151,212.42,525.046143,40.390034,-88.11,45.517383,20195.016861,20021022_092008
5,KMQT20021022_132959,72,0.202,211.26,524.031169,47.470025,-88.12,45.521911,23735.012348,20021022_092959
5,KMQT20021022_133950,82,0.081,207.35,521.987173,45.906342,-88.14,45.530978,22953.170938,20021022_093950
1,KMQT20021022_123050,13,0.225,132.28,382.965515,21.133677,-88.63,46.152746,10566.838264,20021022_083050
1,KMQT20021022_124041,23,0.306,132.23,381.896525,27.788637,-88.63,46.157552,13894.318714,20021022_084041
1,KMQT20021022_125033,33,0.085,134.78,384.917847,24.282196,-88.62,46.144118,12141.098022,20021022_085033
4,KMQT20021022_130025,43,0.106,219.44,529.557983,38.360004,-88.06,45.497299,19180.002213,20021022_090025
4,KMQT20021022_131016,53,0.222,218.54,529.479153,46.616967,-88.07,45.497628,23308.483645,20021022_091016
3,KMQT20021022_125033,33,0.064,325.71,339.308777,29.328392,-87.38,46.354176,14664.196014,20021022_085033
4,KMQT20021023_131720,59,0.201,376.24,360.006958,18.941845,-87.05,46.260123,9470.922470,20021023_091720
4,KMQT20021023_132310,65,0.111,376.16,361.336840,25.748958,-87.05,46.254143,12874.478796,20021023_092310
4,KMQT20021023_132901,71,0.087,376.32,363.198715,27.867554,-87.05,46.245764,13933.776799,20021023_092901
4,KMQT20021023_133454,76,-1.000,376.41,364.629136,30.485259,-87.05,46.239327,15242.629295,20021023_093454
4,KMQT20021023_134446,86,0.058,374.12,365.959831,30.704825,-87.07,46.233405,15352.412352,20021023_094446
1,KMQT20021023_120359,-15,0.444,318.47,271.311371,18.643234,-87.43,46.660085,9321.617126,20021023_080359
1,KMQT20021023_121351,-5,0.273,319.01,271.163380,27.171829,-87.42,46.660747,13585.914329,20021023_081351
3,KMQT20021023_125315,35,0.118,150.11,187.279480,60.229362,-88.53,47.033877,30114.681244,20021023_085315
3,KMQT20021023_131720,59,0.068,140.20,186.088702,67.636294,-88.60,47.038656,33818.147226,20021023_091720
6,KMQT20021023_133454,76,0.642,265.34,99.446259,14.891613,-87.78,47.432892,7445.806503,20021023_093454
6,KMQT20021023_134446,86,0.206,266.22,100.668761,23.226888,-87.77,47.427405,11613.444153,20021023_094446
2,KMQT20021023_121351,-5,0.054,385.69,377.648499,22.953308,-86.99,46.180488,11476.654053,20021023_081351
8,KMQT20021023_133454,76,0.076,501.74,357.499329,28.749607,-86.24,46.264966,14374.803543,20021023_093454
2,KMQT20021024_121740,-3,0.217,555.37,455.021606,23.167002,-85.91,45.821879,11583.500862,20021024_081740
2,KMQT20021024_122843,8,0.330,553.56,455.333889,32.193977,-85.92,45.820642,16096.988526,20021024_082843
2,KMQT20021024_123835,18,0.142,542.69,470.613314,43.946069,-85.99,45.752910,21973.034382,20021024_083835
2,KMQT20021024_124826,28,0.084,543.19,465.777779,43.725271,-85.98,45.774613,21862.635448,20021024_084826
2,KMQT20021024_125818,38,0.070,544.38,460.191724,41.545567,-85.98,45.799629,20772.783628,20021024_085818
4,KMQT20021024_122843,8,0.108,361.57,281.596985,13.693245,-87.15,46.613180,6846.622467,20021024_082843
4,KMQT20021024_123835,18,0.088,362.73,280.278364,21.166556,-87.14,46.619084,10583.278105,20021024_083835
1,KMQT20021024_120748,-13,0.079,409.11,437.951965,9.072971,-86.85,45.908397,4536.485672,20021024_080748
5,KMQT20021024_130812,48,0.050,367.95,274.693909,15.921738,-87.10,46.644075,7960.868835,20021024_090812
6,KMQT20021024_132754,67,0.083,430.59,283.971863,19.140350,-86.70,46.600032,9570.175171,20021024_092754
3,KMQT20021025_132828,67,0.146,30.65,506.881378,40.582893,-89.27,45.587315,20291.446686,20021025_092828
3,KMQT20021025_133819,77,0.110,35.03,510.064906,53.073996,-89.25,45.573422,26536.998072,20021025_093819
3,KMQT20021025_134810,87,0.334,44.58,496.580490,52.502798,-89.19,45.634970,26251.398809,20021025_094810
2,KMQT20021025_130845,47,0.149,378.97,574.329285,37.147358,-87.04,45.295931,18573.678970,20021025_090845
2,KMQT20021025_131837,57,0.424,384.21,571.984595,47.429700,-87.01,45.306325,23714.849909,20021025_091837
1,KMQT20021025_124903,28,0.206,527.24,425.041565,55.023117,-86.08,45.959191,27511.558533,20021025_084903
3,KMQT20021026_125150,28,0.069,233.63,303.215698,9.154903,-87.98,46.515828,4577.451706,20021026_085150
3,KMQT20021026_130141,38,0.089,237.06,303.317792,21.890731,-87.96,46.515451,10945.365503,20021026_090141
4,KMQT20021026_131133,48,0.316,348.64,198.471680,23.739883,-87.23,46.987317,11869.941711,20021026_091133
4,KMQT20021026_132125,58,0.305,351.03,200.568031,31.197742,-87.21,46.977844,15598.871229,20021026_092125
4,KMQT20021026_133115,68,0.171,362.57,199.710327,26.112564,-87.14,46.981456,13056.282043,20021026_093115
4,KMQT20021026_134107,78,0.204,366.29,199.440408,35.015119,-87.11,46.982580,17507.559653,20021026_094107
1,KMQT20021026_121226,-11,0.822,235.15,292.021606,11.495224,-87.97,46.566215,5747.612000,20021026_081226
4,KMQT20021027_122501,1,0.569,376.74,264.064941,15.826843,-87.05,46.691644,7913.421631,20021027_072501
4,KMQT20021027_123452,10,0.087,380.71,268.150736,24.495904,-87.02,46.673151,12247.951880,20021027_073452
4,KMQT20021027_124444,20,0.418,383.51,275.472345,27.309806,-87.00,46.640135,13654.902976,20021027_074444
4,KMQT20021027_125436,30,-1.000,386.49,282.367372,31.123081,-86.98,46.609029,15561.540643,20021027_075436
4,KMQT20021027_130427,40,0.161,397.49,290.840503,30.879061,-86.91,46.570543,15439.530313,20021027_080427
4,KMQT20021027_131418,50,-1.000,404.92,298.612549,32.437525,-86.86,46.535307,16218.762731,20021027_081418
4,KMQT20021027_132409,60,0.133,411.24,317.889420,32.859838,-86.82,46.448351,16429.918781,20021027_082409
4,KMQT20021027_133400,70,-1.000,418.06,331.946971,33.797581,-86.78,46.384833,16898.790388,20021027_083400
4,KMQT20021027_134351,79,0.302,419.28,345.126820,35.920941,-86.77,46.325499,17960.470423,20021027_084351
4,KMQT20021027_135343,89,0.310,425.41,352.492862,37.117328,-86.73,46.292091,18558.663898,20021027_085343
5,KMQT20021027_124444,20,0.279,299.40,123.516663,24.576935,-87.55,47.324868,12288.467407,20021027_074444
5,KMQT20021027_125436,30,0.116,304.23,129.977124,33.031848,-87.52,47.295810,16515.924146,20021027_075436
5,KMQT20021027_130427,40,0.198,307.71,143.268433,24.694176,-87.50,47.236026,12347.087860,20021027_080427
5,KMQT20021027_131418,50,-1.000,307.71,143.268433,40.594176,-87.50,47.236026,20297.087860,20021027_081418
5,KMQT20021027_132409,60,0.239,315.72,150.825958,29.878067,-87.44,47.202002,14939.033508,20021027_082409
5,KMQT20021027_133400,70,0.089,313.56,122.868896,26.742676,-87.46,47.327747,13371.337891,20021027_083400
11,KMQT20021027_130427,40,0.056,403.48,201.877136,16.553528,-86.87,46.970436,8276.763916,20021027_080427
11,KMQT20021027_131418,50,0.059,404.45,197.654333,29.793020,-86.86,46.989390,14896.509810,20021027_081418
16,KMQT20021027_134351,79,0.261,368.53,200.501007,25.690361,-87.10,46.977753,12845.180511,20021027_084351
16,KMQT20021027_135343,89,0.973,373.69,207.812050,28.713331,-87.06,46.944734,14356.665350,20021027_085343
2,KMQT20021027_120518,-19,0.140,451.88,310.514740,9.738708,-86.56,46.479538,4869.354248,20021027_070518
6,KMQT20021027_124444,20,0.189,385.02,236.778961,8.574303,-86.99,46.814117,4287.151337,20021027_074444
5,KMQT20021028_134430,79,0.055,16.15,420.065491,17.643291,-89.38,45.976269,8821.645737,20021028_084430
5,KMQT20021028_135422,89,0.436,20.34,415.863217,32.033107,-89.35,45.995598,16016.553363,20021028_085422
1,KMQT20021028_115601,-29,0.054,423.84,292.557648,12.227463,-86.74,46.561736,6113.731384,20021028_065601
2,KMQT20021028_120553,-20,0.065,276.39,409.723450,7.664848,-87.70,46.037455,3832.424164,20021028_070553
3,KMQT20021028_124520,20,0.147,442.80,302.568970,22.684723,-86.62,46.515770,11342.361450,20021028_074520
4,KMQT20021028_130504,40,0.061,276.38,213.123169,17.987518,-87.70,46.921760,8993.759155,20021028_080504
2,KMQT20021029_131803,51,0.306,28.02,200.197449,33.817207,-89.34,46.966120,16908.603668,20021029_081803
2,KMQT20021029_132755,60,0.224,27.45,201.927234,41.586335,-89.34,46.958284,20793.167284,20021029_082755
1,KMQT20021029_121854,-9,0.103,113.70,125.217834,26.154581,-88.78,47.310652,13077.290535,20021029_071854
4,KMQT20021030_124155,13,0.222,24.28,283.214539,32.805309,-89.35,46.592473,16402.654648,20021030_074155
4,KMQT20021030_125146,23,0.365,27.31,286.515407,38.965786,-89.33,46.577940,19482.893249,20021030_075146
4,KMQT20021030_130137,33,0.085,24.89,286.188823,39.536073,-89.34,46.579162,19768.036597,20021030_080137
4,KMQT20021030_131129,43,0.460,61.94,269.370608,66.641851,-89.10,46.658323,33320.925347,20021030_081129
4,KMQT20021030_132120,53,0.233,71.81,262.834230,74.688187,-89.04,46.688573,37344.093714,20021030_082120
4,KMQT20021030_133113,63,0.178,77.45,264.892209,78.227125,-89.00,46.679792,39113.562637,20021030_083113
7,KMQT20021030_133113,63,0.098,316.90,276.481567,16.622513,-87.44,46.636841,8311.256409,20021030_083113
7,KMQT20021030_134105,73,0.292,317.83,279.354704,23.907030,-87.43,46.623912,11953.514862,20021030_084105
7,KMQT20021030_135056,82,0.071,316.14,281.186202,24.659014,-87.44,46.615684,12329.507078,20021030_085056
1,KMQT20021030_120229,-26,0.051,154.00,282.892975,14.717953,-88.50,46.604092,7358.976364,20021030_070229
1,KMQT20021030_121220,-16,0.239,159.65,284.144130,22.356175,-88.46,46.598766,11178.087530,20021030_071220
1,KMQT20021030_122211,-6,0.106,153.11,288.537842,16.766987,-88.51,46.578655,8383.493423,20021030_072211
1,KMQT20021030_123203,4,0.205,155.52,287.887033,26.078484,-88.49,46.581713,13039.241755,20021030_073203
3,KMQT20021030_122211,-6,0.062,211.65,223.624664,20.118553,-88.13,46.873171,10059.276581,20021030_072211
6,KMQT20021030_125146,23,0.435,243.00,275.293091,22.220299,-87.92,46.641635,11110.149384,20021030_075146
1,KMQT20021101_133150,60,0.576,375.09,326.035980,24.651363,-87.06,46.412956,12325.681686,20021101_083150
3,KMQT20021103_122825,-6,0.052,344.19,537.537354,31.313433,-87.27,45.462224,15656.716347,20021103_072825
3,KMQT20021103_123816,4,0.467,361.99,542.449134,37.255728,-87.15,45.439785,18627.863775,20021103_073816
3,KMQT20021103_124807,14,0.315,386.70,544.694291,40.919132,-86.99,45.429020,20459.566226,20021103_074807
1,KMQT20021103_120843,-26,0.181,301.00,534.880005,25.794067,-87.54,45.474533,12897.033691,20021103_070843
1,KMQT20021103_121834,-16,0.236,312.33,532.794101,34.928630,-87.47,45.483889,17464.315173,20021103_071834
2,KMQT20021103_120843,-26,0.068,58.33,526.511658,22.902058,-89.09,45.501594,11451.028824,20021103_070843
5,KMQT20021103_125759,23,0.178,297.79,281.446655,11.583878,-87.56,46.614561,5791.938782,20021103_075759
6,KMQT20021103_131742,43,0.223,48.24,354.078186,51.674034,-89.18,46.276165,25837.017059,20021103_081742
7,KMQT20021103_132846,54,0.109,311.90,305.458374,13.021759,-87.47,46.506532,6510.879517,20021103_082846
1,KMQT20021104_122114,-15,0.162,314.66,357.913330,5.408287,-87.45,46.270573,2704.143524,20021104_072114
3,KMQT20021105_134252,65,0.152,533.38,416.021484,52.421612,-86.04,45.999240,26210.805893,20021105_084252
3,KMQT20021105_135243,75,0.086,534.79,407.952671,60.093308,-86.03,46.035407,30046.654111,20021105_085243
1,KMQT20021105_133300,56,0.134,99.27,107.348846,29.169197,-88.88,47.389943,14584.598541,20021105_083300
2,KMQT20021105_133300,56,0.080,512.12,440.932068,60.001396,-86.18,45.888940,30000.698090,20021105_083300
2,KMQT20021107_134814,68,0.258,72.03,308.789734,23.480103,-89.03,46.481936,11740.051270,20021107_084814
2,KMQT20021107_135805,78,0.125,85.18,315.537274,33.679235,-88.95,46.452671,16839.617486,20021107_085805
1,KMQT20021107_133822,58,0.087,40.99,284.622925,29.693821,-89.24,46.587801,14846.910477,20021107_083822
1,KMQT20021109_132331,40,0.072,288.74,301.308105,40.218109,-87.62,46.525203,20109.054565,20021109_082331
3,KMQT20021110_124835,4,0.084,317.34,381.343719,17.335331,-87.44,46.165163,8667.665482,20021110_074835
3,KMQT20021110_125337,9,0.870,320.60,377.769227,21.896603,-87.41,46.181219,10948.301375,20021110_075337
6,KMQT20021110_140901,85,0.115,168.24,387.533325,16.801769,-88.40,46.134182,8400.884628,20021110_090901
6,KMQT20021110_141403,90,0.063,169.23,386.483866,23.335535,-88.39,46.138951,11667.767302,20021110_091403
1,KMQT20021110_123832,-6,0.151,307.64,392.436615,13.979012,-87.50,46.115309,6989.505768,20021110_073832
2,KMQT20021110_124835,4,0.126,208.87,288.350586,55.522560,-88.14,46.581965,27761.280060,20021110_074835
4,KMQT20021110_125839,14,0.439,392.04,320.227234,19.498405,-86.95,46.438559,9749.202728,20021110_075839
5,KMQT20021110_131844,34,0.063,46.30,483.079468,45.041428,-89.18,45.695848,22520.713806,20021110_081844
2,KMQT20021114_135500,65,0.072,388.45,268.606445,16.059433,-86.97,46.670858,8029.716492,20021114_085500
2,KMQT20021114_140451,74,0.320,389.79,271.783557,23.921392,-86.96,46.656523,11960.696017,20021114_090451
1,KMQT20021114_134508,55,0.257,380.37,255.959778,18.759193,-87.02,46.727993,9379.596710,20021114_084508
3,KMQT20021115_124824,-4,0.344,305.90,373.240540,30.057476,-87.51,46.201662,15028.738022,20021115_074824
3,KMQT20021115_125815,6,0.242,313.70,374.000562,47.189073,-87.46,46.198215,23594.536303,20021115_075815
5,KMQT20021115_130807,16,0.107,284.13,317.708191,13.160995,-87.65,46.451412,6580.497742,20021115_080807
5,KMQT20021115_131800,26,0.218,282.75,320.345482,20.514965,-87.66,46.439541,10257.482491,20021115_081800
6,KMQT20021115_132751,35,0.798,158.47,266.429016,15.170364,-88.47,46.678377,7585.182190,20021115_082751
6,KMQT20021115_133742,45,0.370,155.55,268.491502,22.073873,-88.49,46.668945,11036.936522,20021115_083742
6,KMQT20021115_134734,55,0.547,149.81,272.986115,16.771973,-88.53,46.648416,8385.986328,20021115_084734
6,KMQT20021115_135725,65,0.663,149.47,276.894634,20.615000,-88.53,46.630819,10307.500110,20021115_085725
6,KMQT20021115_140717,75,0.075,149.83,278.351440,18.041515,-88.53,46.624287,9020.757675,20021115_090717
9,KMQT20021115_134734,55,0.063,215.18,213.165222,17.032845,-88.11,46.920327,8516.422272,20021115_084734
9,KMQT20021115_135725,65,0.165,215.37,215.710949,23.527558,-88.10,46.908884,11763.778945,20021115_085725
9,KMQT20021115_140717,75,0.111,213.94,220.558105,18.230202,-88.11,46.887038,9115.100861,20021115_090717
1,KMQT20021115_122841,-24,0.105,275.05,328.958923,14.782562,-87.71,46.400737,7391.281128,20021115_072841
2,KMQT20021115_123832,-14,0.123,170.74,250.530396,12.628475,-88.39,46.750499,6314.237595,20021115_073832
4,KMQT20021115_124824,-4,0.097,297.34,275.936676,31.676895,-87.57,46.639343,15838.447571,20021115_074824
7,KMQT20021115_132751,35,0.074,292.21,398.927124,41.839462,-87.60,46.086112,20919.731140,20021115_082751
1,KMQT20021117_133106,37,0.073,219.45,292.122833,58.874729,-88.07,46.565335,29437.364578,20021117_083106
1,KMQT20021117_134058,46,0.354,216.35,295.318389,64.063225,-88.09,46.550868,32031.612510,20021117_084058
1,KMQT20021117_135049,56,-1.000,213.15,298.624137,70.527186,-88.11,46.535898,35263.593129,20021117_085049
1,KMQT20021117_140039,66,0.115,214.89,302.930147,66.321880,-88.10,46.516586,33160.940141,20021117_090039
1,KMQT20021117_141031,76,0.271,211.49,306.640479,68.355642,-88.12,46.499788,34177.821007,20021117_091031
1,KMQT20021118_131331,17,0.216,17.62,177.604858,30.233059,-89.41,47.066614,15116.529465,20021118_081331
1,KMQT20021118_132322,27,0.164,22.31,177.307052,43.214246,-89.38,47.068446,21607.122839,20021118_082322
1,KMQT20021118_133313,37,0.280,30.46,189.667147,47.291891,-89.32,47.013714,23645.945692,20021118_083313
1,KMQT20021118_134305,47,0.157,35.72,208.203447,54.160224,-89.28,46.930898,27080.112096,20021118_084305
1,KMQT20021118_135256,56,0.097,37.07,213.108407,57.002795,-89.27,46.908978,28501.397650,20021118_085256
1,KMQT20021118_140247,66,0.303,40.29,215.909080,58.454807,-89.25,46.896700,29227.403314,20021118_090247
1,KMQT20021118_141241,76,0.220,47.92,209.920612,68.619330,-89.20,46.924359,34309.665135,20021118_091241
1,KMQT20021118_142233,86,0.079,52.15,214.048328,65.202756,-89.17,46.906195,32601.378052,20021118_092233
2,KMQT20021118_134305,47,0.066,404.51,477.523926,15.855280,-86.88,45.730570,7927.639961,20021118_084305
2,KMQT20021119_124504,-12,0.053,40.64,442.134125,55.086823,-89.22,45.879461,27543.411255,20021119_074504
2,KMQT20021119_125056,-7,0.100,42.84,439.374691,61.685665,-89.21,45.892078,30842.832267,20021119_075056
4,KMQT20021119_130239,5,0.050,235.08,375.282898,28.751259,-87.97,46.191705,14375.629425,20021119_080239
4,KMQT20021119_130832,11,0.074,238.94,375.020080,35.410525,-87.94,46.192976,17705.262594,20021119_080832
6,KMQT20021119_130832,11,0.135,132.98,534.554810,40.002983,-88.62,45.470944,20001.491547,20021119_080832
6,KMQT20021119_131425,17,0.200,138.92,534.059105,46.986475,-88.58,45.473526,23493.237474,20021119_081425
6,KMQT20021119_132017,23,0.067,161.68,535.081665,41.480091,-88.43,45.470161,20740.045547,20021119_082017
1,KMQT20021119_123913,-18,0.173,269.08,69.707336,49.546577,-87.75,47.566679,24773.288727,20021119_073913
3,KMQT20021119_125056,-7,0.056,304.08,105.127411,22.151199,-87.52,47.407567,11075.599670,20021119_075056
10,KMQT20021119_132608,29,0.079,328.09,271.876587,21.473938,-87.36,46.657459,10736.968994,20021119_082608
11,KMQT20021119_133200,35,0.052,225.92,49.257263,20.203300,-88.04,47.657780,10101.650238,20021119_083200
12,KMQT20021119_134936,52,0.059,358.34,253.472260,56.379662,-87.17,46.739751,28189.830780,20021119_084936
13,KMQT20021119_135527,58,0.082,372.01,192.109863,27.377930,-87.07,47.015400,13688.964844,20021119_085527
13,KMQT20021119_140120,64,0.068,384.83,188.338257,23.631027,-86.99,47.031985,11815.513611,20021119_090120
15,KMQT20021119_141303,76,0.106,304.24,418.905365,22.269222,-87.52,45.996251,11134.611130,20021119_091303
16,KMQT20021119_141303,76,0.073,176.33,43.255371,19.429390,-88.37,47.682899,9714.694977,20021119_091303
17,KMQT20021119_141855,81,0.146,191.24,266.327057,21.616493,-88.26,46.680363,10808.246613,20021119_091855
18,KMQT20021119_141855,81,0.085,427.30,93.515930,71.217224,-86.70,47.456713,35608.612061,20021119_091855
1,KMQT20021120_124319,-16,0.051,482.20,497.830933,17.438919,-86.38,45.635171,8719.459534,20021120_074319
1,KMQT20021121_123104,-29,0.077,141.22,229.326172,13.547308,-88.59,46.844273,6773.653984,20021121_073104
1,KMQT20021121_124056,-20,0.389,143.96,232.801362,19.897832,-88.57,46.828805,9948.916243,20021121_074056
1,KMQT20021121_125048,-10,-1.000,146.79,236.396387,27.563892,-88.55,46.812801,13781.946166,20021121_075048
1,KMQT20021121_130040,0,0.071,149.50,231.557193,32.814540,-88.53,46.834718,16407.269949,20021121_080040
1,KMQT20021121_131031,10,0.175,156.92,238.881683,32.979476,-88.49,46.802185,16489.737887,20021121_081031
1,KMQT20021121_132022,20,0.707,162.53,247.767102,30.255445,-88.45,46.762518,15127.722546,20021121_082022
1,KMQT20021121_133013,30,0.079,165.42,258.500137,29.575998,-88.43,46.714394,14787.998945,20021121_083013
1,KMQT20021121_134004,40,0.052,169.73,272.611308,27.826402,-88.40,46.651142,13913.200858,20021121_084004
7,KMQT20021121_131031,10,0.084,158.24,318.997925,18.623215,-88.47,46.441934,9311.607361,20021121_081031
7,KMQT20021121_132022,20,0.208,159.56,326.586669,24.686015,-88.46,46.407872,12343.007640,20021121_082022
7,KMQT20021121_133013,30,0.059,158.75,334.434709,24.964074,-88.47,46.372531,12482.036783,20021121_083013
7,KMQT20021121_134004,40,0.063,159.09,335.295001,29.324005,-88.46,46.368680,14662.002558,20021121_084004
9,KMQT20021121_131031,10,0.058,49.04,217.109802,48.310890,-89.19,46.892138,24155.445099,20021121_081031
9,KMQT20021121_132022,20,0.327,51.90,218.764751,58.401224,-89.18,46.884965,29200.612026,20021121_082022
9,KMQT20021121_133013,30,0.410,55.03,227.510442,57.762123,-89.15,46.845929,28881.061617,20021121_083013
9,KMQT20021121_134004,40,0.196,55.35,237.910009,56.331881,-89.15,46.799196,28165.940388,20021121_084004
4,KMQT20021121_125048,-10,0.266,491.11,154.490967,24.720985,-86.29,47.178678,12360.492706,20021121_075048
4,KMQT20021121_130040,0,0.239,494.60,159.574275,31.012367,-86.27,47.155566,15506.183664,20021121_080040
10,KMQT20021121_132022,20,0.239,499.26,235.924896,32.444595,-86.24,46.811888,16222.297668,20021121_082022
10,KMQT20021121_133013,30,0.369,504.12,240.024192,39.203657,-86.21,46.793087,19601.828681,20021121_083013
10,KMQT20021121_134004,40,0.196,510.01,246.868011,35.235596,-86.17,46.761856,17617.797852,20021121_084004
12,KMQT20021121_133013,30,0.620,509.98,186.677582,27.255104,-86.17,47.032521,13627.552032,20021121_083013
12,KMQT20021121_134004,40,0.102,511.85,189.856038,36.255367,-86.16,47.018080,18127.683530,20021121_084004
19,KMQT20021121_135946,59,0.114,61.87,335.765167,24.358259,-89.10,46.359751,12179.129601,20021121_085946
19,KMQT20021121_140938,69,0.065,61.15,342.147710,30.603485,-89.10,46.330985,15301.742626,20021121_090938
21,KMQT20021121_141930,79,0.052,281.33,253.516296,33.194283,-87.67,46.740123,16597.141266,20021121_091930
21,KMQT20021121_142920,89,0.085,284.98,247.186759,47.604313,-87.65,46.768614,23802.156390,20021121_092920
2,KMQT20021121_124056,-20,0.503,149.23,290.752808,20.175835,-88.53,46.568479,10087.917328,20021121_074056
3,KMQT20021121_124056,-20,0.093,363.77,329.252319,11.788719,-87.13,46.398780,5894.359589,20021121_074056
5,KMQT20021121_125048,-10,0.074,88.54,342.822815,28.413630,-88.92,46.330228,14206.814766,20021121_075048
6,KMQT20021121_130040,0,0.079,281.54,161.029694,47.531345,-87.67,47.156093,23765.672684,20021121_080040
8,KMQT20021121_131031,10,0.080,446.20,289.834229,14.340988,-86.59,46.572862,7170.494080,20021121_081031
11,KMQT20021121_132022,20,0.103,485.51,349.992889,24.129398,-86.34,46.299885,12064.699173,20021121_082022
16,KMQT20021121_134956,49,0.206,165.86,366.608307,8.506325,-88.42,46.228184,4253.162384,20021121_084956
17,KMQT20021121_134956,49,0.058,280.64,325.718719,21.135754,-87.67,46.415358,10567.876816,20021121_084956
18,KMQT20021121_135946,59,0.152,168.06,377.369385,6.576775,-88.40,46.179890,3288.387299,20021121_085946
22,KMQT20021121_141930,79,0.050,37.94,229.896667,8.698442,-89.27,46.833579,4349.221230,20021121_091930
3,KMQT20021122_124324,-18,0.086,363.40,373.262512,26.943802,-87.14,46.200829,13471.900940,20021122_074324
3,KMQT20021122_125314,-8,0.079,364.99,378.597566,35.075093,-87.13,46.176793,17537.546636,20021122_075314
1,KMQT20021122_123332,-28,0.433,362.18,325.139648,13.720757,-87.14,46.417316,6860.378265,20021122_073332
1,KMQT20021123_140433,61,0.165,241.95,295.330353,28.469200,-87.93,46.551488,14234.600067,20021123_090433
1,KMQT20021124_133735,33,0.156,438.16,263.236267,26.029366,-86.65,46.692911,13014.682770,20021124_083735
4,KMQT20021125_134018,35,0.699,369.90,352.486603,27.395084,-87.09,46.294121,13697.542191,20021125_084018
4,KMQT20021125_135009,45,0.310,372.32,357.396389,35.228205,-87.08,46.271973,17614.102449,20021125_085009
4,KMQT20021125_140001,55,0.096,381.69,366.352356,28.158020,-87.02,46.231422,14079.010010,20021125_090001
6,KMQT20021125_141942,74,0.289,374.15,243.422791,11.856186,-87.06,46.784559,5928.092957,20021125_091942
6,KMQT20021125_142933,84,0.475,377.49,248.601120,17.982534,-87.04,46.761174,8991.267108,20021125_092933
1,KMQT20021125_125102,-14,0.060,144.26,283.592346,20.155123,-88.56,46.600399,10077.561378,20021125_075102
2,KMQT20021125_133027,25,0.157,365.26,341.359497,32.186787,-87.12,46.344287,16093.393326,20021125_083027
3,KMQT20021125_133027,25,0.073,473.59,353.547394,28.499615,-86.42,46.284689,14249.807358,20021125_083027
1,KMQT20021126_131306,6,0.161,306.36,392.870544,17.227398,-87.51,46.113360,8613.698959,20021126_081306
1,KMQT20021126_132257,15,0.101,308.25,393.523432,25.989211,-87.49,46.110418,12994.605337,20021126_082257
1,KMQT20021126_133249,25,-1.000,310.22,394.198833,36.149707,-87.48,46.107373,18074.853314,20021126_083249
1,KMQT20021126_134240,35,0.097,300.22,392.846436,15.328339,-87.55,46.113476,7664.169312,20021126_084240
1,KMQT20021126_135232,45,0.081,299.28,392.683244,23.521322,-87.55,46.114210,11760.661054,20021126_085232
1,KMQT20021126_140223,55,-1.000,298.39,392.529290,32.150552,-87.56,46.114902,16075.275905,20021126_090223
1,KMQT20021126_141214,65,0.399,296.62,402.276611,19.342754,-87.57,46.071054,9671.377182,20021126_091214
1,KMQT20021126_142206,75,0.130,294.94,406.936456,26.992388,-87.58,46.050090,13496.194129,20021126_092206
5,KMQT20021126_142206,75,0.147,246.29,258.055542,25.124065,-87.90,46.719233,12562.032700,20021126_092206
5,KMQT20021126_143157,84,0.061,245.85,258.957259,31.616163,-87.90,46.715168,15808.081355,20021126_093157
6,KMQT20021126_142206,75,0.062,483.80,296.188965,40.279739,-86.35,46.541977,20139.869690,20021126_092206
6,KMQT20021126_143157,84,0.203,483.54,301.845946,46.512096,-86.35,46.516554,23256.048082,20021126_093157
4,KMQT20021126_141214,65,0.060,342.85,329.287598,24.021496,-87.27,46.399034,12010.747910,20021126_091214
2,KMQT20021127_130547,-3,0.131,432.68,264.891449,19.056885,-86.68,46.685744,9528.442383,20021127_080547
2,KMQT20021127_131539,7,0.509,429.57,256.939298,33.777366,-86.70,46.721661,16888.682934,20021127_081539
2,KMQT20021127_132530,17,0.637,432.56,245.143414,40.403519,-86.68,46.774565,20201.759542,20021127_082530
2,KMQT20021127_133521,27,0.678,435.30,243.381827,43.364371,-86.66,46.782351,21682.185491,20021127_083521
2,KMQT20021127_134512,37,0.171,436.26,238.967754,49.457371,-86.66,46.802154,24728.685601,20021127_084512
8,KMQT20021127_142437,76,0.096,416.40,179.868317,48.185455,-86.78,47.068883,24092.727661,20021127_092437
8,KMQT20021127_143429,86,0.113,419.50,178.470988,57.847025,-86.76,47.075030,28923.512627,20021127_093429
3,KMQT20021127_131539,7,0.148,376.59,174.334717,21.159042,-87.04,47.095215,10579.521179,20021127_081539
5,KMQT20021127_131539,7,0.083,272.17,166.647461,20.271908,-87.73,47.130746,10135.953903,20021127_081539
6,KMQT20021127_134512,37,0.060,406.66,187.204468,37.453171,-86.85,47.036299,18726.585388,20021127_084512
7,KMQT20021127_142437,76,0.262,232.10,299.146729,8.883293,-87.99,46.534092,4441.646576,20021127_092437
2,KMQT20021129_131124,1,0.192,233.65,68.387451,4.659954,-87.99,47.571959,2329.977036,20021129_081124
2,KMQT20021129_132115,11,0.121,233.25,67.636560,14.488518,-87.99,47.575326,7244.259209,20021129_082115
2,KMQT20021129_133106,21,0.505,244.07,98.872999,30.067295,-87.92,47.435104,15033.647261,20021129_083106
2,KMQT20021129_134058,30,0.068,263.62,115.176826,31.895698,-87.79,47.362125,15947.848790,20021129_084058
1,KMQT20021129_131124,1,0.219,96.53,200.571289,20.109253,-88.89,46.970550,10054.626465,20021129_081124
1,KMQT20021129_132115,11,0.123,100.38,210.748199,28.701803,-88.86,46.925077,14350.901309,20021129_082115
7,KMQT20021129_142024,70,0.876,251.19,110.831299,23.550129,-87.87,47.381467,11775.064468,20021129_092024
7,KMQT20021129_143014,80,0.437,256.88,114.243612,33.778525,-87.83,47.366220,16889.262480,20021129_093014
6,KMQT20021129_133106,21,0.053,365.53,190.748230,23.098351,-87.12,47.021691,11549.175262,20021129_083106
1,KMQT20021203_133220,17,0.388,379.98,211.524963,18.706406,-87.02,46.927854,9353.202820,20021203_083220
1,KMQT20021203_134211,27,0.510,383.17,214.794089,25.060131,-87.00,46.913053,12530.065584,20021203_084211
3,KMQT20021203_141145,56,0.106,377.41,212.346863,21.342819,-87.04,46.924233,10671.409607,20021203_091145
4,KMQT20021203_141145,56,0.081,400.44,240.505157,18.139809,-86.89,46.796824,9069.904327,20021203_091145
5,KMQT20021203_143128,76,0.081,277.29,195.779541,15.139923,-87.70,46.999773,7569.961548,20021203_093128
2,KMQT20021206_133150,12,0.081,26.01,424.262207,31.098522,-89.32,45.958404,15549.261093,20021206_083150
2,KMQT20021206_134143,22,0.061,28.93,427.265929,44.210510,-89.30,45.945188,22105.255019,20021206_084143
1,KMQT20021206_130215,-17,0.059,270.17,289.724731,11.868698,-87.74,46.577162,5934.349060,20021206_080215
2,KMQT20021209_135625,34,0.250,187.94,53.418701,8.989529,-88.29,47.637719,4494.764328,20021209_085625
2,KMQT20021209_140616,44,0.396,195.41,47.238099,28.054351,-88.24,47.665820,14027.175622,20021209_090616
2,KMQT20021209_141608,54,0.178,217.46,59.985786,28.233211,-88.10,47.609282,14116.605587,20021209_091608
1,KMQT20021209_125716,-25,0.062,336.78,62.603455,11.046509,-87.30,47.598551,5523.254395,20021209_075716
1,KMQT20021214_131209,-14,0.126,463.74,92.322144,31.753174,-86.46,47.460069,15876.586914,20021214_081209
1,KMQT20021214_132201,-4,0.118,459.91,84.264017,49.557651,-86.49,47.496539,24778.825425,20021214_082201
1,KMQT20021214_133152,5,0.120,463.70,74.964208,62.976665,-86.46,47.538124,31488.332306,20021214_083152
3,KMQT20021214_141117,45,0.092,468.24,101.621521,58.530998,-86.43,47.417969,29265.499115,20021214_091117
3,KMQT20021214_142109,55,0.237,479.73,96.043280,67.588813,-86.36,47.442294,33794.406364,20021214_092109
3,KMQT20021214_143101,65,0.080,494.61,102.255057,64.690182,-86.26,47.413306,32345.090928,20021214_093101
4,KMQT20021214_142109,55,0.060,295.89,305.680359,37.375946,-87.58,46.505557,18687.973022,20021214_092109
4,KMQT20021214_143101,65,-1.000,295.89,305.680359,53.275946,-87.58,46.505557,26637.973022,20021214_093101
4,KMQT20021214_144052,74,0.152,293.67,308.847229,37.450089,-87.59,46.491308,18725.044250,20021214_094052
1,KMQT20021215_141405,47,0.254,301.56,393.343811,22.582314,-87.54,46.111238,11291.156769,20021215_091405
2,KMQT20021220_135956,29,0.078,310.13,111.510254,37.976753,-87.48,47.378845,18988.376617,20021220_085956
2,KMQT20021220_140948,39,0.074,313.07,111.639014,45.102110,-87.46,47.378253,22551.054897,20021220_090948
1,KMQT20021220_135004,20,0.089,261.86,192.263123,24.036625,-87.80,47.015411,12018.312454,20021220_085004
1,KMQT20021221_132349,-8,0.303,257.09,33.598999,25.031410,-87.83,47.728891,12515.705109,20021221_082349
3,KMQT20021222_143548,64,0.050,84.57,173.402191,49.750301,-88.97,47.091779,24875.150681,20021222_093548
3,KMQT20021222_144540,74,0.175,81.34,174.695269,57.519527,-88.99,47.085701,28759.763460,20021222_094540
3,KMQT20021222_145531,84,0.110,79.95,173.452598,56.671122,-89.00,47.091174,28335.561156,20021222_095531
1,KMQT20021222_132648,-5,0.059,537.90,413.035400,51.814438,-86.01,46.012278,25907.218933,20021222_082648
1,KMQT20021222_133640,5,0.105,540.03,411.585051,60.414740,-86.00,46.018614,30207.370008,20021222_083640
2,KMQT20021222_141605,45,0.056,539.01,424.524506,59.988422,-86.01,45.960512,29994.211197,20021222_091605
2,KMQT20021223_135921,27,0.118,59.72,214.654205,60.749344,-89.13,46.904163,30374.671936,20021223_085921
2,KMQT20021223_140913,37,0.077,59.57,219.698093,69.247520,-89.13,46.881469,34623.760069,20021223_090913
1,KMQT20021223_132947,-3,0.054,95.54,269.137329,108.341057,-88.88,46.662141,54170.528412,20021223_082947
1,KMQT20021224_141221,40,0.070,332.34,386.725830,36.699154,-87.34,46.140816,18349.576950,20021224_091221
1,KMQT20021225_141517,43,0.119,269.88,341.781738,24.450588,-87.74,46.343007,12225.294113,20021225_091517
1,KMQT20021228_134305,10,0.143,432.77,521.448975,48.530724,-86.70,45.531759,24265.361786,20021228_084305
1,KMQT20021230_131951,-15,0.070,365.31,332.747681,16.013519,-87.12,46.383021,8006.759644,20021230_081951
2,KMQT20021230_134926,15,0.062,510.26,407.601624,34.549179,-86.19,46.038989,17274.589539,20021230_084926
3,KMQT20021230_144836,74,0.056,323.91,401.133179,18.695000,-87.39,46.076095,9347.499847,20021230_094836
