track_id,filename,from_sunrise,det_score,x,y,r,lon,lat,radius,local_time
3,KVAX20220122_123553_V06,7,0.144,333.45,279.544006,9.456299,-82.83,30.982135,4728.149414,20220122_073553
3,KVAX20220122_124535_V06,17,0.056,331.75,278.168855,18.497955,-82.84,30.988348,9248.977539,20220122_074535
3,KVAX20220122_125005_V06,22,0.279,318.51,270.682922,24.810850,-82.91,31.022179,12405.425184,20220122_075005
2,KVAX20220122_122611_V06,-2,0.298,346.68,544.721130,20.361141,-82.76,29.786017,10180.570602,20220122_072611
4,KVAX20220122_123553_V06,7,0.067,270.38,367.176636,12.815926,-83.16,30.586942,6407.962799,20220122_073553
5,KVAX20220122_124535_V06,17,0.255,278.85,272.526947,19.340744,-83.11,31.013852,9670.372009,20220122_074535
6,KVAX20220122_124535_V06,17,0.252,320.28,248.162811,8.126160,-82.90,31.123732,4063.079834,20220122_074535
6,KVAX20220122_125005_V06,22,-1.000,320.28,248.162811,16.076160,-82.90,31.123732,8038.079834,20220122_075005
6,KVAX20220122_125447_V06,26,0.079,320.53,245.502747,8.118698,-82.89,31.135727,4059.349060,20220122_075447
