track_id,filename,from_sunrise,det_score,x,y,r,lon,lat,radius,local_time
3,KILX20140503_102833_V06,-26,0.053,143.97,518.648804,29.125988,-90.24,39.162360,14562.994003,20140503_052833
3,KILX20140503_103823_V06,-16,0.304,168.08,514.100772,42.293393,-90.10,39.183853,21146.696682,20140503_053823
14,KILX20140503_112736_V06,33,0.051,418.27,225.677063,18.276184,-88.64,40.483130,9138.092041,20140503_062736
14,KILX20140503_113727_V06,43,0.094,418.27,222.327443,27.518013,-88.64,40.498212,13759.006679,20140503_063727
4,KILX20140503_103823_V06,-16,0.122,288.34,332.297058,14.879532,-89.40,40.005105,7439.765930,20140503_053823
6,KILX20140503_104815_V06,-6,0.177,211.75,518.976379,31.602592,-89.85,39.163295,15801.296234,20140503_054815
7,KILX20140503_104815_V06,-6,0.076,417.09,217.837616,24.940109,-88.65,40.518469,12470.054626,20140503_054815
9,KILX20140503_105807_V06,4,0.062,221.62,565.160095,37.395535,-89.79,38.955535,18697.767258,20140503_055807
17,KILX20140503_120658_V06,72,0.173,417.82,218.050415,24.838089,-88.64,40.517486,12419.044495,20140503_070658
