track_id,filename,from_sunrise,det_score,x,y,r,lon,lat,radius,local_time
1,KYUX20210222_134706_V06,-26,0.139,279.35,503.097076,22.765839,-114.76,31.579453,11382.919312,20210222_064706
1,KYUX20210222_140431_V06,-9,0.188,280.30,499.495483,27.351851,-114.76,31.595698,13675.925633,20210222_070431
1,KYUX20210222_141314_V06,0,-1.000,280.80,497.627538,30.021410,-114.76,31.604123,15010.705182,20210222_071314
1,KYUX20210222_142156_V06,8,0.084,284.95,493.661255,15.429070,-114.74,31.622025,7714.534760,20210222_072156
1,KYUX20210222_143039_V06,17,0.052,285.62,485.134703,24.765141,-114.73,31.660476,12382.570563,20210222_073039
9,KYUX20210222_142156_V06,8,0.057,340.63,392.346558,5.002243,-114.44,32.078715,2501.121521,20210222_072156
9,KYUX20210222_143039_V06,17,0.058,341.01,397.522578,12.627512,-114.44,32.055372,6313.755964,20210222_073039
2,KYUX20210222_134706_V06,-26,0.107,278.04,462.231628,16.414360,-114.77,31.763722,8207.180023,20210222_064706
5,KYUX20210222_140431_V06,-9,0.337,325.15,224.929474,9.046982,-114.52,32.833673,4523.490906,20210222_070431
7,KYUX20210222_140431_V06,-9,0.062,342.00,403.162964,2.209824,-114.43,32.029930,1104.911804,20210222_070431
12,KYUX20210222_150531_V06,52,0.072,289.29,503.591217,16.042164,-114.71,31.577259,8021.081924,20210222_080531
13,KYUX20210222_151414_V06,61,0.068,220.82,371.142792,26.900551,-115.08,32.173806,13450.275421,20210222_081414
2,KYUX20210316_133411_V06,-13,0.069,270.14,405.274292,16.748650,-114.81,32.020507,8374.324799,20210316_063411
4,KYUX20210316_134253_V06,-5,0.107,522.51,461.943787,41.612259,-113.48,31.759587,20806.129456,20210316_064253
4,KYUX20210316_140018_V06,13,0.083,518.52,457.222504,37.029053,-113.50,31.781069,18514.526367,20210316_070018
5,KYUX20210316_134253_V06,-5,0.073,331.58,223.162048,6.678192,-114.49,32.841601,3339.096069,20210316_064253
4,KYUX20210324_133249_V06,-4,0.114,315.68,221.564575,17.055176,-114.57,32.848888,8527.587891,20210324_063249
4,KYUX20210324_134132_V06,5,0.391,318.23,230.557551,22.277530,-114.56,32.808333,11138.764781,20210324_064132
5,KYUX20210324_142506_V06,49,0.086,296.78,335.278381,14.882710,-114.67,32.336215,7441.354752,20210324_072506
5,KYUX20210324_143348_V06,57,0.066,296.62,335.242838,22.445656,-114.67,32.336376,11222.828144,20210324_073348
5,KYUX20210324_144231_V06,66,0.052,293.25,336.832947,12.228333,-114.69,32.329202,6114.166260,20210324_074231
5,KYUX20210324_145114_V06,75,0.087,294.88,336.777780,22.603782,-114.68,32.329453,11301.890940,20210324_075114
2,KYUX20210324_132406_V06,-12,0.121,224.67,195.361877,26.567467,-115.06,32.966405,13283.733368,20210324_062406
3,KYUX20210324_132406_V06,-12,0.068,300.07,336.384552,15.408615,-114.66,32.331229,7704.307556,20210324_062406
6,KYUX20210324_143348_V06,57,0.237,240.72,309.569794,22.579674,-114.97,32.451737,11289.836884,20210324_073348
2,KYUX20210327_131930_V06,-13,0.576,322.62,193.361053,6.487823,-114.53,32.976012,3243.911743,20210327_061930
2,KYUX20210327_132813_V06,-4,0.935,322.59,201.523000,16.070591,-114.54,32.939214,8035.295464,20210327_062813
2,KYUX20210327_133655_V06,4,0.803,319.45,215.799502,19.002623,-114.55,32.874865,9501.311600,20210327_063655
2,KYUX20210327_134538_V06,13,0.658,318.57,228.353409,23.488191,-114.56,32.818269,11744.095637,20210327_064538
3,KYUX20210327_131930_V06,-13,0.252,271.63,405.115234,18.921928,-114.81,32.021234,9460.964203,20210327_061930
3,KYUX20210327_132813_V06,-4,0.090,258.84,418.349208,32.340280,-114.87,31.961462,16170.139902,20210327_062813
5,KYUX20210327_131930_V06,-13,0.066,250.98,418.369995,19.395496,-114.92,31.961290,9697.748184,20210327_061930
5,KYUX20210327_132813_V06,-4,-1.000,250.98,418.369995,33.705496,-114.92,31.961290,16852.748184,20210327_062813
5,KYUX20210327_133655_V06,4,0.102,244.14,447.043894,43.609212,-114.95,31.831915,21804.605900,20210327_063655
1,KYUX20210327_131047_V06,-22,0.119,70.76,124.355133,12.148567,-115.89,33.281164,6074.283600,20210327_061047
6,KYUX20210327_131930_V06,-13,0.066,162.47,78.052917,15.808655,-115.40,33.493733,7904.327393,20210327_061930
7,KYUX20210327_131930_V06,-13,0.056,141.79,187.943085,4.546303,-115.50,32.997653,2273.151398,20210327_061930
8,KYUX20210327_132813_V06,-4,0.178,341.83,390.199463,2.432602,-114.43,32.088385,1216.300964,20210327_062813
11,KYUX20210327_132813_V06,-4,0.071,398.38,381.692139,4.451126,-114.13,32.125859,2225.563049,20210327_062813
16,KYUX20210327_140304_V06,31,0.169,342.11,390.935944,5.319046,-114.43,32.085062,2659.523010,20210327_070304
3,KYUX20210401_130934_V06,-17,0.231,323.74,189.874481,4.660461,-114.53,32.991725,2330.230713,20210401_060934
3,KYUX20210401_131816_V06,-8,0.961,319.49,192.889260,12.035439,-114.55,32.978154,6017.719406,20210401_061816
3,KYUX20210401_132658_V06,0,0.921,311.31,194.661505,19.981529,-114.60,32.970192,9990.764435,20210401_062658
3,KYUX20210401_133538_V06,9,0.801,304.85,197.816040,28.294785,-114.63,32.955982,14147.392351,20210401_063538
3,KYUX20210401_134419_V06,18,0.074,301.06,200.658326,37.061144,-114.65,32.943171,18530.572240,20210401_064419
3,KYUX20210401_140140_V06,35,0.364,288.63,188.878330,53.099802,-114.72,32.996265,26549.901074,20210401_070140
3,KYUX20210401_141022_V06,44,0.129,275.52,177.720959,58.578430,-114.79,33.046513,29289.214840,20210401_071022
8,KYUX20210401_131816_V06,-8,0.093,140.46,185.807465,7.606522,-115.51,33.007232,3803.260803,20210401_061816
8,KYUX20210401_132658_V06,0,0.273,136.33,187.363486,16.234005,-115.53,33.000066,8117.002300,20210401_062658
8,KYUX20210401_133538_V06,9,0.445,129.05,187.433632,19.871311,-115.57,32.999473,9935.655380,20210401_063538
8,KYUX20210401_134419_V06,18,0.502,125.61,186.136560,26.523462,-115.59,33.005185,13261.730758,20210401_064419
7,KYUX20210401_131816_V06,-8,0.156,291.76,479.657288,15.820433,-114.70,31.685191,7910.216331,20210401_061816
7,KYUX20210401_132658_V06,0,0.153,292.16,487.321493,23.075228,-114.70,31.650631,11537.614083,20210401_062658
1,KYUX20210401_130052_V06,-26,0.102,252.33,443.771942,13.389816,-114.91,31.846763,6694.908142,20210401_060052
6,KYUX20210401_131816_V06,-8,0.222,354.28,250.494873,16.508682,-114.37,32.718149,8254.341125,20210401_061816
9,KYUX20210401_132658_V06,0,0.086,244.49,408.731140,14.953587,-114.95,32.004676,7476.793289,20210401_062658
9,KYUX20210401_133538_V06,9,-1.000,244.49,408.731140,29.263587,-114.95,32.004676,14631.793289,20210401_063538
9,KYUX20210401_134419_V06,18,0.070,246.55,404.474213,10.313923,-114.94,32.023896,5156.961441,20210401_064419
10,KYUX20210401_132658_V06,0,0.056,362.47,414.953430,28.133911,-114.33,31.976528,14066.955566,20210401_062658
14,KYUX20210401_140140_V06,35,0.050,292.12,245.356018,7.759781,-114.70,32.741644,3879.890442,20210401_070140
15,KYUX20210401_141022_V06,44,0.059,288.94,511.903320,21.431190,-114.71,31.539775,10715.595245,20210401_071022
15,KYUX20210401_141904_V06,53,-1.000,288.94,511.903320,35.741190,-114.71,31.539775,17870.595245,20210401_071904
15,KYUX20210401_142746_V06,61,0.065,288.29,520.436646,26.524811,-114.72,31.501293,13262.405396,20210401_072746
3,KYUX20210414_132016_V06,10,0.373,338.47,214.400879,14.561554,-114.45,32.881045,7280.776978,20210414_062016
3,KYUX20210414_132856_V06,18,0.113,338.85,219.275940,22.393084,-114.45,32.859063,11196.542134,20210414_062856
3,KYUX20210414_133738_V06,27,0.660,341.73,224.451324,14.178757,-114.43,32.835704,7089.378357,20210414_063738
1,KYUX20210414_124530_V06,-25,0.088,48.21,376.073181,73.686653,-115.99,32.145195,36843.326569,20210414_054530
2,KYUX20210414_131134_V06,1,0.130,107.69,519.358582,28.654760,-115.67,31.502092,14327.380180,20210414_061134
5,KYUX20210414_133738_V06,27,0.082,326.18,228.372009,7.917923,-114.52,32.818147,3958.961487,20210414_063738
4,KYUX20210416_130727_V06,0,0.496,330.35,207.602661,14.404816,-114.49,32.911758,7202.407837,20210416_060727
4,KYUX20210416_131608_V06,9,0.957,331.82,216.152386,20.376640,-114.49,32.873202,10188.319774,20210416_061608
4,KYUX20210416_132450_V06,17,0.116,320.16,229.606628,16.657715,-114.55,32.812612,8328.857422,20210416_062450
17,KYUX20210416_141701_V06,70,0.063,297.03,489.043396,11.860104,-114.67,31.642872,5930.051804,20210416_071701
17,KYUX20210416_142746_V06,80,0.081,289.88,500.218943,24.546321,-114.71,31.592467,12273.160577,20210416_072746
1,KYUX20210416_124122_V06,-26,0.233,109.82,126.591492,20.857731,-115.68,33.272955,10428.865433,20210416_054122
3,KYUX20210416_124122_V06,-26,0.056,85.25,163.118896,28.095779,-115.81,33.107161,14047.889709,20210416_054122
5,KYUX20210416_130727_V06,0,0.163,171.92,296.221497,28.021347,-115.34,32.510471,14010.673523,20210416_060727
6,KYUX20210416_130727_V06,0,0.130,308.34,511.934296,41.746883,-114.61,31.539642,20873.441696,20210416_060727
6,KYUX20210416_131608_V06,9,-1.000,308.34,511.934296,56.056883,-114.61,31.539642,28028.441696,20210416_061608
6,KYUX20210416_132450_V06,17,0.055,274.83,496.995636,20.883022,-114.79,31.606944,10441.511154,20210416_062450
6,KYUX20210416_133332_V06,26,0.078,292.32,488.037598,14.815338,-114.70,31.647402,7407.669067,20210416_063332
10,KYUX20210416_132450_V06,17,0.078,212.54,364.004730,14.692093,-115.12,32.205837,7346.046448,20210416_062450
14,KYUX20210416_134214_V06,35,0.083,34.13,278.708954,7.255703,-116.07,32.583311,3627.851725,20210416_064214
15,KYUX20210416_135056_V06,43,0.062,283.34,469.427979,14.912292,-114.74,31.731295,7456.146240,20210416_065056
16,KYUX20210416_135056_V06,43,0.052,153.77,281.156403,25.818489,-115.43,32.577832,12909.244537,20210416_065056
18,KYUX20210416_142746_V06,80,0.063,137.35,175.636505,32.211060,-115.53,33.052970,16105.529785,20210416_072746
