track_id,filename,from_sunrise,det_score,x,y,r,lon,lat,radius,local_time
3,KTBW20170105_120223_V06,-19,0.954,503.54,220.422974,14.543922,-81.37,28.060452,7271.961212,20170105_070223
3,KTBW20170105_121250_V06,-9,0.970,506.39,222.976108,18.835393,-81.35,28.048825,9417.696307,20170105_071250
3,KTBW20170105_122317_V06,2,0.969,505.99,223.566498,29.157098,-81.35,28.046177,14578.549137,20170105_072317
3,KTBW20170105_122705_V06,6,0.971,506.60,220.625817,33.298648,-81.35,28.059420,16649.323787,20170105_072705
3,KTBW20170105_123059_V06,9,0.967,508.74,224.041005,36.843293,-81.34,28.043930,18421.646448,20170105_073059
3,KTBW20170105_123442_V06,13,0.940,509.27,225.086914,41.047664,-81.34,28.039190,20523.832086,20170105_073442
3,KTBW20170105_123824_V06,17,0.869,511.81,223.669092,47.224573,-81.32,28.045487,23612.286621,20170105_073824
3,KTBW20170105_124217_V06,21,0.945,505.31,222.161170,50.936556,-81.36,28.052543,25468.277823,20170105_074217
3,KTBW20170105_124606_V06,25,0.816,505.65,221.417747,53.853775,-81.36,28.055884,26926.887263,20170105_074606
3,KTBW20170105_124943_V06,28,0.838,503.03,222.274719,54.234148,-81.37,28.052118,27117.074021,20170105_074943
3,KTBW20170105_125325_V06,32,0.609,495.87,215.325949,55.362096,-81.41,28.083734,27681.048017,20170105_075325
3,KTBW20170105_125708_V06,36,0.184,486.12,212.181847,53.307679,-81.45,28.098267,26653.839590,20170105_075708
4,KTBW20170105_120223_V06,-19,0.775,274.00,187.739349,8.743912,-82.53,28.211722,4371.955872,20170105_070223
4,KTBW20170105_121250_V06,-9,0.236,279.44,190.594792,27.732490,-82.51,28.198863,13866.244795,20170105_071250
4,KTBW20170105_122317_V06,2,0.375,283.91,171.361191,27.666579,-82.48,28.285654,13833.289365,20170105_072317
4,KTBW20170105_122705_V06,6,0.614,284.07,168.368451,26.575689,-82.48,28.299157,13287.844417,20170105_072705
4,KTBW20170105_123059_V06,9,0.699,279.73,171.316716,29.052132,-82.51,28.285841,14526.065863,20170105_073059
4,KTBW20170105_123442_V06,13,0.691,274.33,166.472722,27.660357,-82.53,28.307672,13830.178299,20170105_073442
4,KTBW20170105_123824_V06,17,0.502,272.27,165.054208,26.621004,-82.54,28.314061,13310.502176,20170105_073824
4,KTBW20170105_124217_V06,21,0.112,275.43,165.846786,32.073810,-82.53,28.310501,16036.905228,20170105_074217
4,KTBW20170105_124606_V06,25,0.072,272.51,159.678420,31.895019,-82.54,28.338316,15947.509288,20170105_074606
10,KTBW20170105_121250_V06,-9,0.165,277.99,351.679291,2.575310,-82.51,27.472053,1287.654877,20170105_071250
10,KTBW20170105_122317_V06,2,0.096,278.13,351.416163,11.141237,-82.51,27.473240,5570.618442,20170105_072317
10,KTBW20170105_122705_V06,6,0.353,278.72,342.810314,13.671624,-82.51,27.512074,6835.811918,20170105_072705
10,KTBW20170105_123059_V06,9,0.173,279.64,338.499828,15.956525,-82.50,27.531527,7978.262504,20170105_073059
10,KTBW20170105_123442_V06,13,0.218,279.77,339.088179,15.955334,-82.50,27.528873,7977.667021,20170105_073442
22,KTBW20170105_123059_V06,9,0.249,355.81,313.156219,10.908691,-82.12,27.645630,5454.345703,20170105_073059
22,KTBW20170105_123442_V06,13,0.220,358.40,313.567784,17.480542,-82.11,27.643745,8740.271032,20170105_073442
22,KTBW20170105_123824_V06,17,-1.000,360.29,313.867104,23.994615,-82.10,27.642374,11997.307635,20170105_073824
22,KTBW20170105_124217_V06,21,0.150,363.37,305.582050,22.969059,-82.08,27.679721,11484.529505,20170105_074217
22,KTBW20170105_124606_V06,25,-1.000,365.88,301.364846,25.516283,-82.07,27.698719,12758.141456,20170105_074606
22,KTBW20170105_124943_V06,28,0.163,357.85,312.456543,8.376541,-82.11,27.648765,4188.270569,20170105_074943
22,KTBW20170105_125325_V06,32,0.059,359.95,312.217218,14.255410,-82.10,27.649822,7127.705053,20170105_075325
28,KTBW20170105_123442_V06,13,0.052,239.74,184.531036,15.456215,-82.71,28.225920,7728.107452,20170105_073442
28,KTBW20170105_123824_V06,17,-1.000,239.74,184.531036,21.816215,-82.71,28.225920,10908.107452,20170105_073824
28,KTBW20170105_124217_V06,21,0.313,234.80,189.304901,26.766996,-82.73,28.204324,13383.497840,20170105_074217
28,KTBW20170105_124606_V06,25,0.305,231.67,194.545580,27.346043,-82.75,28.180640,13673.021391,20170105_074606
1,KTBW20170105_115157_V06,-30,0.620,231.91,188.008179,4.974579,-82.75,28.210138,2487.289429,20170105_065157
1,KTBW20170105_120223_V06,-19,0.084,232.73,191.852428,13.806908,-82.74,28.192804,6903.454061,20170105_070223
15,KTBW20170105_121250_V06,-9,0.067,354.35,253.584320,4.821457,-82.13,27.914431,2410.728455,20170105_071250
15,KTBW20170105_122317_V06,2,0.091,350.97,252.196960,16.463342,-82.14,27.920724,8231.670834,20170105_072317
19,KTBW20170105_122705_V06,6,0.495,220.01,170.965088,28.092842,-82.81,28.286865,14046.421051,20170105_072705
19,KTBW20170105_123059_V06,9,0.427,220.28,171.410566,32.267437,-82.81,28.284859,16133.718684,20170105_073059
33,KTBW20170105_125325_V06,32,0.164,447.69,266.302032,21.569489,-81.65,27.855294,10784.744263,20170105_075325
33,KTBW20170105_125708_V06,36,0.462,445.66,269.981685,27.964065,-81.66,27.838748,13982.032657,20170105_075708
9,KTBW20170105_121250_V06,-9,0.274,407.24,299.462280,6.716003,-81.86,27.706639,3358.001709,20170105_071250
18,KTBW20170105_122317_V06,2,0.064,263.57,115.607300,10.145523,-82.59,28.537091,5072.761536,20170105_072317
41,KTBW20170105_131800_V06,57,0.139,474.47,423.142883,33.042473,-81.52,27.146839,16521.236420,20170105_081800
2,KTBW20170108_121735_V06,-4,0.069,277.82,353.567383,7.055504,-82.51,27.463532,3527.751923,20170108_071735
2,KTBW20170108_122803_V06,7,0.152,281.47,339.242344,21.311851,-82.50,27.528183,10655.925708,20170108_072803
2,KTBW20170108_123151_V06,10,0.457,282.53,331.588659,21.849954,-82.49,27.562721,10924.977117,20170108_073151
2,KTBW20170108_123705_V06,16,-1.000,284.53,320.431349,26.506429,-82.48,27.613070,13253.214405,20170108_073705
2,KTBW20170108_124211_V06,21,0.050,288.39,343.837097,7.852386,-82.46,27.507470,3926.193237,20170108_074211
5,KTBW20170108_123151_V06,10,0.108,367.98,319.026184,6.692856,-82.06,27.619004,3346.427917,20170108_073151
5,KTBW20170108_123705_V06,16,0.051,364.98,318.442682,15.368725,-82.07,27.621674,7684.362275,20170108_073705
1,KTBW20170108_120706_V06,-14,0.056,316.17,224.142181,4.761780,-82.32,28.047520,2380.889893,20170108_070706
4,KTBW20170108_122803_V06,7,0.164,321.64,312.031281,48.011097,-82.29,27.650951,24005.548477,20170108_072803
4,KTBW20170114_121349_V06,-8,0.880,421.36,222.025360,14.827637,-81.78,28.055719,7413.818359,20170114_071349
4,KTBW20170114_122336_V06,2,0.959,421.53,220.334937,31.842447,-81.78,28.063342,15921.223255,20170114_072336
4,KTBW20170114_123322_V06,12,0.965,415.76,227.125612,40.819697,-81.81,28.032832,20409.848555,20170114_073322
4,KTBW20170114_123656_V06,15,0.978,414.41,227.688209,44.437408,-81.82,28.030323,22218.704110,20170114_073656
4,KTBW20170114_124025_V06,19,0.981,406.25,228.570446,45.663900,-81.86,28.026511,22831.950029,20170114_074025
4,KTBW20170114_124355_V06,22,0.974,401.54,229.904130,46.966783,-81.89,28.020585,23483.391616,20170114_074355
4,KTBW20170114_124723_V06,26,0.952,396.49,229.100219,46.141026,-81.91,28.024305,23070.512777,20170114_074723
4,KTBW20170114_125052_V06,29,0.486,391.91,229.474444,46.888423,-81.93,28.022698,23444.211307,20170114_075052
7,KTBW20170114_122336_V06,2,0.520,486.83,400.688965,21.722961,-81.46,27.247743,10861.480713,20170114_072336
7,KTBW20170114_123322_V06,12,0.779,493.32,408.303061,33.804725,-81.43,27.213161,16902.362534,20170114_073322
7,KTBW20170114_123656_V06,15,0.887,494.27,410.936834,36.405083,-81.42,27.201243,18202.541517,20170114_073656
7,KTBW20170114_124025_V06,19,0.560,503.96,417.285035,45.814953,-81.37,27.172246,22907.476512,20170114_074025
7,KTBW20170114_124355_V06,22,-1.000,510.20,421.654746,52.180066,-81.34,27.152292,26090.032885,20170114_074355
7,KTBW20170114_124723_V06,26,0.369,499.74,421.490427,57.794945,-81.39,27.153427,28897.472590,20170114_074723
7,KTBW20170114_125052_V06,29,0.195,498.06,420.575969,57.650959,-81.40,27.157615,28825.479411,20170114_075052
7,KTBW20170114_130408_V06,43,0.078,496.68,411.810429,75.451643,-81.41,27.197215,37725.821715,20170114_080408
7,KTBW20170114_131355_V06,52,0.114,482.78,355.339569,14.640278,-81.48,27.452496,7320.138931,20170114_081355
6,KTBW20170114_122336_V06,2,0.868,447.13,530.688354,20.958942,-81.66,26.662361,10479.471207,20170114_072336
6,KTBW20170114_123322_V06,12,0.880,436.60,524.440923,26.730728,-81.72,26.690824,13365.363896,20170114_073322
6,KTBW20170114_123656_V06,15,0.852,435.57,527.969995,31.836169,-81.72,26.674924,15918.084444,20170114_073656
6,KTBW20170114_124025_V06,19,0.910,431.09,524.256452,34.177546,-81.74,26.691790,17088.773120,20170114_074025
6,KTBW20170114_124355_V06,22,0.916,429.89,523.651982,37.200746,-81.75,26.694547,18600.372852,20170114_074355
1,KTBW20170114_120404_V06,-17,0.358,396.15,289.771423,4.998108,-81.91,27.750573,2499.053955,20170114_070404
1,KTBW20170114_121349_V06,-8,0.100,390.61,293.630131,16.154822,-81.94,27.733259,8077.410946,20170114_071349
27,KTBW20170114_133326_V06,72,0.704,566.16,436.415344,29.021332,-81.06,27.083248,14510.665894,20170114_083326
27,KTBW20170114_134312_V06,82,0.881,553.56,438.505418,31.982645,-81.12,27.074418,15991.322419,20170114_084312
8,KTBW20170114_122336_V06,2,0.509,281.45,334.203033,17.952244,-82.50,27.550921,8976.121902,20170114_072336
1,KTBW20170115_120028_V06,-21,0.477,430.31,221.475189,12.027359,-81.74,28.057991,6013.679504,20170115_070028
1,KTBW20170115_120402_V06,-17,0.804,430.59,219.625373,17.926031,-81.74,28.066329,8963.015539,20170115_070402
1,KTBW20170115_120740_V06,-14,0.927,427.13,218.214737,19.166042,-81.76,28.072777,9583.020795,20170115_070740
1,KTBW20170115_121119_V06,-10,0.170,431.50,214.840062,25.919106,-81.73,28.087897,12959.553022,20170115_071119
1,KTBW20170115_121459_V06,-7,0.157,431.91,211.067286,29.110572,-81.73,28.104908,14555.286248,20170115_071459
1,KTBW20170115_121838_V06,-3,-1.000,433.69,206.914680,34.247435,-81.72,28.123599,17123.717613,20170115_071838
1,KTBW20170115_122218_V06,1,0.849,431.82,218.327121,40.555963,-81.73,28.072156,20277.981318,20170115_072218
1,KTBW20170115_122557_V06,4,0.912,423.09,219.055481,39.303356,-81.78,28.069079,19651.678137,20170115_072557
1,KTBW20170115_122935_V06,8,0.955,418.16,220.120663,40.188658,-81.80,28.064384,20094.328807,20170115_072935
1,KTBW20170115_123314_V06,12,0.960,418.04,217.668520,45.820923,-81.80,28.075450,22910.461516,20170115_073314
1,KTBW20170115_123653_V06,15,0.900,415.00,221.048353,46.041213,-81.82,28.060267,23020.606401,20170115_073653
1,KTBW20170115_124032_V06,19,-1.000,411.57,224.318936,47.231406,-81.83,28.045584,23615.702902,20170115_074032
1,KTBW20170115_124411_V06,23,0.703,409.84,227.129028,46.808875,-81.84,28.032942,23404.437650,20170115_074411
35,KTBW20170115_122218_V06,1,0.131,481.64,225.645172,12.773697,-81.48,28.037681,6386.848450,20170115_072218
35,KTBW20170115_122557_V06,4,-1.000,481.64,225.645172,17.543697,-81.48,28.037681,8771.848450,20170115_072557
35,KTBW20170115_122935_V06,8,-1.000,481.64,225.645172,23.903697,-81.48,28.037681,11951.848450,20170115_072935
35,KTBW20170115_123314_V06,12,0.188,492.95,220.567259,34.197794,-81.42,28.060194,17098.897144,20170115_073314
35,KTBW20170115_123653_V06,15,0.589,496.57,219.640537,42.169345,-81.40,28.064243,21084.672614,20170115_073653
35,KTBW20170115_124032_V06,19,0.882,495.09,222.813006,47.072168,-81.41,28.049985,23536.084153,20170115_074032
35,KTBW20170115_124411_V06,23,0.933,486.23,221.417733,47.429719,-81.45,28.056595,23714.859468,20170115_074411
35,KTBW20170115_124751_V06,26,0.939,485.98,217.210546,51.106957,-81.46,28.075585,25553.478268,20170115_074751
35,KTBW20170115_125130_V06,30,0.811,484.01,220.232031,52.570769,-81.47,28.062022,26285.384296,20170115_075130
35,KTBW20170115_125509_V06,34,0.805,479.37,221.229828,53.424247,-81.49,28.057678,26712.123559,20170115_075509
35,KTBW20170115_130228_V06,41,-1.000,472.38,223.371702,55.337117,-81.53,28.048244,27668.558588,20170115_080228
35,KTBW20170115_130606_V06,45,0.152,470.20,219.839335,58.003850,-81.54,28.064250,29001.925156,20170115_080606
35,KTBW20170115_130944_V06,48,0.053,466.59,223.078947,58.870526,-81.55,28.049748,29435.263243,20170115_080944
29,KTBW20170115_121838_V06,-3,0.115,530.41,410.659424,13.913086,-81.24,27.201085,6956.542969,20170115_071838
29,KTBW20170115_122218_V06,1,0.253,529.93,410.052250,19.837585,-81.24,27.203845,9918.792739,20170115_072218
29,KTBW20170115_122557_V06,4,0.077,526.00,408.844253,22.361260,-81.26,27.209460,11180.630134,20170115_072557
29,KTBW20170115_122935_V06,8,-1.000,522.41,407.626920,26.627280,-81.28,27.215100,13313.639768,20170115_072935
29,KTBW20170115_123314_V06,12,-1.000,518.82,406.409586,30.893299,-81.30,27.220739,15446.649402,20170115_073314
29,KTBW20170115_123653_V06,15,-1.000,516.12,405.496586,34.092813,-81.31,27.224966,17046.406628,20170115_073653
29,KTBW20170115_124032_V06,19,0.438,531.56,405.667008,34.478027,-81.23,27.223562,17239.013710,20170115_074032
29,KTBW20170115_124411_V06,23,0.386,519.33,403.726148,33.261597,-81.29,27.232826,16630.798631,20170115_074411
29,KTBW20170115_124751_V06,26,-1.000,513.54,402.539614,33.352050,-81.32,27.238409,16676.024818,20170115_074751
29,KTBW20170115_125130_V06,30,0.373,505.17,400.436166,30.367850,-81.37,27.248223,15183.924883,20170115_075130
29,KTBW20170115_125509_V06,34,0.274,497.32,401.820945,31.258912,-81.41,27.242265,15629.455880,20170115_075509
29,KTBW20170115_130228_V06,41,0.055,481.54,408.132160,34.221003,-81.49,27.214338,17110.501634,20170115_080228
4,KTBW20170115_120402_V06,-17,0.442,399.11,285.811554,4.656494,-81.90,27.768386,2328.247070,20170115_070402
4,KTBW20170115_120740_V06,-14,0.798,398.16,286.666303,8.963832,-81.90,27.764547,4481.915902,20170115_070740
4,KTBW20170115_121119_V06,-10,0.744,395.97,287.983846,14.291242,-81.92,27.758641,7145.621088,20170115_071119
4,KTBW20170115_121459_V06,-7,0.737,395.36,290.652375,16.450745,-81.92,27.746612,8225.372749,20170115_071459
4,KTBW20170115_121838_V06,-3,0.692,392.21,293.548107,19.424808,-81.93,27.733602,9712.404203,20170115_071838
33,KTBW20170115_122218_V06,1,0.214,382.80,315.981903,10.265274,-81.98,27.632533,5132.637024,20170115_072218
33,KTBW20170115_122557_V06,4,0.074,383.04,314.994316,15.428012,-81.98,27.636986,7714.005806,20170115_072557
33,KTBW20170115_122935_V06,8,0.161,388.43,315.440982,17.834726,-81.95,27.634885,8917.363055,20170115_072935
33,KTBW20170115_123314_V06,12,0.050,380.32,312.854876,18.663903,-81.99,27.646680,9331.951603,20170115_073314
33,KTBW20170115_123653_V06,15,0.138,377.45,308.721754,20.635595,-82.01,27.665371,10317.797306,20170115_073653
50,KTBW20170115_123314_V06,12,0.313,439.63,546.108276,13.089615,-81.70,26.592973,6544.807434,20170115_073314
50,KTBW20170115_123653_V06,15,0.061,439.32,546.064872,17.669941,-81.70,26.593176,8834.970336,20170115_073653
50,KTBW20170115_124032_V06,19,-1.000,439.08,546.030149,23.878201,-81.70,26.593339,11939.100657,20170115_074032
50,KTBW20170115_124411_V06,23,-1.000,438.84,545.995425,30.086462,-81.71,26.593502,15043.230978,20170115_074411
50,KTBW20170115_124751_V06,26,-1.000,438.65,545.969383,34.742657,-81.71,26.593624,17371.328719,20170115_074751
50,KTBW20170115_125130_V06,30,0.328,439.39,529.173315,43.020680,-81.70,26.669399,21510.340108,20170115_075130
50,KTBW20170115_125509_V06,34,0.078,429.69,525.185953,46.320947,-81.75,26.687629,23160.473316,20170115_075509
50,KTBW20170115_130228_V06,41,0.157,428.74,527.132633,56.674845,-81.76,26.678867,28337.422276,20170115_080228
50,KTBW20170115_130606_V06,45,0.219,406.67,525.732239,44.283596,-81.87,26.685659,22141.798019,20170115_080606
50,KTBW20170115_130944_V06,48,0.454,408.77,525.351399,48.678295,-81.86,26.687336,24339.147396,20170115_080944
50,KTBW20170115_131323_V06,52,0.056,363.23,522.904053,36.068764,-82.08,26.699093,18034.381866,20170115_081323
50,KTBW20170115_131704_V06,56,0.062,362.92,521.802362,41.608739,-82.09,26.704068,20804.369519,20170115_081704
36,KTBW20170115_122218_V06,1,0.121,330.02,410.966461,15.498581,-82.25,27.204494,7749.290466,20170115_072218
36,KTBW20170115_122557_V06,4,0.219,330.23,410.918556,19.732045,-82.25,27.204709,9866.022589,20170115_072557
36,KTBW20170115_122935_V06,8,0.073,325.93,408.684437,22.798820,-82.27,27.214813,11399.410019,20170115_072935
36,KTBW20170115_123314_V06,12,0.089,326.76,408.809862,22.398771,-82.27,27.214243,11199.385282,20170115_073314
13,KTBW20170115_120740_V06,-14,0.052,328.29,365.706879,5.085396,-82.26,27.408728,2542.697906,20170115_070740
13,KTBW20170115_121119_V06,-10,0.467,325.21,361.881653,12.606772,-82.27,27.426003,6303.386231,20170115_071119
13,KTBW20170115_121459_V06,-7,-1.000,323.53,359.795166,18.010251,-82.28,27.435426,9005.125317,20170115_071459
13,KTBW20170115_121838_V06,-3,0.089,313.55,350.699161,17.868245,-82.33,27.476503,8934.122719,20170115_071838
6,KTBW20170115_120402_V06,-17,0.128,337.00,403.520081,2.059273,-82.22,27.238052,1029.636383,20170115_070402
6,KTBW20170115_120740_V06,-14,-1.000,337.00,403.520081,6.829273,-82.22,27.238052,3414.636383,20170115_070740
6,KTBW20170115_121119_V06,-10,-1.000,337.00,403.520081,13.189273,-82.22,27.238052,6594.636383,20170115_071119
6,KTBW20170115_121459_V06,-7,0.067,341.44,410.448363,16.541925,-82.19,27.206757,8270.962509,20170115_071459
6,KTBW20170115_121838_V06,-3,0.125,342.66,411.069592,20.985175,-82.19,27.203945,10492.587351,20170115_071838
14,KTBW20170115_121119_V06,-10,0.837,321.05,192.729401,5.734863,-82.29,28.189230,2867.431641,20170115_071119
14,KTBW20170115_121459_V06,-7,0.687,320.08,192.194161,9.961902,-82.30,28.191649,4980.950766,20170115_071459
14,KTBW20170115_121838_V06,-3,0.343,316.76,189.780117,13.683750,-82.32,28.202552,6841.875195,20170115_071838
14,KTBW20170115_122218_V06,1,0.094,304.21,191.602600,7.294556,-82.38,28.194354,3647.277832,20170115_072218
16,KTBW20170115_121119_V06,-10,0.108,292.51,154.763763,5.951843,-82.44,28.360555,2975.921631,20170115_071119
16,KTBW20170115_121459_V06,-7,0.705,292.49,154.420931,10.001753,-82.44,28.362101,5000.876721,20170115_071459
16,KTBW20170115_121838_V06,-3,0.733,292.99,152.411367,11.299525,-82.44,28.371168,5649.762398,20170115_071838
19,KTBW20170115_121459_V06,-7,0.198,276.12,351.889465,6.120598,-82.52,27.471096,3060.298920,20170115_071459
19,KTBW20170115_121838_V06,-3,-1.000,276.12,351.889465,12.480598,-82.52,27.471096,6240.298920,20170115_071838
19,KTBW20170115_122218_V06,1,0.195,281.35,344.077487,16.346870,-82.50,27.506366,8173.434804,20170115_072218
19,KTBW20170115_122557_V06,4,0.181,283.66,339.484345,16.553630,-82.48,27.527098,8276.814969,20170115_072557
81,KTBW20170115_131704_V06,56,0.056,278.59,93.054443,15.972008,-82.51,28.638919,7986.003876,20170115_081704
81,KTBW20170115_132042_V06,59,0.149,277.83,93.065018,20.890138,-82.52,28.638868,10445.068962,20170115_082042
81,KTBW20170115_132421_V06,63,-1.000,277.22,93.073479,27.368642,-82.52,28.638827,13684.321031,20170115_082421
81,KTBW20170115_132800_V06,67,0.143,264.44,97.983726,29.669051,-82.58,28.616605,14834.525617,20170115_082800
80,KTBW20170115_131704_V06,56,0.061,428.50,388.597504,14.680779,-81.75,27.303993,7340.389252,20170115_081704
80,KTBW20170115_132042_V06,59,-1.000,428.50,388.597504,19.450779,-81.75,27.303993,9725.389252,20170115_082042
80,KTBW20170115_132421_V06,63,0.127,425.17,389.966627,21.128058,-81.77,27.297893,10564.028792,20170115_082421
80,KTBW20170115_132800_V06,67,0.073,421.89,387.205207,20.756324,-81.79,27.310428,10378.161933,20170115_082800
80,KTBW20170115_133140_V06,70,-1.000,419.63,386.213842,21.359743,-81.80,27.314951,10679.871631,20170115_083140
80,KTBW20170115_133519_V06,74,0.069,441.41,419.680542,50.360138,-81.69,27.163420,25180.068970,20170115_083519
41,KTBW20170115_122557_V06,4,0.112,451.76,564.165344,16.158808,-81.64,26.511168,8079.403877,20170115_072557
41,KTBW20170115_122935_V06,8,0.143,451.64,562.152121,21.199133,-81.64,26.520256,10599.566444,20170115_072935
54,KTBW20170115_123653_V06,15,0.076,337.01,444.850891,32.206650,-82.22,27.051551,16103.324890,20170115_073653
54,KTBW20170115_124032_V06,19,0.233,337.17,446.390430,38.847355,-82.21,27.044603,19423.677555,20170115_074032
66,KTBW20170115_124751_V06,26,0.238,368.92,187.858582,21.244720,-82.05,28.210802,10622.360229,20170115_074751
66,KTBW20170115_125130_V06,30,0.063,368.42,187.602830,26.541900,-82.05,28.211963,13270.950234,20170115_075130
70,KTBW20170115_130228_V06,41,0.146,452.05,390.497070,14.692062,-81.63,27.294814,7346.031189,20170115_080228
70,KTBW20170115_130606_V06,45,0.056,450.90,390.139310,19.989649,-81.64,27.296460,9994.824695,20170115_080606
82,KTBW20170115_132042_V06,59,0.288,486.41,287.313202,8.367767,-81.46,27.759294,4183.883667,20170115_082042
82,KTBW20170115_132421_V06,63,0.212,486.31,287.121043,13.425470,-81.46,27.760165,6712.735042,20170115_082421
86,KTBW20170115_132421_V06,63,0.083,278.95,93.378235,15.338631,-82.51,28.637460,7669.315338,20170115_082421
86,KTBW20170115_132800_V06,67,-1.000,278.95,93.378235,21.698631,-82.51,28.637460,10849.315338,20170115_082800
86,KTBW20170115_133140_V06,70,0.068,274.27,94.244546,25.841607,-82.53,28.633531,12920.803732,20170115_083140
86,KTBW20170115_133519_V06,74,-1.000,270.35,94.970597,31.676102,-82.55,28.630235,15838.051149,20170115_083519
86,KTBW20170115_133857_V06,77,0.061,266.79,74.865234,39.642849,-82.57,28.720917,19821.424484,20170115_083857
90,KTBW20170115_133140_V06,70,0.109,177.96,449.019318,22.284981,-83.02,27.031503,11142.490387,20170115_083140
90,KTBW20170115_133519_V06,74,0.324,176.68,450.634693,28.916080,-83.02,27.024185,14458.039936,20170115_083519
8,KTBW20170115_120402_V06,-17,0.067,264.33,90.469238,22.343937,-82.58,28.650505,11171.968460,20170115_070402
12,KTBW20170115_120740_V06,-14,0.053,278.26,297.931763,24.432068,-82.51,27.714568,12216.033936,20170115_070740
15,KTBW20170115_121119_V06,-10,0.223,441.02,529.843750,8.039516,-81.69,26.666332,4019.758224,20170115_071119
15,KTBW20170115_121459_V06,-7,-1.000,441.02,529.843750,12.809516,-81.69,26.666332,6404.758224,20170115_071459
15,KTBW20170115_121838_V06,-3,0.180,463.32,540.428528,26.708321,-81.58,26.617951,13354.160309,20170115_071838
20,KTBW20170115_121459_V06,-7,0.162,313.61,346.922913,12.307697,-82.33,27.493542,6153.848648,20170115_071459
24,KTBW20170115_121459_V06,-7,0.064,250.84,91.604248,13.984741,-82.65,28.645276,6992.370605,20170115_071459
25,KTBW20170115_121459_V06,-7,0.057,374.27,133.059113,30.218994,-82.02,28.457962,15109.497070,20170115_071459
30,KTBW20170115_121838_V06,-3,0.102,348.29,253.013885,8.856537,-82.16,27.917062,4428.268433,20170115_071838
39,KTBW20170115_122218_V06,1,0.064,349.91,312.206329,4.926712,-82.15,27.649973,2463.356018,20170115_072218
42,KTBW20170115_122557_V06,4,0.073,237.66,163.994965,5.225891,-82.72,28.318547,2612.945557,20170115_072557
45,KTBW20170115_122935_V06,8,0.457,376.88,537.302124,18.778093,-82.02,26.633945,9389.046669,20170115_072935
58,KTBW20170115_124032_V06,19,0.064,371.14,538.447571,25.234272,-82.04,26.628853,12617.136002,20170115_074032
58,KTBW20170115_124411_V06,23,0.052,384.09,535.782776,20.860325,-81.98,26.640696,10430.162430,20170115_074411
61,KTBW20170115_124411_V06,23,0.111,357.21,313.149719,10.494507,-82.11,27.645644,5247.253418,20170115_074411
84,KTBW20170115_132042_V06,59,0.051,38.55,283.575958,56.011700,-83.73,27.773033,28005.849838,20170115_082042
91,KTBW20170115_133519_V06,74,0.224,282.57,351.690857,7.995972,-82.49,27.472017,3997.985840,20170115_083519
2,KTBW20170116_120105_V06,-20,0.376,499.35,215.413116,13.588135,-81.39,28.083212,6794.067383,20170116_070105
2,KTBW20170116_121052_V06,-11,0.073,484.83,216.147691,23.962575,-81.46,28.080420,11981.287345,20170116_071052
2,KTBW20170116_122039_V06,-1,0.154,512.27,217.940214,43.670425,-81.32,28.071314,21835.212696,20170116_072039
2,KTBW20170116_123025_V06,9,0.665,498.76,215.838886,46.443929,-81.39,28.081313,23221.964745,20170116_073025
2,KTBW20170116_124010_V06,19,0.795,478.07,206.676391,48.489472,-81.50,28.123379,24244.735853,20170116_074010
2,KTBW20170116_124344_V06,22,0.679,470.37,200.745325,47.508287,-81.53,28.150388,23754.143662,20170116_074344
2,KTBW20170116_124724_V06,26,-1.000,461.03,194.490994,47.025078,-81.58,28.178895,23512.538822,20170116_074724
2,KTBW20170116_125104_V06,30,-1.000,451.68,188.236663,46.541868,-81.63,28.207385,23270.933982,20170116_075104
2,KTBW20170116_125443_V06,33,-1.000,444.67,183.545914,46.179461,-81.67,28.228742,23089.730352,20170116_075443
2,KTBW20170116_130202_V06,41,0.102,442.61,201.852425,62.235197,-81.68,28.146207,31117.598420,20170116_080202
22,KTBW20170116_124010_V06,19,0.112,445.16,250.986633,15.431610,-81.66,27.924462,7715.805054,20170116_074010
22,KTBW20170116_124344_V06,22,0.264,445.17,251.780936,19.312399,-81.66,27.920878,9656.199306,20170116_074344
22,KTBW20170116_124724_V06,26,0.197,441.78,254.406568,21.377178,-81.68,27.909123,10688.588908,20170116_074724
22,KTBW20170116_125104_V06,30,0.104,440.54,261.590994,21.611761,-81.69,27.876741,10805.880638,20170116_075104
22,KTBW20170116_125443_V06,33,0.057,439.59,264.164408,23.639396,-81.69,27.865155,11819.697891,20170116_075443
22,KTBW20170116_130202_V06,41,0.216,433.72,256.771358,22.664938,-81.72,27.898660,11332.468912,20170116_080202
22,KTBW20170116_130541_V06,44,0.070,426.88,263.595947,17.436859,-81.76,27.868035,8718.429565,20170116_080541
11,KTBW20170116_122039_V06,-1,0.265,533.90,414.784241,24.871140,-81.22,27.182325,12435.569763,20170116_072039
11,KTBW20170116_123025_V06,9,0.529,537.32,423.245317,44.890465,-81.20,27.144002,22445.232387,20170116_073025
11,KTBW20170116_124010_V06,19,0.646,532.43,421.358255,50.856591,-81.23,27.152727,25428.295399,20170116_074010
11,KTBW20170116_124344_V06,22,0.661,530.00,421.616092,52.560007,-81.24,27.151667,26280.003571,20170116_074344
11,KTBW20170116_124724_V06,26,-1.000,527.49,421.658971,55.154537,-81.25,27.151579,27577.268576,20170116_074724
11,KTBW20170116_125104_V06,30,0.067,515.62,427.850259,56.439410,-81.31,27.124126,28219.704878,20170116_075104
1,KTBW20170116_120105_V06,-20,0.873,424.76,219.948242,11.020447,-81.77,28.065012,5510.223389,20170116_070105
1,KTBW20170116_121052_V06,-11,0.915,417.96,217.042321,19.662109,-81.80,28.078277,9831.054279,20170116_071052
1,KTBW20170116_122039_V06,-1,0.203,411.12,209.783015,25.996418,-81.84,28.111175,12998.208987,20170116_072039
1,KTBW20170116_123025_V06,9,0.411,409.45,212.077143,42.579531,-81.85,28.100859,21289.765680,20170116_073025
26,KTBW20170116_124724_V06,26,0.226,454.78,397.625671,25.349907,-81.62,27.262572,12674.953461,20170116_074724
26,KTBW20170116_125104_V06,30,0.310,452.57,398.100526,30.728532,-81.63,27.260491,15364.266005,20170116_075104
26,KTBW20170116_125443_V06,33,0.170,445.72,398.855694,31.594785,-81.67,27.257272,15797.392254,20170116_075443
26,KTBW20170116_130202_V06,41,0.367,420.11,407.690680,36.595371,-81.80,27.218033,18297.685500,20170116_080202
26,KTBW20170116_130541_V06,44,0.142,422.36,384.415466,19.391045,-81.78,27.323005,9695.522308,20170116_080541
26,KTBW20170116_131528_V06,54,0.062,418.79,385.278684,29.471563,-81.80,27.319189,14735.781545,20170116_081528
24,KTBW20170116_124344_V06,22,0.550,366.49,181.551422,26.174225,-82.06,28.239289,13087.112427,20170116_074344
24,KTBW20170116_124724_V06,26,0.368,366.08,180.004071,30.795838,-82.07,28.246275,15397.919212,20170116_074724
24,KTBW20170116_125104_V06,30,0.099,359.93,176.283687,31.247814,-82.10,28.263133,15623.906810,20170116_075104
24,KTBW20170116_125443_V06,33,0.067,351.23,166.094940,25.272583,-82.14,28.309191,12636.291504,20170116_075443
24,KTBW20170116_130202_V06,41,-1.000,351.23,166.094940,37.992583,-82.14,28.309191,18996.291504,20170116_080202
24,KTBW20170116_130541_V06,44,0.102,360.56,179.967590,20.794586,-82.09,28.246505,10397.293091,20170116_080541
6,KTBW20170116_121052_V06,-11,0.394,320.87,190.758423,7.198608,-82.30,28.198124,3599.304199,20170116_071052
6,KTBW20170116_122039_V06,-1,0.056,300.17,179.562850,24.569450,-82.40,28.248675,12284.724816,20170116_072039
21,KTBW20170116_123025_V06,9,0.054,281.26,337.693085,14.068584,-82.50,27.535173,7034.292221,20170116_073025
21,KTBW20170116_124010_V06,19,0.051,281.80,337.353078,23.786267,-82.49,27.536709,11893.133356,20170116_074010
7,KTBW20170116_121052_V06,-11,0.352,315.83,399.824585,13.730759,-82.32,27.254830,6865.379333,20170116_071052
17,KTBW20170116_122039_V06,-1,0.085,289.84,146.591827,2.651138,-82.45,28.397419,1325.569153,20170116_072039
18,KTBW20170116_122039_V06,-1,0.068,152.27,420.283264,7.400093,-83.15,27.160533,3700.046539,20170116_072039
28,KTBW20170116_124724_V06,26,0.125,522.09,418.981567,44.937531,-81.28,27.163882,22468.765259,20170116_074724
42,KTBW20170116_131528_V06,54,0.587,446.93,132.940369,33.264374,-81.65,28.456984,16632.186890,20170116_081528
9,KTBW20170117_122517_V06,4,0.947,463.41,520.813660,25.151306,-81.58,26.706460,12575.653076,20170117_072517
9,KTBW20170117_123503_V06,14,0.960,457.08,515.572818,35.381382,-81.61,26.730294,17690.690959,20170117_073503
9,KTBW20170117_123837_V06,17,0.961,453.60,513.644030,36.541524,-81.63,26.739096,18270.762066,20170117_073837
9,KTBW20170117_124215_V06,21,0.976,450.14,511.008683,39.844254,-81.65,26.751084,19922.126851,20170117_074215
9,KTBW20170117_124550_V06,24,0.972,446.48,507.787655,42.279379,-81.67,26.765717,21139.689355,20170117_074550
9,KTBW20170117_130523_V06,44,0.677,415.87,496.810084,55.342042,-81.82,26.815985,27671.020855,20170117_080523
9,KTBW20170117_131509_V06,54,0.300,429.66,483.101048,65.478246,-81.75,26.877538,32739.122925,20170117_081509
1,KTBW20170117_120546_V06,-16,0.239,425.15,209.629150,7.035889,-81.77,28.111559,3517.944336,20170117_070546
1,KTBW20170117_121532_V06,-6,0.128,419.97,203.362110,17.376549,-81.79,28.139952,8688.274564,20170117_071532
1,KTBW20170117_122517_V06,4,0.293,405.77,193.650585,25.733389,-81.86,28.184068,12866.694260,20170117_072517
1,KTBW20170117_123503_V06,14,0.156,406.92,181.340899,36.939629,-81.86,28.239581,18469.814351,20170117_073503
1,KTBW20170117_123837_V06,17,-1.000,406.58,177.802066,40.177701,-81.86,28.255554,20088.850364,20170117_073837
1,KTBW20170117_124215_V06,21,-1.000,406.12,173.083622,44.495130,-81.86,28.276850,22247.565048,20170117_074215
1,KTBW20170117_124550_V06,24,0.053,402.64,163.949637,48.650140,-81.88,28.318127,24325.069958,20170117_074550
20,KTBW20170117_123503_V06,14,0.135,530.47,393.110016,26.723747,-81.24,27.280263,13361.873627,20170117_073503
20,KTBW20170117_123837_V06,17,0.124,529.82,394.290767,30.788201,-81.24,27.274964,15394.100696,20170117_073837
20,KTBW20170117_124215_V06,21,-1.000,529.31,395.235369,36.583765,-81.24,27.270724,18291.882351,20170117_074215
20,KTBW20170117_124550_V06,24,0.680,534.19,393.661201,44.690945,-81.22,27.277618,22345.472335,20170117_074550
20,KTBW20170117_130523_V06,44,0.784,502.47,385.950237,49.735002,-81.38,27.313684,24867.500844,20170117_080523
10,KTBW20170117_122517_V06,4,0.884,487.76,176.581360,22.331406,-81.45,28.258818,11165.702820,20170117_072517
10,KTBW20170117_123503_V06,14,0.199,482.46,178.976449,37.477341,-81.47,28.248197,18738.670534,20170117_073503
3,KTBW20170117_121532_V06,-6,0.400,302.49,407.715515,10.654633,-82.39,27.219246,5327.316284,20170117_071532
7,KTBW20170117_121532_V06,-6,0.066,355.57,249.561188,2.696854,-82.12,27.932570,1348.426819,20170117_071532
11,KTBW20170117_122517_V06,4,0.691,279.73,337.153320,11.795856,-82.50,27.537603,5897.928238,20170117_072517
12,KTBW20170117_122517_V06,4,0.530,230.53,178.252228,10.856888,-82.76,28.254136,5428.443909,20170117_072517
18,KTBW20170117_123503_V06,14,0.402,357.99,311.390869,8.138260,-82.11,27.653572,4069.129944,20170117_073503
22,KTBW20170117_123503_V06,14,0.065,246.42,158.618652,4.907410,-82.68,28.342898,2453.704834,20170117_073503
1,KTBW20170118_120510_V06,-16,0.807,477.73,530.922974,11.781300,-81.51,26.660398,5890.649796,20170118_070510
1,KTBW20170118_121456_V06,-7,0.898,480.19,529.948558,21.413923,-81.50,26.664715,10706.961399,20170118_071456
1,KTBW20170118_121830_V06,-3,0.939,480.40,527.214818,24.127816,-81.50,26.677044,12063.907917,20170118_071830
1,KTBW20170118_122209_V06,1,0.937,480.17,523.646547,25.820226,-81.50,26.693153,12910.112901,20170118_072209
1,KTBW20170118_122548_V06,4,0.956,478.65,524.318142,30.391642,-81.50,26.690172,15195.821180,20170118_072548
1,KTBW20170118_122927_V06,8,0.946,478.55,524.092954,35.524558,-81.50,26.691192,17762.279204,20170118_072927
1,KTBW20170118_123306_V06,12,0.958,474.52,520.214813,36.341604,-81.53,26.708821,18170.801855,20170118_073306
1,KTBW20170118_123645_V06,15,0.933,470.33,515.597773,37.531576,-81.55,26.729787,18765.788072,20170118_073645
1,KTBW20170118_124025_V06,19,0.936,469.62,512.357289,42.187957,-81.55,26.744431,21093.978639,20170118_074025
1,KTBW20170118_124405_V06,23,0.899,465.99,508.930113,43.769338,-81.57,26.760007,21884.668833,20170118_074405
1,KTBW20170118_124744_V06,26,0.610,462.85,511.758879,47.509501,-81.58,26.747336,23754.750694,20170118_074744
1,KTBW20170118_125123_V06,30,0.828,460.48,514.212078,52.739688,-81.60,26.736336,26369.843793,20170118_075123
1,KTBW20170118_125502_V06,34,0.742,449.65,513.573685,50.582747,-81.65,26.739522,25291.373627,20170118_075502
1,KTBW20170118_130222_V06,41,0.835,446.44,504.229410,52.794472,-81.67,26.781775,26397.236127,20170118_080222
1,KTBW20170118_130601_V06,45,0.817,438.78,498.134742,51.483489,-81.70,26.809476,25741.744622,20170118_080601
1,KTBW20170118_130941_V06,48,0.870,434.13,496.134708,51.763871,-81.73,26.818617,25881.935317,20170118_080941
1,KTBW20170118_131319_V06,52,0.889,433.55,498.724406,55.466565,-81.73,26.806945,27733.282598,20170118_081319
1,KTBW20170118_131658_V06,55,0.744,426.13,499.574847,56.594039,-81.77,26.803283,28297.019430,20170118_081658
1,KTBW20170118_132036_V06,59,0.494,427.58,503.099327,62.865019,-81.76,26.787345,31432.509527,20170118_082036
1,KTBW20170118_132415_V06,63,0.846,415.11,496.463959,56.175289,-81.82,26.817563,28087.644577,20170118_082415
1,KTBW20170118_132753_V06,66,0.657,414.27,496.527980,60.019334,-81.83,26.817292,30009.666769,20170118_082753
1,KTBW20170118_133131_V06,70,0.623,410.22,495.016265,59.236255,-81.85,26.824196,29618.127528,20170118_083131
1,KTBW20170118_133509_V06,74,0.552,408.07,491.145728,57.803892,-81.86,26.841705,28901.945868,20170118_083509
1,KTBW20170118_133849_V06,77,0.158,428.27,509.322449,69.683037,-81.76,26.759247,34841.518402,20170118_083849
30,KTBW20170118_123306_V06,12,0.248,500.16,168.336945,15.609734,-81.38,28.295560,7804.866791,20170118_073306
30,KTBW20170118_123645_V06,15,0.061,500.19,167.840394,19.730180,-81.38,28.297799,9865.089944,20170118_073645
30,KTBW20170118_124025_V06,19,0.072,500.29,163.399804,22.378630,-81.38,28.317828,11189.314918,20170118_074025
30,KTBW20170118_124405_V06,23,0.377,501.26,157.605020,24.154896,-81.38,28.343933,12077.448191,20170118_074405
30,KTBW20170118_124744_V06,26,-1.000,501.74,153.887847,25.927623,-81.37,28.360684,12963.811451,20170118_074744
30,KTBW20170118_125123_V06,30,0.088,500.00,152.053500,29.679122,-81.38,28.369025,14839.561167,20170118_075123
30,KTBW20170118_125502_V06,34,0.090,503.89,149.417364,32.783606,-81.36,28.380770,16391.802807,20170118_075502
45,KTBW20170118_130601_V06,45,0.052,374.27,207.554749,9.208481,-82.02,28.121868,4604.240417,20170118_080601
45,KTBW20170118_130941_V06,48,-1.000,374.27,207.554749,13.978481,-82.02,28.121868,6989.240417,20170118_080941
45,KTBW20170118_131319_V06,52,0.520,372.40,213.726541,18.827906,-82.03,28.094048,9413.953201,20170118_081319
45,KTBW20170118_131658_V06,55,0.407,371.54,216.921451,20.185830,-82.04,28.079645,10092.915148,20170118_081658
45,KTBW20170118_132036_V06,59,0.240,371.44,218.911619,22.260801,-82.04,28.070667,11130.400621,20170118_082036
45,KTBW20170118_132415_V06,63,-1.000,370.95,221.717194,24.718264,-82.04,28.058015,12359.131834,20170118_082415
45,KTBW20170118_132753_V06,66,0.145,379.79,219.848142,25.515883,-82.00,28.066323,12757.941649,20170118_082753
4,KTBW20170118_120510_V06,-16,0.307,558.04,412.164490,11.508163,-81.10,27.193055,5754.081726,20170118_070510
4,KTBW20170118_121456_V06,-7,0.257,557.11,411.037322,21.167625,-81.10,27.198184,10583.812673,20170118_071456
4,KTBW20170118_121830_V06,-3,0.470,557.14,410.966784,23.314641,-81.10,27.198501,11657.320490,20170118_071830
4,KTBW20170118_122209_V06,1,0.498,554.21,414.918120,29.585370,-81.12,27.180811,14792.684934,20170118_072209
10,KTBW20170118_121456_V06,-7,0.356,266.19,180.973511,9.408600,-82.57,28.242204,4704.299927,20170118_071456
10,KTBW20170118_121830_V06,-3,0.405,266.11,181.507558,15.101151,-82.57,28.239794,7550.575725,20170118_071830
10,KTBW20170118_122209_V06,1,0.228,264.34,172.448630,25.131181,-82.58,28.280653,12565.590646,20170118_072209
13,KTBW20170118_121456_V06,-7,0.158,296.93,155.096558,6.806717,-82.42,28.359058,3403.358459,20170118_071456
13,KTBW20170118_121830_V06,-3,0.680,298.02,154.111982,11.879382,-82.41,28.363500,5939.691110,20170118_071830
13,KTBW20170118_122209_V06,1,0.612,302.47,151.305259,12.554333,-82.39,28.376163,6277.166632,20170118_072209
11,KTBW20170118_121456_V06,-7,0.260,328.35,191.861115,6.301315,-82.26,28.193114,3150.657654,20170118_071456
11,KTBW20170118_121830_V06,-3,0.673,328.49,191.669749,11.316985,-82.26,28.193977,5658.492489,20170118_071830
27,KTBW20170118_122548_V06,4,0.176,499.64,172.213562,13.922310,-81.38,28.278091,6961.154938,20170118_072548
27,KTBW20170118_122927_V06,8,0.091,499.93,172.361476,19.103124,-81.38,28.277413,9551.561907,20170118_072927
33,KTBW20170118_123645_V06,15,0.241,409.78,194.089508,4.448730,-81.84,28.182006,2224.365234,20170118_073645
33,KTBW20170118_124025_V06,19,0.133,409.29,194.315210,10.244384,-81.85,28.180998,5122.192062,20170118_074025
33,KTBW20170118_124405_V06,23,-1.000,408.94,194.479357,16.193950,-81.85,28.180265,8096.975209,20170118_074405
33,KTBW20170118_124744_V06,26,0.067,405.22,191.449310,11.314194,-81.87,28.194010,5657.096863,20170118_074744
42,KTBW20170118_125123_V06,30,0.092,248.61,193.165649,26.811214,-82.66,28.187056,13405.607224,20170118_075123
42,KTBW20170118_125502_V06,34,-1.000,248.61,193.165649,33.171214,-82.66,28.187056,16585.607224,20170118_075502
42,KTBW20170118_130222_V06,41,0.085,258.91,189.742455,38.578124,-82.61,28.202590,19289.062244,20170118_080222
46,KTBW20170118_130941_V06,48,0.051,362.29,377.627625,12.958488,-82.09,27.354655,6479.244232,20170118_080941
46,KTBW20170118_131319_V06,52,0.153,362.34,377.836708,17.840907,-82.09,27.353711,8920.453533,20170118_081319
46,KTBW20170118_131658_V06,55,0.099,363.67,377.287720,13.796562,-82.08,27.356173,6898.281097,20170118_081658
46,KTBW20170118_132036_V06,59,-1.000,363.67,377.287720,20.156562,-82.08,27.356173,10078.281097,20170118_082036
46,KTBW20170118_132415_V06,63,0.061,362.15,375.847534,14.319115,-82.09,27.362689,7159.557343,20170118_082415
46,KTBW20170118_132753_V06,66,0.061,357.05,375.268707,8.279518,-82.11,27.365357,4139.759064,20170118_082753
60,KTBW20170118_133849_V06,77,0.086,252.77,191.299988,28.432846,-82.64,28.195512,14216.423035,20170118_083849
60,KTBW20170118_134228_V06,81,0.089,253.43,191.505098,35.287828,-82.64,28.194592,17643.913782,20170118_084228
2,KTBW20170118_120510_V06,-16,0.377,212.00,208.713440,9.251419,-82.85,28.116431,4625.709534,20170118_070510
2,KTBW20170118_121456_V06,-7,-1.000,212.00,208.713440,23.561419,-82.85,28.116431,11780.709534,20170118_071456
2,KTBW20170118_121830_V06,-3,0.052,210.03,204.267334,13.368752,-82.86,28.136458,6684.375763,20170118_071830
5,KTBW20170118_120510_V06,-16,0.289,510.23,211.865509,14.771385,-81.33,28.098800,7385.692596,20170118_070510
6,KTBW20170118_120510_V06,-16,0.176,239.50,325.196625,18.663460,-82.71,27.591252,9331.729889,20170118_070510
14,KTBW20170118_121456_V06,-7,0.136,310.95,415.178650,12.663673,-82.35,27.185559,6331.836700,20170118_071456
19,KTBW20170118_121830_V06,-3,0.067,362.52,248.855469,9.815216,-82.08,27.935678,4907.608032,20170118_071830
24,KTBW20170118_122209_V06,1,0.159,397.00,242.037567,7.995636,-81.91,27.965926,3997.817993,20170118_072209
26,KTBW20170118_122209_V06,1,0.068,281.50,342.013519,15.963455,-82.50,27.515679,7981.727600,20170118_072209
29,KTBW20170118_122927_V06,8,0.083,396.70,276.763306,27.494797,-81.91,27.809254,13747.398376,20170118_072927
35,KTBW20170118_123645_V06,15,0.083,474.24,160.051971,22.076019,-81.51,28.333848,11038.009644,20170118_073645
37,KTBW20170118_124405_V06,23,0.130,212.66,192.966797,24.316879,-82.85,28.187486,12158.439636,20170118_074405
39,KTBW20170118_124405_V06,23,0.058,246.70,190.170593,26.220947,-82.67,28.200550,13110.473633,20170118_074405
43,KTBW20170118_125123_V06,30,0.064,399.18,237.909943,13.811172,-81.90,27.984509,6905.586243,20170118_075123
47,KTBW20170118_131319_V06,52,0.064,488.53,129.274719,34.469116,-81.44,28.472206,17234.558105,20170118_081319
51,KTBW20170118_132415_V06,63,0.142,374.23,211.496796,18.074707,-82.02,28.104083,9037.353516,20170118_082415
35,KTBW20170119_122009_V06,0,0.091,420.17,223.342133,15.939865,-81.79,28.049805,7969.932556,20170119_072009
35,KTBW20170119_122349_V06,3,0.099,418.89,223.121245,19.958793,-81.80,28.050830,9979.396342,20170119_072349
35,KTBW20170119_122728_V06,7,0.952,423.42,231.801282,29.477661,-81.77,28.011566,14738.830307,20170119_072728
35,KTBW20170119_123106_V06,11,0.951,421.60,232.171178,32.287832,-81.78,28.009939,16143.915968,20170119_073106
35,KTBW20170119_123445_V06,14,0.960,419.15,231.822520,34.728625,-81.80,28.011567,17364.312511,20170119_073445
35,KTBW20170119_123824_V06,18,0.961,426.88,231.194565,41.418707,-81.76,28.014222,20709.353514,20170119_073824
35,KTBW20170119_124202_V06,22,0.973,424.05,228.719678,43.128449,-81.77,28.025454,21564.224494,20170119_074202
35,KTBW20170119_124540_V06,25,0.977,425.52,227.454378,47.478324,-81.76,28.031129,23739.161950,20170119_074540
35,KTBW20170119_124918_V06,29,0.977,425.49,225.967230,50.309006,-81.76,28.037839,25154.503215,20170119_074918
35,KTBW20170119_125257_V06,32,0.952,420.50,222.769966,50.107914,-81.79,28.052379,25053.956852,20170119_075257
35,KTBW20170119_125636_V06,36,0.891,418.42,219.332166,49.912212,-81.80,28.067936,24956.106054,20170119_075636
2,KTBW20170119_120153_V06,-19,0.885,510.16,221.110229,13.053024,-81.33,28.057096,6526.512146,20170119_070153
2,KTBW20170119_120533_V06,-15,0.920,510.87,222.965583,14.969921,-81.33,28.048698,7484.960713,20170119_070533
2,KTBW20170119_120912_V06,-11,0.121,513.36,224.141450,16.528238,-81.32,28.043295,8264.119249,20170119_070912
2,KTBW20170119_121251_V06,-8,-1.000,515.00,225.042551,17.870783,-81.31,28.039163,8935.391439,20170119_071251
2,KTBW20170119_121630_V06,-4,0.085,522.35,221.128997,16.895173,-81.27,28.056519,8447.586494,20170119_071630
2,KTBW20170119_122009_V06,0,-1.000,527.17,219.722352,17.275037,-81.25,28.062662,8637.518605,20170119_072009
2,KTBW20170119_122349_V06,3,0.073,532.55,218.076921,17.478911,-81.22,28.069854,8739.455273,20170119_072349
2,KTBW20170119_122728_V06,7,0.068,536.88,212.274395,18.133998,-81.20,28.095841,9066.999060,20170119_072728
2,KTBW20170119_123106_V06,11,0.275,537.98,210.930367,22.063997,-81.19,28.101855,11031.998494,20170119_073106
2,KTBW20170119_123445_V06,14,0.146,537.03,208.013367,24.683968,-81.20,28.115057,12341.983876,20170119_073445
2,KTBW20170119_123824_V06,18,0.083,537.99,204.690480,26.091162,-81.19,28.130005,13045.581057,20170119_073824
20,KTBW20170119_121251_V06,-8,0.165,473.48,523.609985,5.918713,-81.53,26.693533,2959.356308,20170119_071251
20,KTBW20170119_121630_V06,-4,0.140,473.54,522.823755,11.781483,-81.53,26.697080,5890.741550,20170119_071630
20,KTBW20170119_122009_V06,0,0.696,471.97,521.269625,15.981027,-81.54,26.704142,7990.513419,20170119_072009
20,KTBW20170119_122349_V06,3,0.743,466.32,517.023270,18.606279,-81.57,26.723477,9303.139687,20170119_072349
20,KTBW20170119_122728_V06,7,0.846,472.09,519.891866,24.258770,-81.54,26.710355,12129.384942,20170119_072728
20,KTBW20170119_123106_V06,11,0.878,477.94,515.774583,26.260843,-81.51,26.728748,13130.421724,20170119_073106
20,KTBW20170119_123445_V06,14,-1.000,481.88,513.534029,28.279558,-81.49,26.738729,14139.778773,20170119_073445
20,KTBW20170119_123824_V06,18,0.864,472.08,507.765380,26.368408,-81.54,26.765075,13184.203990,20170119_073824
20,KTBW20170119_124202_V06,22,0.864,470.36,508.344386,27.568972,-81.55,26.762516,13784.486028,20170119_074202
20,KTBW20170119_124540_V06,25,0.655,466.21,512.088325,30.450413,-81.57,26.745749,15225.206347,20170119_074540
6,KTBW20170119_120153_V06,-19,0.064,206.66,219.679230,14.819847,-82.88,28.066866,7409.923553,20170119_070153
6,KTBW20170119_120533_V06,-15,-1.000,206.66,219.679230,21.179847,-82.88,28.066866,10589.923553,20170119_070533
6,KTBW20170119_120912_V06,-11,0.451,213.39,215.910530,22.539379,-82.84,28.083983,11269.689333,20170119_070912
6,KTBW20170119_121251_V06,-8,0.148,212.89,209.655030,23.458714,-82.85,28.112198,11729.356906,20170119_071251
32,KTBW20170119_122009_V06,0,0.395,280.13,343.941742,15.296894,-82.50,27.506974,7648.447037,20170119_072009
32,KTBW20170119_122349_V06,3,0.466,280.31,344.116884,19.227362,-82.50,27.506184,9613.681018,20170119_072349
32,KTBW20170119_122728_V06,7,0.267,280.71,341.071818,21.262673,-82.50,27.519926,10631.336549,20170119_072728
32,KTBW20170119_123106_V06,11,-1.000,281.05,338.670284,24.036046,-82.50,27.530763,12018.022979,20170119_073106
32,KTBW20170119_123445_V06,14,0.141,288.95,338.354614,21.358189,-82.46,27.532209,10679.094315,20170119_073445
7,KTBW20170119_120533_V06,-15,0.155,276.23,326.688965,5.985306,-82.52,27.584805,2992.652893,20170119_070533
7,KTBW20170119_120912_V06,-11,0.072,276.78,327.273031,11.499372,-82.52,27.582172,5749.685801,20170119_070912
17,KTBW20170119_121251_V06,-8,0.565,324.57,191.727448,4.997849,-82.28,28.193736,2498.924255,20170119_071251
17,KTBW20170119_121630_V06,-4,0.600,323.66,190.233549,11.601811,-82.28,28.200480,5800.905392,20170119_071630
19,KTBW20170119_121251_V06,-8,0.381,406.37,293.534271,13.123428,-81.86,27.733403,6561.714172,20170119_071251
19,KTBW20170119_121630_V06,-4,0.328,406.24,293.916482,18.149106,-81.86,27.731681,9074.552773,20170119_071630
23,KTBW20170119_121251_V06,-8,0.067,310.91,396.517334,7.607857,-82.35,27.269766,3803.928375,20170119_071251
23,KTBW20170119_121630_V06,-4,0.090,311.88,397.703941,14.037199,-82.34,27.264409,7018.599460,20170119_071630
26,KTBW20170119_121630_V06,-4,0.128,263.48,181.935760,15.457123,-82.59,28.237844,7728.561401,20170119_071630
26,KTBW20170119_122009_V06,0,0.068,264.11,182.181508,20.538863,-82.58,28.236740,10269.431357,20170119_072009
30,KTBW20170119_121630_V06,-4,0.077,354.00,253.835876,5.681091,-82.13,27.913299,2840.545654,20170119_071630
30,KTBW20170119_122009_V06,0,0.195,354.01,254.003141,11.233654,-82.13,27.912545,5616.826851,20170119_072009
33,KTBW20170119_122009_V06,0,0.213,388.78,359.700256,28.007675,-81.95,27.435177,14003.837585,20170119_072009
33,KTBW20170119_122349_V06,3,0.089,388.43,360.159204,32.012327,-81.95,27.433112,16006.163311,20170119_072349
44,KTBW20170119_123106_V06,11,0.202,284.01,388.788666,14.916878,-82.48,27.304627,7458.438873,20170119_073106
44,KTBW20170119_123445_V06,14,0.071,284.13,388.773004,19.209318,-82.48,27.304698,9604.659202,20170119_073445
53,KTBW20170119_124202_V06,22,0.156,293.32,341.331421,20.760609,-82.44,27.518784,10380.304337,20170119_074202
53,KTBW20170119_124540_V06,25,0.289,293.02,342.126099,25.790490,-82.44,27.515198,12895.244966,20170119_074540
58,KTBW20170119_124918_V06,29,0.089,387.49,309.330933,27.785568,-81.96,27.662469,13892.784119,20170119_074918
58,KTBW20170119_125257_V06,32,0.200,387.58,307.301052,32.006769,-81.96,27.671626,16003.384687,20170119_075257
60,KTBW20170119_131451_V06,54,0.069,355.87,275.107330,16.468124,-82.12,27.817305,8234.062195,20170119_081451
60,KTBW20170119_131830_V06,58,0.092,355.06,274.661661,22.250361,-82.12,27.819325,11125.180524,20170119_081830
1,KTBW20170119_115055_V06,-30,0.053,200.41,303.349792,23.162865,-82.91,27.689246,11581.432343,20170119_065055
9,KTBW20170119_120533_V06,-15,0.073,199.36,270.670746,27.800598,-82.91,27.836671,13900.299072,20170119_070533
9,KTBW20170119_120912_V06,-11,0.075,199.82,272.121429,12.731354,-82.91,27.830134,6365.676880,20170119_070912
9,KTBW20170119_121251_V06,-8,-1.000,199.82,272.121429,17.501354,-82.91,27.830134,8750.676880,20170119_071251
9,KTBW20170119_121630_V06,-4,0.122,195.41,282.166168,14.246140,-82.93,27.784730,7123.069763,20170119_071630
10,KTBW20170119_120533_V06,-15,0.069,551.55,419.720276,10.985390,-81.13,27.159268,5492.694855,20170119_070533
25,KTBW20170119_121630_V06,-4,0.425,296.35,157.210693,7.750946,-82.42,28.349519,3875.473022,20170119_071630
49,KTBW20170119_123824_V06,18,0.323,477.30,185.263062,16.261139,-81.50,28.220010,8130.569458,20170119_073824
62,KTBW20170119_132210_V06,62,0.071,281.82,353.351440,7.856949,-82.49,27.464522,3928.474426,20170119_082210
63,KTBW20170119_132210_V06,62,0.062,350.94,372.150116,2.746819,-82.14,27.379489,1373.409271,20170119_082210
1,KTBW20170122_130909_V06,49,0.122,363.28,308.824860,7.547272,-82.08,27.665090,3773.635864,20170122_080909
1,KTBW20170122_131855_V06,58,-1.000,363.28,308.824860,21.857272,-82.08,27.665090,10928.635864,20170122_081855
1,KTBW20170122_132842_V06,68,0.131,363.61,309.663452,5.394989,-82.08,27.661303,2697.494507,20170122_082842
2,KTBW20170126_122927_V06,11,0.100,291.36,305.331543,41.574966,-82.45,27.681217,20787.483215,20170126_072927
2,KTBW20170126_123301_V06,15,0.079,300.64,312.240570,32.873276,-82.40,27.650050,16436.637878,20170126_073301
4,KTBW20170126_123640_V06,18,0.164,351.43,313.324829,15.699753,-82.14,27.644912,7849.876404,20170126_073640
5,KTBW20170126_125006_V06,32,0.143,381.86,211.398224,28.501801,-81.99,28.104416,14250.900269,20170126_075006
6,KTBW20170126_125006_V06,32,0.051,352.07,182.205963,23.458298,-82.14,28.236496,11729.148865,20170126_075006
10,KTBW20170129_122058_V06,3,0.124,279.80,328.742798,16.486099,-82.50,27.575552,8243.049622,20170129_072058
33,KTBW20170129_132058_V06,63,0.072,324.37,321.514862,5.057663,-82.28,27.608148,2528.831482,20170129_082058
35,KTBW20170129_133515_V06,78,0.052,144.36,55.036926,23.351089,-83.20,28.808175,11675.544739,20170129_083515
10,KTBW20170130_123224_V06,15,0.053,303.27,340.637268,25.118824,-82.39,27.521920,12559.412003,20170130_073224
10,KTBW20170130_123548_V06,18,0.125,303.70,339.948867,29.336469,-82.38,27.525026,14668.234661,20170130_073548
10,KTBW20170130_123917_V06,22,0.097,304.36,340.385063,30.129616,-82.38,27.523057,15064.808216,20170130_073917
10,KTBW20170130_124241_V06,25,0.098,305.42,336.848288,28.585937,-82.37,27.539014,14292.968376,20170130_074241
15,KTBW20170130_124241_V06,25,0.066,348.54,324.190887,22.334229,-82.16,27.595911,11167.114258,20170130_074241
15,KTBW20170130_124614_V06,29,0.119,348.99,324.985774,27.316686,-82.15,27.592320,13658.342972,20170130_074614
15,KTBW20170130_124939_V06,32,0.055,346.42,326.322236,28.956717,-82.17,27.586313,14478.358707,20170130_074939
2,KTBW20170130_120921_V06,-8,0.067,296.72,336.304169,15.970730,-82.42,27.541471,7985.364914,20170130_070921
2,KTBW20170130_121905_V06,2,0.112,292.21,341.650339,27.143572,-82.44,27.517344,13571.785786,20170130_071905
1,KTBW20170130_114951_V06,-28,0.096,26.96,458.865417,27.425852,-83.78,26.981617,13712.925911,20170130_064951
3,KTBW20170130_121905_V06,2,0.751,411.70,313.599274,11.168045,-81.84,27.642763,5584.022522,20170130_071905
8,KTBW20170130_123224_V06,15,0.098,298.06,404.691833,4.887161,-82.41,27.232890,2443.580627,20170130_073224
17,KTBW20170130_124939_V06,32,0.266,281.84,315.720428,6.653641,-82.49,27.634318,3326.820374,20170130_074939
19,KTBW20170130_125313_V06,36,0.054,300.17,367.264130,26.344883,-82.40,27.401775,13172.441483,20170130_075313
2,KTBW20170131_121844_V06,2,0.374,283.23,340.556549,16.648632,-82.49,27.522259,8324.316025,20170131_071844
2,KTBW20170131_122830_V06,12,0.112,287.26,345.545147,29.995496,-82.47,27.499761,14997.748048,20170131_072830
3,KTBW20170131_121844_V06,2,0.087,246.87,266.810394,12.309284,-82.67,27.854768,6154.642105,20170131_071844
3,KTBW20170131_122830_V06,12,0.052,245.16,269.257016,21.660058,-82.68,27.843712,10830.028992,20170131_072830
11,KTBW20170204_130029_V06,46,0.630,496.24,425.111206,25.650078,-81.41,27.137217,12825.038910,20170204_080029
11,KTBW20170204_131014_V06,56,0.076,487.51,432.686758,34.434651,-81.46,27.103343,17217.325331,20170204_081014
11,KTBW20170204_131959_V06,65,0.174,469.09,436.101060,32.793818,-81.55,27.088539,16396.909246,20170204_081959
11,KTBW20170204_132944_V06,75,0.151,468.32,424.009252,40.163858,-81.55,27.143123,20081.928866,20170204_082944
11,KTBW20170204_133929_V06,85,0.092,452.49,453.034769,53.946016,-81.63,27.012619,26973.008098,20170204_083929
2,KTBW20170204_123114_V06,17,0.628,441.61,223.113403,26.016403,-81.68,28.050312,13008.201599,20170204_073114
2,KTBW20170204_124100_V06,27,0.633,442.12,232.521343,40.895485,-81.68,28.007854,20447.742561,20170204_074100
8,KTBW20170204_123114_V06,17,0.056,384.22,321.941101,11.435440,-81.98,27.605623,5717.720032,20170204_073114
8,KTBW20170204_124100_V06,27,0.109,371.42,317.976359,19.193018,-82.04,27.623697,9596.509083,20170204_074100
1,KTBW20170204_122130_V06,7,0.124,279.45,344.171661,15.934738,-82.51,27.505934,7967.369080,20170204_072130
3,KTBW20170204_123114_V06,17,0.431,239.80,271.567322,14.843620,-82.71,27.833231,7421.810150,20170204_073114
3,KTBW20170207_121737_V06,5,0.246,523.47,358.587891,29.251926,-81.27,27.436314,14625.963211,20170207_071737
3,KTBW20170207_122721_V06,15,0.051,513.57,359.490786,39.501401,-81.32,27.432640,19750.700488,20170207_072721
3,KTBW20170207_123706_V06,25,-1.000,504.23,360.342574,50.070717,-81.37,27.429157,25035.358296,20170207_073706
3,KTBW20170207_124651_V06,34,-1.000,495.83,361.109183,59.583101,-81.41,27.426009,29791.550324,20170207_074651
3,KTBW20170207_130621_V06,54,0.435,482.32,341.945624,54.867617,-81.48,27.512944,27433.808287,20170207_080621
3,KTBW20170207_131606_V06,64,0.642,465.54,337.423583,50.328346,-81.56,27.533887,25164.173037,20170207_081606
3,KTBW20170207_132741_V06,75,0.132,450.77,335.820005,47.083816,-81.64,27.541554,23541.907900,20170207_082741
7,KTBW20170207_122721_V06,15,0.736,472.99,507.184235,42.582363,-81.53,26.767669,21291.181564,20170207_072721
7,KTBW20170207_123706_V06,25,0.917,463.99,500.949349,46.226869,-81.58,26.796079,23113.434512,20170207_073706
7,KTBW20170207_124651_V06,34,0.149,479.77,498.387694,65.580059,-81.50,26.807144,32790.029434,20170207_074651
7,KTBW20170207_130621_V06,54,0.212,429.76,501.056866,62.208950,-81.75,26.796511,31104.475191,20170207_080621
5,KTBW20170207_121737_V06,5,0.189,280.82,345.266418,12.833443,-82.50,27.500999,6416.721344,20170207_071737
5,KTBW20170207_122721_V06,15,0.144,280.64,338.535960,22.619792,-82.50,27.531368,11309.896094,20170207_072721
6,KTBW20170207_121737_V06,5,0.088,241.84,259.172089,10.966888,-82.70,27.889180,5483.444214,20170207_071737
6,KTBW20170207_122721_V06,15,-1.000,241.84,259.172089,26.866888,-82.70,27.889180,13433.444214,20170207_072721
6,KTBW20170207_123706_V06,25,0.079,272.21,284.650841,56.925802,-82.54,27.774464,28462.901071,20170207_073706
11,KTBW20170207_123706_V06,25,0.207,484.30,132.030090,35.697754,-81.46,28.459924,17848.876953,20170207_073706
11,KTBW20170207_124651_V06,34,0.131,480.75,123.717339,46.411293,-81.48,28.497547,23205.646715,20170207_074651
1,KTBW20170207_120752_V06,-5,0.195,321.22,411.871979,34.792435,-82.29,27.200450,17396.217346,20170207_070752
9,KTBW20170207_122721_V06,15,0.109,285.61,295.711792,39.768063,-82.47,27.724609,19884.031296,20170207_072721
10,KTBW20170207_123706_V06,25,0.304,532.07,369.222809,35.211987,-81.23,27.387970,17605.993271,20170207_073706
13,KTBW20170207_123706_V06,25,0.060,481.47,358.645264,32.658947,-81.48,27.437625,16329.473495,20170207_073706
16,KTBW20170207_124651_V06,34,0.179,423.40,111.469849,21.843231,-81.77,28.554445,10921.615601,20170207_074651
19,KTBW20170207_131606_V06,64,0.069,350.06,445.725281,31.660721,-82.15,27.047502,15830.360413,20170207_081606
20,KTBW20170207_132741_V06,75,0.057,432.93,262.662537,28.356003,-81.73,27.872101,14178.001404,20170207_082741
36,KTBW20170217_124508_V06,41,0.073,404.38,536.874268,29.925039,-81.88,26.635423,14962.519646,20170217_074508
36,KTBW20170217_125013_V06,46,0.169,407.36,536.747191,36.189444,-81.86,26.635939,18094.722086,20170217_075013
36,KTBW20170217_130021_V06,56,0.460,422.39,534.293625,34.340478,-81.79,26.646698,17170.239104,20170217_080021
36,KTBW20170217_130525_V06,61,0.084,430.85,532.850561,39.821687,-81.74,26.653015,19910.843431,20170217_080525
36,KTBW20170217_131029_V06,66,-1.000,438.85,531.512353,43.451479,-81.70,26.658857,21725.739659,20170217_081029
36,KTBW20170217_131533_V06,71,0.073,423.22,533.693345,41.959341,-81.78,26.649388,20979.670747,20170217_081533
36,KTBW20170217_132037_V06,76,0.147,427.24,533.547878,41.273604,-81.76,26.649953,20636.802039,20170217_082037
1,KTBW20170217_115224_V06,-12,0.344,406.08,299.195404,5.311462,-81.86,27.707866,2655.731201,20170217_065224
1,KTBW20170217_120422_V06,0,0.144,406.14,290.924823,27.435367,-81.86,27.745181,13717.683643,20170217_070422
1,KTBW20170217_120926_V06,5,0.089,397.92,292.466018,40.022436,-81.91,27.738383,20011.218183,20170217_070926
1,KTBW20170217_121431_V06,10,0.054,394.97,289.334238,45.733476,-81.92,27.752566,22866.738020,20170217_071431
1,KTBW20170217_121948_V06,15,-1.000,391.21,287.208535,53.351118,-81.94,27.762222,26675.558851,20170217_071948
1,KTBW20170217_122452_V06,20,0.055,409.30,246.198212,20.711472,-81.85,27.946917,10355.735779,20170217_072452
1,KTBW20170217_122957_V06,25,0.161,410.67,246.037954,27.033747,-81.84,27.947612,13516.873466,20170217_072957
41,KTBW20170217_130525_V06,61,0.083,287.83,364.800415,32.776363,-82.46,27.412878,16388.181686,20170217_080525
41,KTBW20170217_131029_V06,66,0.330,286.69,364.015099,40.209286,-82.47,27.416419,20104.642981,20170217_081029
41,KTBW20170217_131533_V06,71,0.302,285.76,364.785450,42.928465,-82.47,27.412941,21464.232617,20170217_081533
41,KTBW20170217_132037_V06,76,0.319,281.78,362.360286,42.080114,-82.49,27.423872,21040.057172,20170217_082037
41,KTBW20170217_132540_V06,81,0.094,282.02,372.495575,36.413002,-82.49,27.378140,18206.501007,20170217_082540
8,KTBW20170217_120422_V06,0,0.214,247.38,267.436646,12.197853,-82.67,27.851948,6098.926544,20170217_070422
8,KTBW20170217_120926_V06,5,0.401,245.76,267.919584,18.631634,-82.68,27.849753,9315.817148,20170217_070926
8,KTBW20170217_121431_V06,10,0.072,247.67,258.701378,24.577184,-82.67,27.891363,12288.591921,20170217_071431
20,KTBW20170217_121948_V06,15,0.099,410.50,531.910278,26.697193,-81.85,26.657704,13348.596573,20170217_071948
20,KTBW20170217_122452_V06,20,-1.000,410.50,531.910278,34.647193,-81.85,26.657704,17323.596573,20170217_072452
20,KTBW20170217_122957_V06,25,0.074,419.58,537.190934,38.992883,-81.80,26.633685,19496.441672,20170217_072957
20,KTBW20170217_123500_V06,31,0.140,426.25,540.563942,38.197006,-81.77,26.618315,19098.503062,20170217_073500
35,KTBW20170217_124508_V06,41,0.112,292.95,373.443451,17.843231,-82.44,27.373888,8921.615601,20170217_074508
35,KTBW20170217_125013_V06,46,0.151,293.00,374.157509,24.228670,-82.44,27.370666,12114.334764,20170217_075013
35,KTBW20170217_130021_V06,56,0.205,286.10,355.980200,39.862832,-82.47,27.452673,19931.415876,20170217_080021
4,KTBW20170217_115224_V06,-12,0.060,397.67,269.637634,5.132904,-81.91,27.841387,2566.452026,20170217_065224
4,KTBW20170217_120422_V06,0,0.087,408.37,252.533714,23.398650,-81.85,27.918352,11699.325019,20170217_070422
19,KTBW20170217_121948_V06,15,0.179,280.36,328.104645,23.596741,-82.50,27.578434,11798.370361,20170217_071948
19,KTBW20170217_122452_V06,20,0.279,280.52,329.469976,29.492394,-82.50,27.572274,14746.197235,20170217_072452
19,KTBW20170217_122957_V06,25,0.436,283.77,334.293365,24.560638,-82.48,27.550521,12280.319214,20170217_072957
19,KTBW20170217_123500_V06,31,0.103,285.07,336.671519,31.657553,-82.48,27.539794,15828.776425,20170217_073500
19,KTBW20170217_124004_V06,36,0.116,281.71,343.863770,24.800297,-82.49,27.507331,12400.148392,20170217_074004
21,KTBW20170217_121948_V06,15,0.057,383.80,523.334351,21.677540,-81.98,26.696876,10838.769913,20170217_071948
21,KTBW20170217_122452_V06,20,0.241,380.97,523.113105,29.037697,-82.00,26.697917,14518.848709,20170217_072452
43,KTBW20170217_132037_V06,76,0.075,443.81,301.141663,45.716259,-81.67,27.698210,22858.129501,20170217_082037
43,KTBW20170217_132540_V06,81,0.198,442.64,299.699214,50.337149,-81.68,27.704749,25168.574419,20170217_082540
3,KTBW20170217_115224_V06,-12,0.063,478.48,527.979248,6.416866,-81.51,26.673657,3208.433151,20170217_065224
6,KTBW20170217_115224_V06,-12,0.052,412.73,365.478577,10.520065,-81.83,27.408660,5260.032654,20170217_065224
7,KTBW20170217_120422_V06,0,0.361,288.34,149.047729,5.714386,-82.46,28.386336,2857.192993,20170217_070422
16,KTBW20170217_120926_V06,5,0.169,523.35,511.366394,27.955292,-81.28,26.746980,13977.645874,20170217_070926
25,KTBW20170217_122452_V06,20,0.055,454.88,381.537659,25.645615,-81.62,27.335160,12822.807312,20170217_072452
30,KTBW20170217_123500_V06,31,0.677,494.51,496.504272,24.509726,-81.42,26.815140,12254.862785,20170217_073500
31,KTBW20170217_123500_V06,31,0.074,321.59,377.119385,50.528023,-82.29,27.357263,25264.011383,20170217_073500
34,KTBW20170217_124508_V06,41,0.125,326.82,173.485748,20.087128,-82.27,28.276026,10043.563843,20170217_074508
37,KTBW20170217_124508_V06,41,0.054,400.90,247.767334,15.331940,-81.89,27.940002,7665.969849,20170217_074508
38,KTBW20170217_125013_V06,46,0.052,415.97,271.589691,18.704117,-81.81,27.832216,9352.058411,20170217_075013
42,KTBW20170217_131533_V06,71,0.171,382.78,520.762878,22.193760,-81.99,26.708495,11096.879959,20170217_081533
8,KTBW20170220_120856_V06,6,0.186,266.30,292.832672,46.132526,-82.57,27.737514,23066.263199,20170220_070856
8,KTBW20170220_121842_V06,16,0.631,276.09,298.848132,49.999624,-82.52,27.710424,24999.812062,20170220_071842
8,KTBW20170220_123020_V06,28,0.359,282.62,301.761643,53.997504,-82.49,27.697303,26998.752188,20170220_073020
8,KTBW20170220_124005_V06,38,0.110,277.46,299.855719,62.766357,-82.52,27.705884,31383.178736,20170220_074005
7,KTBW20170220_120856_V06,6,0.232,314.83,399.748352,30.441010,-82.33,27.255177,15220.504761,20170220_070856
7,KTBW20170220_121842_V06,16,0.320,315.12,399.730475,36.412650,-82.33,27.255257,18206.325053,20170220_071842
7,KTBW20170220_123020_V06,28,-1.000,315.46,399.710238,44.252998,-82.32,27.255347,22126.498969,20170220_073020
7,KTBW20170220_124005_V06,38,-1.000,315.73,399.693373,50.786621,-82.32,27.255423,25393.310566,20170220_074005
7,KTBW20170220_124951_V06,47,-1.000,315.98,399.678195,56.666882,-82.32,27.255490,28333.441003,20170220_074951
7,KTBW20170220_130921_V06,67,0.086,254.85,416.462305,53.470656,-82.63,27.179591,26735.328071,20170220_080921
7,KTBW20170220_131907_V06,77,0.054,269.04,413.987671,41.271526,-82.56,27.190856,20635.763168,20170220_081907
14,KTBW20170220_123020_V06,28,0.596,431.01,539.482544,33.882755,-81.74,26.623084,16941.377640,20170220_073020
14,KTBW20170220_124005_V06,38,0.109,425.68,538.071730,45.581585,-81.77,26.629574,22790.792301,20170220_074005
14,KTBW20170220_124951_V06,47,-1.000,421.16,536.873869,56.324553,-81.79,26.635081,28162.276447,20170220_074951
14,KTBW20170220_130921_V06,67,0.451,422.28,520.651775,54.843057,-81.79,26.708260,27421.528708,20170220_080921
1,KTBW20170220_114926_V06,-13,0.539,400.72,267.772888,5.818314,-81.89,27.849744,2909.156799,20170220_064926
1,KTBW20170220_120856_V06,6,0.104,399.12,267.819685,29.354935,-81.90,27.849563,14677.467463,20170220_070856
5,KTBW20170220_120856_V06,6,0.883,481.74,184.469818,34.331375,-81.48,28.223439,17165.687561,20170220_070856
5,KTBW20170220_121842_V06,16,0.100,477.30,183.172907,44.295561,-81.50,28.229440,22147.780474,20170220_071842
16,KTBW20170220_123020_V06,28,0.160,456.39,385.398315,22.672264,-81.61,27.317697,11336.132050,20170220_073020
16,KTBW20170220_124005_V06,38,0.080,455.88,381.267761,31.646906,-81.61,27.336349,15823.452842,20170220_074005
16,KTBW20170220_124951_V06,47,0.097,455.32,379.511841,21.558754,-81.62,27.344288,10779.376984,20170220_074951
21,KTBW20170220_124951_V06,47,0.295,367.76,538.312683,21.430229,-82.06,26.629505,10715.114594,20170220_074951
21,KTBW20170220_130921_V06,67,-1.000,367.76,538.312683,53.230229,-82.06,26.629505,26615.114594,20170220_080921
21,KTBW20170220_131907_V06,77,0.059,401.22,522.723525,49.611103,-81.89,26.699339,24805.551452,20170220_081907
3,KTBW20170220_114926_V06,-13,0.113,524.22,506.768158,15.296680,-81.27,26.767693,7648.340225,20170220_064926
3,KTBW20170220_120856_V06,6,-1.000,524.22,506.768158,45.506680,-81.27,26.767693,22753.340225,20170220_070856
3,KTBW20170220_121842_V06,16,0.075,516.59,500.288544,35.606476,-81.31,26.797237,17803.237915,20170220_071842
4,KTBW20170220_114926_V06,-13,0.088,431.39,304.348175,7.022629,-81.74,27.684060,3511.314392,20170220_064926
6,KTBW20170220_120856_V06,6,0.492,342.19,499.168396,11.233440,-82.19,26.806405,5616.720200,20170220_070856
13,KTBW20170220_121842_V06,16,0.071,332.63,435.244629,31.531052,-82.24,27.094927,15765.525818,20170220_071842
19,KTBW20170220_124005_V06,38,0.082,305.57,401.225281,26.936234,-82.37,27.248530,13468.116760,20170220_074005
20,KTBW20170220_124951_V06,47,0.418,470.82,516.336914,57.555992,-81.54,26.726436,28777.996063,20170220_074951
13,KTBW20170221_122256_V06,21,0.849,526.87,503.223969,45.066547,-81.26,26.783576,22533.273697,20170221_072256
13,KTBW20170221_122635_V06,25,0.746,525.54,504.555174,50.906167,-81.27,26.777624,25453.083719,20170221_072635
13,KTBW20170221_123014_V06,29,0.202,518.32,503.980819,51.470496,-81.30,26.780508,25735.247825,20170221_073014
13,KTBW20170221_123353_V06,32,0.064,514.98,501.813877,51.226241,-81.32,26.790417,25613.120383,20170221_073353
13,KTBW20170221_123732_V06,36,-1.000,509.85,500.132417,51.819878,-81.35,26.798203,25909.939169,20170221_073732
13,KTBW20170221_124110_V06,40,-1.000,504.72,498.450956,52.413516,-81.37,26.805984,26206.757955,20170221_074110
13,KTBW20170221_124449_V06,43,0.547,499.26,507.003269,58.008851,-81.40,26.767595,29004.425693,20170221_074449
13,KTBW20170221_125400_V06,53,0.759,492.95,489.139779,62.866721,-81.43,26.848426,31433.360382,20170221_075400
13,KTBW20170221_130117_V06,60,0.488,487.95,485.322772,66.950735,-81.46,26.865823,33475.367384,20170221_080117
13,KTBW20170221_130456_V06,63,0.155,493.23,484.173893,67.234586,-81.43,26.870823,33617.293053,20170221_080456
13,KTBW20170221_130834_V06,67,0.128,498.05,480.424614,68.252430,-81.41,26.887569,34126.214885,20170221_080834
13,KTBW20170221_131214_V06,71,0.178,488.86,475.484943,67.350844,-81.45,26.910182,33675.421837,20170221_081214
13,KTBW20170221_131554_V06,74,-1.000,485.85,472.303106,67.271869,-81.47,26.924643,33635.934661,20170221_081554
13,KTBW20170221_131932_V06,78,0.085,441.17,506.084351,83.138649,-81.69,26.773543,41569.324493,20170221_081932
13,KTBW20170221_132311_V06,82,0.255,441.09,504.212708,87.170436,-81.69,26.781990,43585.217751,20170221_082311
13,KTBW20170221_132650_V06,85,0.066,459.49,482.557190,90.855179,-81.60,26.879205,45427.589417,20170221_082650
13,KTBW20170221_133029_V06,89,0.076,459.25,480.684165,94.562460,-81.60,26.887663,47281.230001,20170221_083029
14,KTBW20170221_122256_V06,21,0.276,279.86,297.457581,39.723217,-82.50,27.716714,19861.608505,20170221_072256
14,KTBW20170221_122635_V06,25,0.079,280.94,297.545599,46.120650,-82.50,27.716321,23060.324816,20170221_072635
14,KTBW20170221_123014_V06,29,-1.000,281.73,297.609613,52.507873,-82.49,27.716035,26253.936678,20170221_073014
14,KTBW20170221_123353_V06,32,0.258,281.50,293.250096,52.803579,-82.50,27.735704,26401.789524,20170221_073353
14,KTBW20170221_123732_V06,36,0.152,280.96,289.606151,58.494258,-82.50,27.752144,29247.129047,20170221_073732
14,KTBW20170221_124110_V06,40,0.202,280.85,288.491494,60.771780,-82.50,27.757173,30385.889922,20170221_074110
14,KTBW20170221_124449_V06,43,0.172,282.97,286.765391,63.453202,-82.49,27.764968,31726.600769,20170221_074449
14,KTBW20170221_125400_V06,53,-1.000,286.41,281.459058,72.084057,-82.47,27.788920,36042.028658,20170221_075400
14,KTBW20170221_130117_V06,60,0.119,274.11,282.248713,77.802586,-82.53,27.785312,38901.293104,20170221_080117
7,KTBW20170221_121158_V06,10,0.202,340.23,504.349030,12.408611,-82.20,26.783041,6204.305649,20170221_071158
7,KTBW20170221_121537_V06,14,0.061,340.13,503.638786,17.852578,-82.20,26.786247,8926.289072,20170221_071537
7,KTBW20170221_121916_V06,18,0.108,336.65,497.536952,19.171975,-82.22,26.813807,9585.987676,20170221_071916
7,KTBW20170221_122256_V06,21,-1.000,334.69,494.013281,20.986001,-82.23,26.829720,10493.000512,20170221_072256
7,KTBW20170221_122635_V06,25,0.066,344.26,498.288809,20.202473,-82.18,26.810358,10101.236575,20170221_072635
7,KTBW20170221_123014_V06,29,-1.000,347.81,498.125956,21.002754,-82.16,26.811063,10501.376968,20170221_073014
7,KTBW20170221_123353_V06,32,-1.000,350.47,498.003816,21.602965,-82.15,26.811590,10801.482263,20170221_073353
7,KTBW20170221_123732_V06,36,-1.000,354.01,497.840962,22.403245,-82.13,26.812291,11201.622657,20170221_073732
7,KTBW20170221_124110_V06,40,-1.000,357.55,497.678109,23.203526,-82.11,26.812990,11601.763050,20170221_074110
7,KTBW20170221_124449_V06,43,-1.000,360.21,497.555969,23.803737,-82.10,26.813513,11901.868345,20170221_074449
7,KTBW20170221_125400_V06,53,0.127,367.30,538.013847,21.545382,-82.06,26.630859,10772.691168,20170221_075400
7,KTBW20170221_130117_V06,60,0.208,370.37,540.036885,21.808163,-82.05,26.621691,10904.081605,20170221_080117
18,KTBW20170221_122635_V06,25,0.071,374.56,518.978455,20.062275,-82.03,26.716666,10031.137466,20170221_072635
18,KTBW20170221_123014_V06,29,0.062,373.97,518.783089,25.539229,-82.03,26.717555,12769.614711,20170221_073014
18,KTBW20170221_123353_V06,32,-1.000,373.64,518.676525,29.827568,-82.03,26.718040,14913.784116,20170221_073353
18,KTBW20170221_123732_V06,36,0.080,366.19,528.024471,30.344871,-82.07,26.675951,15172.435500,20170221_073732
31,KTBW20170221_123732_V06,36,0.051,412.46,261.168610,20.013901,-81.83,27.879309,10006.950378,20170221_073732
31,KTBW20170221_124110_V06,40,0.255,414.08,257.668074,26.601673,-81.82,27.895068,13300.836746,20170221_074110
31,KTBW20170221_124449_V06,43,0.198,415.96,250.968264,28.396162,-81.81,27.925256,14198.080806,20170221_074449
6,KTBW20170221_121158_V06,10,0.511,280.99,337.883270,17.071148,-82.50,27.534314,8535.573959,20170221_071158
6,KTBW20170221_121537_V06,14,0.314,281.06,338.528363,21.906648,-82.50,27.531403,10953.324026,20170221_071537
6,KTBW20170221_121916_V06,18,0.084,292.06,346.422699,13.009171,-82.44,27.495810,6504.585266,20170221_071916
11,KTBW20170221_121916_V06,18,0.063,365.87,537.197388,22.727732,-82.07,26.634561,11363.865852,20170221_071916
11,KTBW20170221_122256_V06,21,0.141,364.87,537.189442,27.138139,-82.08,26.634608,13569.069599,20170221_072256
19,KTBW20170221_122635_V06,25,0.051,343.00,442.730957,22.293144,-82.19,27.061074,11146.572113,20170221_072635
19,KTBW20170221_123014_V06,29,0.085,343.87,441.414578,27.085794,-82.18,27.067007,13542.896939,20170221_073014
25,KTBW20170221_123353_V06,32,0.241,450.83,390.195740,21.411530,-81.64,27.296207,10705.764771,20170221_073353
25,KTBW20170221_123732_V06,36,0.183,451.32,389.847169,26.780557,-81.64,27.297767,13390.278524,20170221_073732
26,KTBW20170221_123353_V06,32,0.130,420.47,314.741608,12.986832,-81.79,27.637420,6493.415833,20170221_073353
26,KTBW20170221_123732_V06,36,0.114,420.24,314.197152,18.746406,-81.79,27.639882,9373.202898,20170221_073732
30,KTBW20170221_123732_V06,36,0.057,330.94,487.973328,16.963137,-82.25,26.856999,8481.568336,20170221_073732
30,KTBW20170221_124110_V06,40,0.069,331.20,488.645393,21.865107,-82.24,26.853964,10932.553352,20170221_074110
38,KTBW20170221_131554_V06,74,0.108,317.58,388.987885,2.699829,-82.31,27.303723,1349.914551,20170221_081554
38,KTBW20170221_131932_V06,78,0.210,316.94,389.142047,8.006078,-82.32,27.303030,4003.039033,20170221_081932
38,KTBW20170221_132311_V06,82,-1.000,316.47,389.254166,13.599714,-82.32,27.302525,6799.856838,20170221_082311
38,KTBW20170221_132650_V06,85,0.113,312.96,390.666992,5.092300,-82.34,27.296160,2546.150208,20170221_082650
3,KTBW20170221_114852_V06,-13,0.066,408.33,282.072388,23.388779,-81.85,27.785079,11694.389343,20170221_064852
3,KTBW20170221_120824_V06,7,-1.000,408.33,282.072388,55.188779,-81.85,27.785079,27594.389343,20170221_070824
3,KTBW20170221_121158_V06,10,0.052,402.46,297.444336,27.021820,-81.88,27.715837,13510.910034,20170221_071158
4,KTBW20170221_120824_V06,7,0.342,411.30,190.720581,29.487854,-81.84,28.197174,14743.927002,20170221_070824
5,KTBW20170221_120824_V06,7,0.050,246.55,248.993164,24.903408,-82.67,27.935154,12451.704025,20170221_070824
16,KTBW20170221_122256_V06,21,0.051,430.21,224.548584,48.805954,-81.74,28.044127,24402.976990,20170221_072256
20,KTBW20170221_123014_V06,29,0.097,376.39,297.910980,21.760437,-82.01,27.714164,10880.218506,20170221_073014
21,KTBW20170221_123014_V06,29,0.093,424.83,290.637848,24.785416,-81.77,27.746075,12392.707825,20170221_073014
24,KTBW20170221_123353_V06,32,0.264,356.02,523.306091,39.556335,-82.12,26.697357,19778.167725,20170221_073353
34,KTBW20170221_124449_V06,43,0.104,364.84,311.852478,6.925919,-82.07,27.651411,3462.959290,20170221_074449
36,KTBW20170221_130117_V06,60,0.092,327.62,487.320374,18.506413,-82.26,26.859963,9253.206253,20170221_080117
37,KTBW20170221_131214_V06,71,0.107,381.44,523.322876,16.770458,-81.99,26.696963,8385.229111,20170221_081214
44,KTBW20170221_132311_V06,82,0.573,431.27,385.811646,25.658173,-81.74,27.316497,12829.086304,20170221_082311
45,KTBW20170221_132311_V06,82,0.426,475.31,389.498108,15.269630,-81.52,27.298620,7634.815216,20170221_082311
51,KTBW20170221_132650_V06,85,0.051,307.91,372.241638,5.256996,-82.36,27.379310,2628.498077,20170221_082650
3,KTBW20170301_114909_V06,-4,0.406,282.03,341.242126,12.911129,-82.49,27.519162,6455.564499,20170301_064909
3,KTBW20170301_120230_V06,9,0.833,280.41,298.735932,37.652905,-82.50,27.710948,18826.452617,20170301_070230
3,KTBW20170301_120608_V06,13,0.295,282.11,292.338907,41.974705,-82.49,27.739817,20987.352268,20170301_070608
3,KTBW20170301_120946_V06,16,0.678,287.15,295.207367,43.116433,-82.47,27.726889,21558.216469,20170301_070946
3,KTBW20170301_121325_V06,20,0.662,282.58,295.084477,45.134430,-82.49,27.727431,22567.215013,20170301_071325
3,KTBW20170301_121704_V06,24,0.668,282.14,291.330416,52.200216,-82.49,27.744368,26100.108009,20170301_071704
3,KTBW20170301_122043_V06,27,0.771,279.07,288.664928,54.352753,-82.51,27.756383,27176.376358,20170301_072043
3,KTBW20170301_122422_V06,31,0.660,276.62,285.413265,56.275422,-82.52,27.771045,28137.711040,20170301_072422
3,KTBW20170301_122801_V06,35,0.732,271.00,276.624004,59.220519,-82.55,27.810674,29610.259419,20170301_072801
3,KTBW20170301_123140_V06,38,0.641,278.01,274.093548,61.002566,-82.51,27.822125,30501.283226,20170301_073140
3,KTBW20170301_124125_V06,48,0.113,284.97,276.008369,65.702553,-82.48,27.813509,32851.276267,20170301_074125
2,KTBW20170301_114909_V06,-4,0.453,489.58,500.223450,13.686253,-81.45,26.798530,6843.126297,20170301_064909
2,KTBW20170301_120230_V06,9,0.966,527.04,498.859477,47.157138,-81.26,26.803263,23578.569131,20170301_070230
2,KTBW20170301_120608_V06,13,0.953,526.30,498.434145,51.797801,-81.26,26.805212,25898.900564,20170301_070608
2,KTBW20170301_120946_V06,16,-1.000,526.76,498.116854,55.749334,-81.26,26.806625,27874.667241,20170301_070946
2,KTBW20170301_121325_V06,20,0.929,512.61,489.104338,54.082843,-81.33,26.847858,27041.421456,20170301_071325
2,KTBW20170301_121704_V06,24,0.913,507.19,493.171515,56.517360,-81.36,26.829714,28258.679831,20170301_071704
13,KTBW20170301_121325_V06,20,0.051,364.42,310.027313,5.689545,-82.08,27.659651,2844.772339,20170301_071325
13,KTBW20170301_121704_V06,24,0.699,363.73,309.778847,10.049574,-82.08,27.660781,5024.786791,20170301_071704
13,KTBW20170301_122043_V06,27,0.064,359.66,307.406487,15.291160,-82.10,27.671531,7645.579820,20170301_072043
13,KTBW20170301_122422_V06,31,-1.000,355.71,305.136026,21.656380,-82.12,27.681818,10828.190202,20170301_072422
13,KTBW20170301_122801_V06,35,0.055,366.50,310.759430,4.751343,-82.06,27.656323,2375.671387,20170301_072801
18,KTBW20170301_122043_V06,27,0.662,435.45,511.594696,23.419769,-81.72,26.748821,11709.884644,20170301_072043
18,KTBW20170301_122422_V06,31,0.164,435.35,511.325555,28.439641,-81.72,26.750038,14219.820646,20170301_072422
1,KTBW20170301_114909_V06,-4,0.616,359.79,305.243286,19.290298,-82.10,27.681290,9645.149231,20170301_064909
7,KTBW20170301_114909_V06,-4,0.059,522.81,505.929169,21.972584,-81.28,26.771536,10986.291885,20170301_064909
23,KTBW20170301_123140_V06,38,0.191,467.56,457.717834,54.574821,-81.56,26.991046,27287.410736,20170301_073140
11,KTBW20170305_115118_V06,2,0.882,492.06,511.819458,17.524426,-81.44,26.746119,8762.212753,20170305_065118
11,KTBW20170305_115453_V06,5,0.952,490.30,512.997538,23.426111,-81.45,26.740864,11713.055626,20170305_065453
11,KTBW20170305_120212_V06,13,0.969,478.18,519.732309,35.506615,-81.51,26.710881,17753.307542,20170305_070212
11,KTBW20170305_120551_V06,16,0.974,470.05,521.766056,39.623060,-81.55,26.701961,19811.529991,20170305_070551
11,KTBW20170305_120930_V06,20,0.978,463.29,521.832360,42.892562,-81.58,26.701867,21446.281015,20170305_070930
11,KTBW20170305_121309_V06,24,0.978,454.74,524.245086,47.808701,-81.62,26.691227,23904.350712,20170305_071309
11,KTBW20170305_121647_V06,27,0.967,449.20,522.023537,50.601553,-81.65,26.701405,25300.776261,20170305_071647
11,KTBW20170305_122026_V06,31,0.948,445.36,527.671918,58.485111,-81.67,26.676019,29242.555681,20170305_072026
11,KTBW20170305_122405_V06,35,0.977,431.26,520.026822,55.823771,-81.74,26.710873,27911.885278,20170305_072405
11,KTBW20170305_123349_V06,44,0.918,414.08,511.538176,62.644837,-81.83,26.749562,31322.418344,20170305_073349
11,KTBW20170305_124333_V06,54,0.875,400.44,514.169077,73.332544,-81.90,26.737956,36666.271755,20170305_074333
11,KTBW20170305_130303_V06,74,0.447,370.36,472.882782,52.313946,-82.05,26.924731,26156.972885,20170305_080303
6,KTBW20170305_114133_V06,-8,0.189,286.74,342.819061,8.242722,-82.47,27.512060,4121.360779,20170305_064133
6,KTBW20170305_115118_V06,2,-1.000,286.74,342.819061,24.142722,-82.47,27.512060,12071.360779,20170305_065118
6,KTBW20170305_115453_V06,5,-1.000,286.74,342.819061,28.912722,-82.47,27.512060,14456.360779,20170305_065453
6,KTBW20170305_120212_V06,13,0.274,308.19,333.509249,26.825641,-82.36,27.554077,13412.820607,20170305_070212
6,KTBW20170305_120551_V06,16,0.111,313.44,333.829289,27.099267,-82.33,27.552623,13549.633276,20170305_070551
6,KTBW20170305_120930_V06,20,0.440,310.19,335.918144,26.085595,-82.35,27.543205,13042.797270,20170305_070930
6,KTBW20170305_121309_V06,24,0.286,308.70,336.963374,24.674435,-82.36,27.538491,12337.217530,20170305_071309
6,KTBW20170305_121647_V06,27,0.486,299.29,340.135350,24.520151,-82.41,27.524185,12260.075262,20170305_071647
6,KTBW20170305_122026_V06,31,0.410,297.11,341.827749,24.596754,-82.42,27.516548,12298.377025,20170305_072026
6,KTBW20170305_122405_V06,35,0.071,299.35,345.686316,24.781518,-82.41,27.499139,12390.758761,20170305_072405
19,KTBW20170305_120551_V06,16,0.166,364.78,313.495880,7.489700,-82.07,27.643997,3744.850159,20170305_070551
19,KTBW20170305_120930_V06,20,0.259,364.20,313.351712,12.504351,-82.08,27.644654,6252.175483,20170305_070930
19,KTBW20170305_121309_V06,24,0.087,368.08,312.480931,14.789669,-82.06,27.648536,7394.834404,20170305_071309
19,KTBW20170305_121647_V06,27,-1.000,370.19,311.968817,17.073533,-82.05,27.650819,8536.766449,20170305_071647
19,KTBW20170305_122026_V06,31,0.125,363.44,312.052582,7.400024,-82.08,27.650525,3700.012207,20170305_072026
19,KTBW20170305_122405_V06,35,0.086,363.76,312.437478,12.607348,-82.08,27.648785,6303.673905,20170305_072405
1,KTBW20170305_114133_V06,-8,0.307,276.73,354.570679,7.808876,-82.52,27.459001,3904.438019,20170305_064133
3,KTBW20170305_114133_V06,-8,0.247,237.79,252.909271,21.779015,-82.72,27.917391,10889.507294,20170305_064133
3,KTBW20170305_115118_V06,2,0.120,230.30,260.534180,8.141243,-82.76,27.882897,4070.621490,20170305_065118
15,KTBW20170305_115453_V06,5,0.068,284.77,312.918518,28.352432,-82.48,27.646969,14176.216125,20170305_065453
16,KTBW20170305_120212_V06,13,0.134,307.29,401.113159,16.442505,-82.37,27.249034,8221.252441,20170305_070212
16,KTBW20170305_120551_V06,16,0.058,286.31,376.948425,40.194027,-82.47,27.358060,20097.013474,20170305_070551
16,KTBW20170305_120930_V06,20,-1.000,286.31,376.948425,46.554027,-82.47,27.358060,23277.013474,20170305_070930
16,KTBW20170305_121309_V06,24,0.071,302.79,394.582977,21.818512,-82.39,27.278504,10909.255981,20170305_071309
33,KTBW20170305_124333_V06,54,0.128,27.14,421.671692,38.571720,-83.78,27.149438,19285.860062,20170305_074333
5,KTBW20170308_113927_V06,-7,0.747,523.86,498.688354,14.689129,-81.28,26.804165,7344.564438,20170308_063927
5,KTBW20170308_114912_V06,3,0.907,533.82,493.609668,35.771239,-81.23,26.826666,17885.619478,20170308_064912
5,KTBW20170308_115244_V06,6,0.957,533.26,492.978564,38.603886,-81.23,26.829537,19301.943087,20170308_065244
5,KTBW20170308_120017_V06,14,0.950,526.63,489.701553,47.240333,-81.26,26.844602,23620.166648,20170308_070017
5,KTBW20170308_120355_V06,17,0.945,525.13,489.874414,52.091953,-81.27,26.843884,26045.976306,20170308_070355
5,KTBW20170308_120734_V06,21,0.891,521.78,490.678905,56.500392,-81.29,26.840390,28250.196091,20170308_070734
5,KTBW20170308_121112_V06,25,0.863,516.79,489.326139,61.825855,-81.31,26.846694,30912.927331,20170308_071112
5,KTBW20170308_121451_V06,28,0.709,514.23,484.299850,63.878679,-81.32,26.869474,31939.339342,20170308_071451
5,KTBW20170308_121831_V06,32,0.796,508.68,482.833303,67.268840,-81.35,26.876306,33634.420137,20170308_071831
5,KTBW20170308_122816_V06,42,0.808,500.85,473.325477,73.582345,-81.39,26.919500,36791.172415,20170308_072816
5,KTBW20170308_123801_V06,52,0.755,485.35,458.885642,74.081557,-81.47,26.985202,37040.778468,20170308_073801
9,KTBW20170308_114912_V06,3,0.368,286.45,300.220856,26.201965,-82.47,27.704266,13100.982666,20170308_064912
9,KTBW20170308_115244_V06,6,0.581,286.17,299.974005,30.677477,-82.47,27.705380,15338.738650,20170308_065244
9,KTBW20170308_120017_V06,14,0.299,280.24,296.120661,40.935185,-82.50,27.722747,20467.592710,20170308_070017
9,KTBW20170308_120355_V06,17,0.270,282.74,295.063721,42.246297,-82.49,27.727525,21123.148455,20170308_070355
9,KTBW20170308_120734_V06,21,0.596,286.31,293.178167,44.328379,-82.47,27.736043,22164.189484,20170308_070734
9,KTBW20170308_121112_V06,25,0.747,290.27,294.762535,47.094941,-82.45,27.728903,23547.470628,20170308_071112
9,KTBW20170308_121451_V06,28,0.938,292.14,295.890110,48.722842,-82.44,27.723818,24361.421139,20170308_071451
9,KTBW20170308_121831_V06,32,0.816,294.76,300.092683,50.618659,-82.43,27.704859,25309.329301,20170308_071831
9,KTBW20170308_122816_V06,42,0.836,298.67,298.382639,57.710221,-82.41,27.712577,28855.110474,20170308_072816
9,KTBW20170308_123801_V06,52,0.785,301.97,296.008841,61.108530,-82.39,27.723288,30554.264970,20170308_073801
4,KTBW20170308_112942_V06,-17,0.053,243.10,333.317291,10.935825,-82.69,27.554650,5467.912674,20170308_062942
4,KTBW20170308_113927_V06,-7,0.111,238.82,334.771772,18.134674,-82.71,27.548040,9067.336828,20170308_063927
12,KTBW20170308_120017_V06,14,0.638,413.10,99.054688,16.979294,-81.82,28.610684,8489.646912,20170308_070017
12,KTBW20170308_120355_V06,17,0.211,413.65,99.534436,20.787000,-81.82,28.608508,10393.500021,20170308_070355
1,KTBW20170308_112942_V06,-17,0.367,230.93,344.195618,12.213375,-82.75,27.505424,6106.687546,20170308_062942
3,KTBW20170308_112942_V06,-17,0.079,272.19,359.645142,23.186855,-82.54,27.436082,11593.427658,20170308_062942
3,KTBW20170308_113927_V06,-7,0.053,279.66,358.764221,11.782967,-82.50,27.440090,5891.483307,20170308_063927
10,KTBW20170308_114912_V06,3,0.114,356.24,311.440063,12.200974,-82.12,27.653369,6100.486755,20170308_064912
10,KTBW20170308_115244_V06,6,0.085,356.69,311.155396,10.189072,-82.11,27.654648,5094.535828,20170308_065244
14,KTBW20170308_120734_V06,21,0.350,373.04,80.252075,9.792404,-82.03,28.696214,4896.202087,20170308_070734
15,KTBW20170308_124746_V06,61,0.079,285.57,361.278564,27.326218,-82.47,27.428764,13663.108826,20170308_074746
1,KTBW20170311_111938_V06,-24,0.507,438.60,111.519531,28.916763,-81.69,28.553845,14458.381653,20170311_061938
1,KTBW20170311_112924_V06,-14,0.823,416.94,82.770875,31.235550,-81.80,28.684061,15617.774955,20170311_062924
1,KTBW20170311_113910_V06,-4,0.568,399.18,93.745790,30.280282,-81.89,28.634913,15140.141144,20170311_063910
6,KTBW20170311_112924_V06,-14,0.199,531.23,516.963257,16.152248,-81.24,26.721400,8076.124191,20170311_062924
6,KTBW20170311_113910_V06,-4,0.224,528.70,521.910854,29.944497,-81.25,26.699181,14972.248278,20170311_063910
7,KTBW20170311_113910_V06,-4,0.312,374.48,323.212219,5.673416,-82.02,27.600031,2836.708069,20170311_063910
7,KTBW20170311_114856_V06,5,0.336,365.99,322.083853,17.363829,-82.07,27.605233,8681.914542,20170311_064856
16,KTBW20170311_114856_V06,5,0.093,290.76,338.906738,13.886410,-82.45,27.529721,6943.204880,20170311_064856
16,KTBW20170311_120827_V06,25,0.137,244.36,289.704972,28.148066,-82.68,27.751444,14074.032852,20170311_070827
17,KTBW20170311_120827_V06,25,0.237,497.28,531.341980,31.505745,-81.41,26.657841,15752.872467,20170311_070827
17,KTBW20170311_121811_V06,35,0.647,502.25,543.236237,51.133982,-81.39,26.603989,25566.990766,20170311_071811
11,KTBW20170311_114856_V06,5,0.435,320.10,419.725098,12.629105,-82.30,27.165018,6314.552307,20170311_064856
15,KTBW20170311_114856_V06,5,0.146,478.28,454.923279,43.382439,-81.50,27.003317,21691.219330,20170311_064856
19,KTBW20170311_123742_V06,54,0.173,204.21,100.331970,42.345741,-82.89,28.605263,21172.870636,20170311_073742
5,KTBW20170313_115146_V06,10,0.137,525.46,500.925201,27.692295,-81.27,26.794007,13846.147537,20170313_075146
5,KTBW20170313_115512_V06,14,0.853,527.28,498.880517,34.537361,-81.26,26.803158,17268.680689,20170313_075512
5,KTBW20170313_120201_V06,21,0.875,532.46,492.295765,45.077983,-81.23,26.832652,22538.991520,20170313_080201
5,KTBW20170313_120525_V06,24,0.877,529.18,492.774036,49.047114,-81.25,26.830632,24523.556938,20170313_080525
5,KTBW20170313_120850_V06,27,0.884,519.14,491.968032,47.706358,-81.30,26.834679,23853.178854,20170313_080850
5,KTBW20170313_121215_V06,31,0.915,522.20,493.716285,54.626016,-81.28,26.826668,27313.008107,20170313_081215
5,KTBW20170313_121540_V06,34,0.949,516.19,489.245046,53.912511,-81.31,26.847083,26956.255680,20170313_081540
5,KTBW20170313_121906_V06,38,0.931,515.87,487.251169,56.015835,-81.32,26.856093,28007.917535,20170313_081906
5,KTBW20170313_122235_V06,41,0.927,514.30,478.050552,55.904355,-81.32,26.897669,27952.177536,20170313_082235
5,KTBW20170313_122559_V06,44,0.459,514.16,473.051239,56.647599,-81.32,26.920233,28323.799615,20170313_082559
5,KTBW20170313_122924_V06,48,-1.000,513.59,465.649191,57.490401,-81.33,26.953654,28745.200403,20170313_082924
5,KTBW20170313_123247_V06,51,0.066,517.22,473.966583,73.994186,-81.31,26.915982,36997.093201,20170313_083247
5,KTBW20170313_123613_V06,55,-1.000,517.22,473.966583,80.354186,-81.31,26.915982,40177.093201,20170313_083613
5,KTBW20170313_123937_V06,58,0.290,457.98,444.951843,38.746986,-81.61,27.048935,19373.493195,20170313_083937
5,KTBW20170313_124300_V06,62,-1.000,457.98,444.951843,45.106986,-81.61,27.048935,22553.493195,20170313_084300
5,KTBW20170313_124623_V06,65,0.265,471.53,439.284851,54.334641,-81.54,27.074097,27167.320251,20170313_084623
2,KTBW20170313_113810_V06,-3,0.743,281.16,312.351410,13.565735,-82.50,27.649517,6782.867432,20170313_073810
2,KTBW20170313_114134_V06,0,0.114,281.52,311.694455,18.891421,-82.50,27.652482,9445.710549,20170313_074134
2,KTBW20170313_114458_V06,3,0.104,282.32,312.121648,21.413763,-82.49,27.650557,10706.881535,20170313_074458
2,KTBW20170313_114821_V06,7,0.214,282.19,317.645506,20.922213,-82.49,27.625633,10461.106345,20170313_074821
2,KTBW20170313_115146_V06,10,0.094,282.76,322.400476,20.277723,-82.49,27.604180,10138.861339,20170313_075146
2,KTBW20170313_115512_V06,14,0.187,286.14,328.639667,20.908043,-82.47,27.576038,10454.021600,20170313_075512
2,KTBW20170313_120201_V06,21,-1.000,290.16,338.795811,21.680059,-82.45,27.530221,10840.029733,20170313_080201
2,KTBW20170313_120525_V06,24,-1.000,291.88,343.148444,22.010924,-82.44,27.510584,11005.461790,20170313_080525
2,KTBW20170313_120850_V06,27,0.145,294.33,334.707402,26.717079,-82.43,27.548674,13358.539499,20170313_080850
2,KTBW20170313_121215_V06,31,-1.000,296.87,336.274300,28.607105,-82.42,27.541606,14303.552336,20170313_081215
2,KTBW20170313_121540_V06,34,0.114,302.11,329.806762,26.646060,-82.39,27.570789,13323.030209,20170313_081540
2,KTBW20170313_121906_V06,38,0.095,302.80,335.532715,23.888672,-82.39,27.544953,11944.335938,20170313_081906
2,KTBW20170313_122235_V06,41,-1.000,302.80,335.532715,28.658672,-82.39,27.544953,14329.335938,20170313_082235
2,KTBW20170313_122559_V06,44,0.134,322.76,330.480865,13.944874,-82.29,27.567700,6972.436905,20170313_082559
10,KTBW20170313_120201_V06,21,0.098,367.22,318.207825,7.200897,-82.06,27.622706,3600.448608,20170313_080201
10,KTBW20170313_120525_V06,24,0.124,366.50,318.045304,11.961984,-82.07,27.623449,5980.992233,20170313_080525
10,KTBW20170313_120850_V06,27,0.350,364.01,318.051054,14.691230,-82.08,27.623453,7345.614889,20170313_080850
10,KTBW20170313_121215_V06,31,0.168,352.78,320.210718,20.730369,-82.13,27.613830,10365.184542,20170313_081215
10,KTBW20170313_121540_V06,34,0.228,349.29,326.135020,22.482793,-82.15,27.587132,11241.396502,20170313_081540
10,KTBW20170313_121906_V06,38,0.269,347.11,324.319387,22.944565,-82.16,27.595344,11472.282415,20170313_081906
10,KTBW20170313_122235_V06,41,-1.000,344.30,324.726458,24.219658,-82.18,27.593531,12109.829244,20170313_082235
10,KTBW20170313_122559_V06,44,-1.000,341.50,325.133530,25.494752,-82.19,27.591716,12747.376072,20170313_082559
10,KTBW20170313_122924_V06,48,0.321,348.78,336.974065,26.485521,-82.16,27.538230,13242.760576,20170313_082924
1,KTBW20170313_112431_V06,-17,0.240,26.62,244.640045,38.770580,-83.79,27.948091,19385.290146,20170313_072431
1,KTBW20170313_112754_V06,-14,0.051,27.83,245.176835,44.163405,-83.78,27.945731,22081.702382,20170313_072754
4,KTBW20170313_114458_V06,3,0.079,355.84,313.518005,20.162689,-82.12,27.643997,10081.344604,20170313_074458
4,KTBW20170313_114821_V06,7,0.083,354.72,313.404068,26.673740,-82.12,27.644523,13336.870064,20170313_074821
12,KTBW20170313_120525_V06,24,0.115,453.57,432.521729,38.817642,-81.63,27.105149,19408.821106,20170313_080525
13,KTBW20170313_120525_V06,24,0.074,232.70,278.890167,25.432640,-82.74,27.800107,12716.320038,20170313_080525
26,KTBW20170313_124300_V06,62,0.106,243.32,280.995911,20.654991,-82.69,27.790728,10327.495575,20170313_084300
8,KTBW20170314_115139_V06,12,0.826,296.24,315.885620,40.423981,-82.42,27.633602,20211.990356,20170314_075139
8,KTBW20170314_120140_V06,22,0.724,295.78,309.304082,60.533002,-82.42,27.663298,30266.500961,20170314_080140
8,KTBW20170314_120643_V06,27,0.329,297.51,309.062403,66.859094,-82.41,27.664389,33429.547099,20170314_080643
8,KTBW20170314_121148_V06,32,-1.000,298.83,308.214884,73.948997,-82.41,27.668214,36974.498612,20170314_081148
8,KTBW20170314_122133_V06,42,0.115,294.31,354.037415,24.243099,-82.43,27.461454,12121.549606,20170314_082133
2,KTBW20170314_114153_V06,2,0.395,384.63,329.377533,21.211975,-81.97,27.572063,10605.987549,20170314_074153
2,KTBW20170314_115139_V06,12,0.237,366.42,327.782920,28.405478,-82.07,27.579513,14202.738921,20170314_075139
1,KTBW20170314_111238_V06,-27,0.069,286.77,374.578888,21.986526,-82.47,27.368753,10993.263245,20170314_071238
5,KTBW20170314_114153_V06,2,0.060,272.18,388.696014,2.923294,-82.54,27.304998,1461.647034,20170314_074153
9,KTBW20170314_115139_V06,12,0.189,454.77,448.435425,32.791428,-81.62,27.033308,16395.713806,20170314_075139
1,KTBW20170315_112231_V06,-16,0.530,334.61,400.643921,15.508423,-82.23,27.251046,7754.211426,20170315_072231
1,KTBW20170315_113216_V06,-6,0.173,329.14,403.242392,25.398824,-82.25,27.239353,12699.411950,20170315_073216
1,KTBW20170315_114202_V06,4,-1.000,323.98,405.693780,35.629391,-82.28,27.228317,17814.695463,20170315_074202
1,KTBW20170315_120133_V06,23,0.223,333.74,351.963778,42.564250,-82.23,27.470708,21282.125242,20170315_080133
1,KTBW20170315_121119_V06,33,0.239,332.73,356.208925,45.428986,-82.24,27.451560,22714.492906,20170315_081119
16,KTBW20170317_115148_V06,15,0.052,410.51,516.099365,18.612247,-81.85,26.729052,9306.123734,20170317_075148
16,KTBW20170317_120155_V06,25,0.054,396.22,519.011107,29.106768,-81.92,26.716182,14553.384055,20170317_080155
16,KTBW20170317_120658_V06,30,0.090,404.41,530.570268,34.485916,-81.88,26.663870,17242.958130,20170317_080658
16,KTBW20170317_121203_V06,36,0.318,409.73,533.529694,34.926364,-81.85,26.650412,17463.182218,20170317_081203
16,KTBW20170317_121706_V06,41,0.082,408.73,532.952861,39.708141,-81.86,26.653035,19854.070263,20170317_081706
1,KTBW20170317_112132_V06,-15,0.260,335.31,413.351624,13.581528,-82.22,27.193700,6790.763855,20170317_072132
1,KTBW20170317_112628_V06,-10,0.241,334.11,412.522805,19.095363,-82.23,27.197448,9547.681706,20170317_072628
1,KTBW20170317_113132_V06,-5,-1.000,333.13,411.854404,25.080715,-82.23,27.200470,12540.357391,20170317_073132
1,KTBW20170317_113635_V06,0,0.058,322.91,425.916291,25.122120,-82.29,27.137070,12561.060006,20170317_073635
1,KTBW20170317_114140_V06,5,-1.000,316.98,433.136893,27.924111,-82.32,27.104509,13962.055568,20170317_074140
1,KTBW20170317_114644_V06,10,0.110,302.21,426.227783,17.744942,-82.39,27.135712,8872.470856,20170317_074644
18,KTBW20170317_121203_V06,36,0.156,489.54,516.629272,50.672604,-81.45,26.724503,25336.301804,20170317_081203
18,KTBW20170317_121706_V06,41,0.255,488.45,515.088146,56.057231,-81.45,26.731494,28028.615648,20170317_081706
18,KTBW20170317_122209_V06,46,0.077,475.62,520.004998,56.594929,-81.52,26.709733,28297.464371,20170317_082209
18,KTBW20170317_122713_V06,51,-1.000,465.36,523.588954,58.288895,-81.57,26.693879,29144.447527,20170317_082713
18,KTBW20170317_123217_V06,56,0.087,457.64,522.897461,46.924503,-81.61,26.697226,23462.251663,20170317_083217
2,KTBW20170317_112132_V06,-15,0.135,370.30,312.220703,14.551041,-82.05,27.649681,7275.520325,20170317_072132
2,KTBW20170317_112628_V06,-10,0.103,367.38,315.542825,22.138608,-82.06,27.634729,11069.303766,20170317_072628
11,KTBW20170317_114140_V06,5,0.085,282.33,335.800354,10.640873,-82.49,27.543717,5320.436478,20170317_074140
11,KTBW20170317_114644_V06,10,0.173,281.45,334.666514,18.306476,-82.50,27.548830,9153.237894,20170317_074644
11,KTBW20170317_115148_V06,15,0.135,284.64,340.166809,14.704067,-82.48,27.524022,7352.033615,20170317_075148
11,KTBW20170317_120155_V06,25,0.056,282.44,347.579302,24.022202,-82.49,27.490569,12011.101084,20170317_080155
3,KTBW20170317_112132_V06,-15,0.124,391.11,287.862915,8.957291,-81.94,27.759272,4478.645325,20170317_072132
6,KTBW20170317_112628_V06,-10,0.068,35.76,273.997009,49.315918,-83.74,27.816110,24657.958984,20170317_072628
7,KTBW20170317_113132_V06,-5,0.231,418.02,215.028015,37.262207,-81.80,28.087363,18631.103516,20170317_073132
8,KTBW20170317_113635_V06,0,0.150,530.79,494.040039,15.367210,-81.24,26.824852,7683.605194,20170317_073635
10,KTBW20170317_113635_V06,0,0.072,272.70,303.512787,27.340576,-82.54,27.689361,13670.288086,20170317_073635
12,KTBW20170317_114140_V06,5,0.061,352.65,326.206055,25.163101,-82.14,27.586780,12581.550598,20170317_074140
19,KTBW20170317_123217_V06,56,0.104,289.08,393.231842,19.412407,-82.46,27.284591,9706.203461,20170317_083217
21,KTBW20170317_123217_V06,56,0.058,441.17,179.987823,8.394287,-81.68,28.244888,4197.143555,20170317_083217
22,KTBW20170317_124225_V06,66,0.100,356.62,325.776764,15.466782,-82.12,27.588677,7733.390808,20170317_084225
22,KTBW20170317_124728_V06,71,-1.000,356.62,325.776764,23.416782,-82.12,27.588677,11708.390808,20170317_084728
22,KTBW20170317_125230_V06,76,0.122,357.00,327.336609,17.328857,-82.11,27.581634,8664.428711,20170317_085230
11,KTBW20170318_112741_V06,-8,0.118,278.66,296.345154,21.769867,-82.51,27.721729,10884.933472,20170318_072741
11,KTBW20170318_113727_V06,2,0.907,278.78,297.088190,33.086143,-82.51,27.718376,16543.071343,20170318_073727
11,KTBW20170318_114223_V06,7,0.894,279.15,296.410934,35.362719,-82.51,27.721434,17681.359366,20170318_074223
11,KTBW20170318_114727_V06,12,0.832,277.53,292.630601,42.842724,-82.52,27.738484,21421.361969,20170318_074727
11,KTBW20170318_115231_V06,17,0.757,276.05,295.631117,47.541632,-82.52,27.724939,23770.815892,20170318_075231
11,KTBW20170318_120239_V06,27,0.447,274.55,290.687543,55.748548,-82.53,27.747238,27874.273754,20170318_080239
11,KTBW20170318_120744_V06,32,0.318,276.95,289.717260,58.923992,-82.52,27.751627,29461.996199,20170318_080744
11,KTBW20170318_121248_V06,37,0.119,278.08,287.464595,63.566266,-82.51,27.761795,31783.132852,20170318_081248
9,KTBW20170318_112741_V06,-8,0.620,529.08,505.646881,15.394897,-81.25,26.772552,7697.448730,20170318_072741
9,KTBW20170318_113727_V06,2,0.737,526.61,501.105805,21.952193,-81.26,26.793145,10976.096465,20170318_073727
9,KTBW20170318_114223_V06,7,0.879,523.07,499.756861,24.698712,-81.28,26.799376,12349.355822,20170318_074223
9,KTBW20170318_114727_V06,12,0.804,521.74,499.014099,27.872774,-81.29,26.802782,13936.386789,20170318_074727
9,KTBW20170318_115231_V06,17,0.754,528.03,504.387990,37.120025,-81.26,26.778276,18560.012559,20170318_075231
9,KTBW20170318_120239_V06,27,0.903,525.68,511.060166,50.827098,-81.27,26.748267,25413.548841,20170318_080239
4,KTBW20170318_111755_V06,-18,0.182,323.41,407.510559,8.198326,-82.28,27.220121,4099.163055,20170318_071755
4,KTBW20170318_112741_V06,-8,0.126,320.08,404.125901,19.363978,-82.30,27.235407,9681.989220,20170318_072741
4,KTBW20170318_113727_V06,2,0.067,299.41,379.408218,27.272692,-82.40,27.346978,13636.345947,20170318_073727
1,KTBW20170318_111755_V06,-18,0.648,393.92,281.514832,10.958939,-81.93,27.787865,5479.469299,20170318_071755
1,KTBW20170318_112741_V06,-8,-1.000,393.92,281.514832,26.858939,-81.93,27.787865,13429.469299,20170318_072741
1,KTBW20170318_113727_V06,2,-1.000,393.92,281.514832,42.758939,-81.93,27.787865,21379.469299,20170318_073727
1,KTBW20170318_114223_V06,7,0.163,391.85,292.747138,45.941869,-81.94,27.737222,22970.934738,20170318_074223
1,KTBW20170318_114727_V06,12,0.147,389.78,284.193681,43.896721,-81.95,27.775849,21948.360385,20170318_074727
21,KTBW20170318_123304_V06,58,0.141,476.30,511.516724,44.140656,-81.52,26.748014,22070.327759,20170318_083304
21,KTBW20170318_123809_V06,63,0.055,474.32,514.371220,50.566967,-81.53,26.735196,25283.483738,20170318_083809
3,KTBW20170318_111755_V06,-18,0.243,303.15,521.061218,19.845562,-82.39,26.707772,9922.780991,20170318_071755
13,KTBW20170318_113727_V06,2,0.205,362.58,326.103333,23.003860,-82.09,27.587137,11501.930237,20170318_073727
16,KTBW20170318_115231_V06,17,0.252,307.67,388.277832,25.729874,-82.36,27.306950,12864.936829,20170318_075231
19,KTBW20170318_122801_V06,53,0.101,254.82,194.694366,28.396774,-82.63,28.180215,14198.387146,20170318_082801
20,KTBW20170318_122801_V06,53,0.096,368.74,342.214783,35.749802,-82.05,27.514366,17874.900818,20170318_082801
3,KTBW20170319_113648_V06,2,0.094,314.99,304.474762,25.489746,-82.33,27.685069,12744.873047,20170319_073648
3,KTBW20170319_114634_V06,12,0.077,312.52,318.406222,32.760368,-82.34,27.622215,16380.184175,20170319_074634
1,KTBW20170319_111717_V06,-17,0.270,363.73,265.601990,9.883148,-82.08,27.860105,4941.574097,20170319_071717
4,KTBW20170319_114634_V06,12,0.064,349.01,323.595123,22.753647,-82.15,27.598595,11376.823425,20170319_074634
6,KTBW20170319_121551_V06,41,0.094,316.17,370.208008,2.107437,-82.32,27.388468,1053.718567,20170319_081551
