track_id,filename,from_sunrise,det_score,x,y,r,lon,lat,radius,local_time
1,KMLB20140108_114943_V06,-26,0.468,28.81,463.794067,29.939516,-82.03,27.367178,14969.758034,20140108_064943
1,KMLB20140108_115440_V06,-21,0.357,29.52,462.366223,35.731977,-82.02,27.373656,17865.988516,20140108_065440
1,KMLB20140108_115937_V06,-16,0.735,33.41,455.622996,34.416073,-82.00,27.404273,17208.036425,20140108_065937
1,KMLB20140108_120434_V06,-11,0.457,35.28,448.466259,33.529641,-81.99,27.436654,16764.820365,20140108_070434
1,KMLB20140108_120932_V06,-6,0.739,39.32,450.127876,36.399579,-81.97,27.429355,18199.789469,20140108_070932
1,KMLB20140108_121430_V06,-1,0.528,38.34,443.395759,37.396153,-81.98,27.459681,18698.076670,20140108_071430
1,KMLB20140108_121927_V06,4,0.513,37.89,436.145390,42.650236,-81.98,27.492370,21325.117868,20140108_071927
1,KMLB20140108_122425_V06,9,0.745,39.67,433.885674,43.549498,-81.97,27.502651,21774.749073,20140108_072425
1,KMLB20140108_122922_V06,14,0.467,39.68,441.415362,53.365539,-81.97,27.468681,26682.769446,20140108_072922
1,KMLB20140108_123418_V06,19,0.368,46.65,436.290852,54.412366,-81.94,27.492134,27206.183148,20140108_073418
1,KMLB20140108_123916_V06,24,0.114,42.38,427.395669,52.420497,-81.96,27.532062,26210.248265,20140108_073916
1,KMLB20140108_124413_V06,29,0.058,42.07,414.990805,49.392695,-81.96,27.588013,24696.347712,20140108_074413
1,KMLB20140108_124938_V06,34,-1.000,41.38,404.502987,47.257110,-81.96,27.635296,23628.555213,20140108_074938
1,KMLB20140108_125435_V06,39,-1.000,40.70,394.015169,45.121525,-81.97,27.682578,22560.762713,20140108_075435
1,KMLB20140108_125932_V06,44,0.154,41.35,403.861385,48.010217,-81.96,27.638189,24005.108346,20140108_075932
1,KMLB20140108_130429_V06,49,0.200,47.51,412.832888,58.019258,-81.93,27.598008,29009.629073,20140108_080429
1,KMLB20140108_130927_V06,54,0.087,61.50,378.047333,33.339146,-81.86,27.755587,16669.572830,20140108_080927
7,KMLB20140108_120932_V06,-6,0.722,339.16,449.878021,11.445633,-80.46,27.436669,5722.816467,20140108_070932
7,KMLB20140108_121430_V06,-1,0.741,337.51,450.736635,15.918425,-80.46,27.432806,7959.212279,20140108_071430
7,KMLB20140108_121927_V06,4,0.051,335.05,453.816893,16.827860,-80.48,27.418924,8413.929760,20140108_071927
14,KMLB20140108_121430_V06,-1,0.068,319.93,405.308197,6.031471,-80.55,27.637880,3015.735626,20140108_071430
14,KMLB20140108_121927_V06,4,-1.000,319.93,405.308197,13.981471,-80.55,27.637880,6990.735626,20140108_071927
14,KMLB20140108_122425_V06,9,-1.000,319.93,405.308197,21.931471,-80.55,27.637880,10965.735626,20140108_072425
14,KMLB20140108_122922_V06,14,0.501,305.20,412.327375,23.616857,-80.63,27.606244,11808.428277,20140108_072922
14,KMLB20140108_123418_V06,19,0.188,302.98,411.611864,23.245717,-80.64,27.609474,11622.858406,20140108_073418
14,KMLB20140108_123916_V06,24,0.283,296.64,399.522461,9.738655,-80.67,27.664022,4869.327545,20140108_073916
14,KMLB20140108_124413_V06,29,0.771,301.48,399.731757,14.544389,-80.65,27.663078,7272.194558,20140108_074413
14,KMLB20140108_124938_V06,34,0.057,304.37,400.581108,17.937214,-80.63,27.659245,8968.606856,20140108_074938
3,KMLB20140108_115937_V06,-16,0.194,254.49,202.980682,4.857216,-80.89,28.550577,2428.607941,20140108_065937
3,KMLB20140108_120434_V06,-11,0.139,254.38,203.207987,11.117126,-80.89,28.549551,5558.563245,20140108_070434
8,KMLB20140108_120932_V06,-6,0.536,266.62,231.439728,12.936371,-80.82,28.422275,6468.185425,20140108_070932
8,KMLB20140108_121430_V06,-1,0.685,266.04,233.244964,17.083303,-80.83,28.414127,8541.651338,20140108_071430
8,KMLB20140108_121927_V06,4,-1.000,265.57,234.700799,21.966312,-80.83,28.407556,10983.156106,20140108_071927
8,KMLB20140108_122425_V06,9,0.133,271.51,236.987244,12.933548,-80.80,28.397276,6466.773987,20140108_072425
11,KMLB20140108_120932_V06,-6,0.067,314.44,372.863525,7.679863,-80.58,27.784289,3839.931488,20140108_070932
11,KMLB20140108_121430_V06,-1,0.124,313.83,373.588771,15.244435,-80.58,27.781018,7622.217281,20140108_071430
30,KMLB20140108_124938_V06,34,0.128,106.05,568.440430,29.143440,-81.63,26.898346,14571.720123,20140108_074938
30,KMLB20140108_125435_V06,39,0.086,107.04,568.298348,35.122986,-81.63,26.899023,17561.493202,20140108_075435
31,KMLB20140108_125435_V06,39,0.137,252.82,239.099304,10.636738,-80.90,28.387613,5318.368912,20140108_075435
31,KMLB20140108_125932_V06,44,0.060,252.43,239.299937,16.432801,-80.90,28.386704,8216.400717,20140108_075932
31,KMLB20140108_130429_V06,49,0.116,247.46,235.088379,12.021015,-80.92,28.405658,6010.507584,20140108_080429
5,KMLB20140108_120434_V06,-11,0.397,284.20,407.688538,15.238762,-80.73,27.627154,7619.380951,20140108_070434
20,KMLB20140108_123418_V06,19,0.169,90.53,571.657776,29.356392,-81.71,26.883252,14678.195953,20140108_073418
21,KMLB20140108_123418_V06,19,0.149,274.04,372.860168,48.345135,-80.79,27.784261,24172.567368,20140108_073418
38,KMLB20140108_132915_V06,74,0.329,266.26,163.126678,11.306458,-80.83,28.730464,5653.228760,20140108_082915
40,KMLB20140108_132915_V06,74,0.051,38.35,437.238586,50.912369,-81.98,27.487460,25456.184387,20140108_082915
5,KMLB20140116_120207_V06,-13,0.485,314.56,378.688873,11.131081,-80.58,27.758005,5565.540314,20140116_070207
5,KMLB20140116_120703_V06,-8,0.204,313.67,382.260211,19.765156,-80.59,27.741893,9882.577919,20140116_070703
5,KMLB20140116_121159_V06,-4,0.800,308.11,394.790012,26.992519,-80.61,27.685370,13496.259287,20140116_071159
5,KMLB20140116_121655_V06,1,0.349,294.68,399.497985,38.185147,-80.68,27.664131,19092.573357,20140116_071655
5,KMLB20140116_122152_V06,6,0.060,277.38,367.956543,22.483776,-80.77,27.806401,11241.888046,20140116_072152
5,KMLB20140116_122648_V06,11,0.067,279.62,364.019992,29.155261,-80.76,27.824172,14577.630455,20140116_072648
5,KMLB20140116_123144_V06,16,-1.000,281.43,360.845354,36.074200,-80.75,27.838502,18037.100140,20140116_073144
5,KMLB20140116_123641_V06,21,0.053,281.30,361.067963,31.182041,-80.75,27.837497,15591.020584,20140116_073641
6,KMLB20140116_120207_V06,-13,0.310,269.79,230.964081,7.871735,-80.81,28.424440,3935.867310,20140116_070207
6,KMLB20140116_120703_V06,-8,0.598,270.48,232.898194,15.522262,-80.81,28.415718,7761.130856,20140116_070703
6,KMLB20140116_121159_V06,-4,0.476,271.23,236.629193,17.832668,-80.80,28.398890,8916.333983,20140116_071159
9,KMLB20140116_120703_V06,-8,0.217,323.92,407.544098,7.818779,-80.53,27.627775,3909.389496,20140116_070703
11,KMLB20140116_120703_V06,-8,0.060,311.64,340.073151,8.011047,-80.60,27.932244,4005.523682,20140116_070703
15,KMLB20140116_121655_V06,1,0.062,150.53,331.996216,27.566170,-81.41,27.966596,13783.084869,20140116_071655
16,KMLB20140116_122152_V06,6,0.261,331.93,420.732300,15.293465,-80.49,27.568227,7646.732330,20140116_072152
23,KMLB20140116_122648_V06,11,0.144,278.05,304.345917,41.401276,-80.77,28.093407,20700.637817,20140116_072648
16,KMLB20140117_121107_V06,-4,0.055,163.55,491.031525,7.512684,-81.34,27.249388,3756.341934,20140117_071107
16,KMLB20140117_122054_V06,5,0.079,158.42,487.530502,18.783775,-81.37,27.265053,9391.887405,20140117_072054
16,KMLB20140117_123041_V06,15,0.259,169.39,488.780847,34.286306,-81.31,27.259688,17143.153008,20140117_073041
16,KMLB20140117_124027_V06,25,0.212,166.34,484.089228,36.629067,-81.33,27.280783,18314.533346,20140117_074027
16,KMLB20140117_125014_V06,35,0.278,160.78,487.118125,41.595800,-81.36,27.266975,20797.899755,20140117_075014
16,KMLB20140117_130001_V06,45,0.114,153.04,492.253761,44.129804,-81.40,27.243597,22064.902231,20140117_080001
1,KMLB20140117_115133_V06,-24,0.111,175.61,267.704376,12.527412,-81.29,28.257304,6263.706207,20140117_065133
1,KMLB20140117_120121_V06,-14,0.620,172.31,283.483109,18.665512,-81.30,28.186038,9332.755837,20140117_070121
1,KMLB20140117_121107_V06,-4,0.060,158.23,294.376371,21.284479,-81.38,28.136534,10642.239592,20140117_071107
1,KMLB20140117_122054_V06,5,-1.000,146.52,304.531431,23.999653,-81.44,28.090392,11999.826449,20140117_072054
1,KMLB20140117_123041_V06,15,0.059,158.55,283.106110,21.534248,-81.37,28.187389,10767.124176,20140117_073041
25,KMLB20140117_124027_V06,25,0.088,136.88,457.186005,22.759216,-81.48,27.401360,11379.608154,20140117_074027
25,KMLB20140117_125014_V06,35,0.067,120.10,453.219354,37.836474,-81.56,27.418722,18918.236986,20140117_075014
25,KMLB20140117_130001_V06,45,0.127,92.05,462.880279,42.061804,-81.71,27.374120,21030.902190,20140117_080001
25,KMLB20140117_130947_V06,54,0.053,100.79,473.768463,28.034431,-81.66,27.325324,14017.215729,20140117_080947
2,KMLB20140117_120121_V06,-14,0.302,238.25,475.893311,5.686255,-80.97,27.319070,2843.127251,20140117_070121
2,KMLB20140117_121107_V06,-4,0.098,236.66,495.130199,14.091768,-80.97,27.232249,7045.883995,20140117_071107
6,KMLB20140117_120121_V06,-14,0.128,301.80,383.918274,18.383141,-80.65,27.734429,9191.570282,20140117_070121
6,KMLB20140117_121107_V06,-4,0.096,290.70,388.324965,26.424436,-80.70,27.714539,13212.218004,20140117_071107
6,KMLB20140117_122054_V06,5,0.325,295.66,406.807678,20.918755,-80.68,27.631150,10459.377289,20140117_072054
6,KMLB20140117_123041_V06,15,0.152,287.63,394.983917,29.809896,-80.72,27.684487,14904.948095,20140117_073041
6,KMLB20140117_124027_V06,25,0.081,270.42,385.457733,24.639061,-80.80,27.727402,12319.530487,20140117_074027
8,KMLB20140117_120121_V06,-14,0.076,347.89,447.440582,4.907379,-80.41,27.447596,2453.689575,20140117_070121
8,KMLB20140117_121107_V06,-4,0.347,347.69,447.763644,17.508788,-80.41,27.446140,8754.393771,20140117_071107
28,KMLB20140117_132921_V06,74,0.098,113.24,425.336853,13.349186,-81.60,27.544290,6674.592972,20140117_082921
28,KMLB20140117_133909_V06,84,0.325,120.53,432.939344,32.215596,-81.56,27.510238,16107.797903,20140117_083909
7,KMLB20140117_120121_V06,-14,0.105,361.17,510.311340,5.523529,-80.35,27.163772,2761.764526,20140117_070121
9,KMLB20140117_120121_V06,-14,0.063,238.16,197.714264,7.481560,-80.97,28.574170,3740.779877,20140117_070121
11,KMLB20140117_121107_V06,-4,0.463,264.64,244.246277,15.686840,-80.83,28.364485,7843.420029,20140117_071107
12,KMLB20140117_121107_V06,-4,0.195,77.21,231.279449,7.607319,-81.79,28.418389,3803.659439,20140117_071107
13,KMLB20140117_121107_V06,-4,0.193,110.40,121.516327,7.640221,-81.63,28.914840,3820.110321,20140117_071107
14,KMLB20140117_121107_V06,-4,0.151,58.02,207.103973,5.220091,-81.89,28.526598,2610.045433,20140117_071107
15,KMLB20140117_121107_V06,-4,0.096,64.08,281.352356,13.930458,-81.86,28.191930,6965.229034,20140117_071107
17,KMLB20140117_121107_V06,-4,0.054,90.01,305.242096,8.364250,-81.72,28.085248,4182.125092,20140117_071107
18,KMLB20140117_122054_V06,5,0.342,218.90,119.451874,12.888252,-81.07,28.926972,6444.126129,20140117_072054
21,KMLB20140117_122054_V06,5,0.083,166.70,57.957825,7.872398,-81.34,29.203296,3936.199188,20140117_072054
29,KMLB20140117_132921_V06,74,0.050,276.11,190.041443,27.424576,-80.78,28.609095,13712.287903,20140117_082921
2,KMLB20140124_115643_V06,-17,0.315,293.39,414.048035,10.188576,-80.69,27.598478,5094.287872,20140124_065643
2,KMLB20140124_120629_V06,-7,0.086,308.09,420.981286,24.423205,-80.61,27.567193,12211.602656,20140124_070629
2,KMLB20140124_121616_V06,3,0.400,346.86,423.834850,27.563844,-80.42,27.554118,13781.921858,20140124_071616
4,KMLB20140124_120629_V06,-7,0.652,158.97,303.814087,14.869659,-81.37,28.093975,7434.829712,20140124_070629
4,KMLB20140124_121616_V06,3,0.916,159.18,318.206355,21.761019,-81.37,28.029047,10880.509623,20140124_071616
4,KMLB20140124_122602_V06,13,0.297,158.34,337.446386,26.792330,-81.37,27.942220,13396.165121,20140124_072602
3,KMLB20140124_115643_V06,-17,0.060,200.52,361.067627,10.528183,-81.16,27.836602,5264.091492,20140124_065643
5,KMLB20140124_120629_V06,-7,0.471,272.01,234.859131,12.447571,-80.80,28.406880,6223.785400,20140124_070629
15,KMLB20140124_123547_V06,22,0.056,178.68,369.918488,14.740814,-81.27,27.796216,7370.407104,20140124_073547
11,KMLB20140206_115725_V06,-9,0.287,299.04,415.718903,5.155975,-80.66,27.590943,2577.987671,20140206_065725
11,KMLB20140206_120038_V06,-6,0.923,299.25,415.407976,10.384397,-80.66,27.592346,5192.198539,20140206_070038
11,KMLB20140206_120351_V06,-3,0.922,299.51,414.169357,11.059952,-80.66,27.597935,5529.976056,20140206_070351
11,KMLB20140206_120703_V06,1,0.942,299.17,413.638776,13.374598,-80.66,27.600329,6687.299029,20140206_070703
11,KMLB20140206_121017_V06,4,0.909,298.66,412.973006,14.104790,-80.66,27.603333,7052.395126,20140206_071017
11,KMLB20140206_121330_V06,7,0.881,299.07,413.362841,15.879344,-80.66,27.601574,7939.672245,20140206_071330
11,KMLB20140206_121643_V06,10,0.619,300.76,411.649361,17.182304,-80.65,27.609305,8591.151961,20140206_071643
11,KMLB20140206_121955_V06,13,0.758,299.22,412.570161,20.183442,-80.66,27.605151,10091.721074,20140206_071955
11,KMLB20140206_122307_V06,17,0.859,302.63,415.837450,25.659877,-80.64,27.590408,12829.938539,20140206_072307
11,KMLB20140206_122619_V06,20,0.874,298.37,415.149953,24.811626,-80.66,27.593510,12405.813108,20140206_072619
11,KMLB20140206_122932_V06,23,0.865,296.23,415.338418,25.260967,-80.67,27.592659,12630.483612,20140206_072932
15,KMLB20140206_115725_V06,-9,0.062,279.67,335.337433,6.442535,-80.76,27.953585,3221.267700,20140206_065725
15,KMLB20140206_120038_V06,-6,0.066,279.59,335.547348,10.591501,-80.76,27.952637,5295.750448,20140206_070038
15,KMLB20140206_120351_V06,-3,0.095,280.24,336.827443,13.688589,-80.75,27.946864,6844.294467,20140206_070351
15,KMLB20140206_120703_V06,1,0.089,282.22,338.334959,17.276336,-80.74,27.940070,8638.168100,20140206_070703
15,KMLB20140206_121017_V06,4,0.359,286.52,340.151871,23.133994,-80.72,27.931885,11566.997217,20140206_071017
15,KMLB20140206_121330_V06,7,0.293,289.85,343.548302,27.365014,-80.71,27.916568,13682.507101,20140206_071330
15,KMLB20140206_121643_V06,10,0.196,281.66,344.931396,22.441078,-80.75,27.910305,11220.539093,20140206_071643
15,KMLB20140206_121955_V06,13,-1.000,281.66,344.931396,27.211078,-80.75,27.910305,13605.539093,20140206_071955
15,KMLB20140206_122307_V06,17,0.090,288.32,344.463448,29.478766,-80.71,27.912435,14739.383221,20140206_072307
15,KMLB20140206_122619_V06,20,0.089,280.76,346.634821,29.269861,-80.75,27.902616,14634.930577,20140206_072619
15,KMLB20140206_122932_V06,23,0.109,272.76,351.963848,30.417056,-80.79,27.878537,15208.528066,20140206_072932
3,KMLB20140206_114748_V06,-19,0.091,312.50,375.833923,2.412186,-80.59,27.770892,1206.092834,20140206_064748
3,KMLB20140206_115100_V06,-15,0.721,313.25,375.216116,7.768279,-80.59,27.773677,3884.139464,20140206_065100
3,KMLB20140206_115412_V06,-12,0.306,314.49,375.413361,9.923686,-80.58,27.772784,4961.842768,20140206_065412
3,KMLB20140206_115725_V06,-9,0.103,315.14,370.118683,16.146793,-80.58,27.796672,8073.396670,20140206_065725
3,KMLB20140206_120038_V06,-6,0.166,313.05,368.370553,19.737989,-80.59,27.804565,9868.994693,20140206_070038
8,KMLB20140206_115412_V06,-12,0.058,264.68,231.978638,8.108383,-80.83,28.419831,4054.191589,20140206_065412
8,KMLB20140206_115725_V06,-9,0.076,264.68,232.170598,12.218356,-80.83,28.418965,6109.178014,20140206_065725
8,KMLB20140206_120038_V06,-6,0.247,262.53,237.694857,17.986561,-80.85,28.394027,8993.280529,20140206_070038
8,KMLB20140206_120351_V06,-3,-1.000,261.01,241.616805,23.341762,-80.85,28.376322,11670.880778,20140206_070351
8,KMLB20140206_120703_V06,1,0.086,266.65,251.041601,26.340268,-80.82,28.333840,13170.133987,20140206_070703
16,KMLB20140206_115725_V06,-9,0.054,306.42,341.039154,8.036243,-80.62,27.927894,4018.121719,20140206_065725
16,KMLB20140206_120038_V06,-6,-1.000,306.42,341.039154,12.806243,-80.62,27.927894,6403.121719,20140206_070038
16,KMLB20140206_120351_V06,-3,0.127,301.94,343.679759,19.636456,-80.64,27.915984,9818.227868,20140206_070351
16,KMLB20140206_120703_V06,1,0.197,298.60,346.995253,24.012712,-80.66,27.901025,12006.356134,20140206_070703
14,KMLB20140206_115725_V06,-9,0.071,278.61,186.184937,27.949951,-80.76,28.626504,13974.975586,20140206_065725
14,KMLB20140206_120038_V06,-6,0.083,278.31,186.607048,32.079580,-80.77,28.624599,16039.789989,20140206_070038
36,KMLB20140206_124535_V06,39,0.474,273.92,370.405304,30.283680,-80.79,27.795336,15141.839981,20140206_074535
36,KMLB20140206_124848_V06,42,0.075,273.03,371.192746,33.994516,-80.79,27.791779,16997.257904,20140206_074848
36,KMLB20140206_125201_V06,46,0.174,262.06,379.298065,24.272568,-80.85,27.755141,12136.283875,20140206_075201
36,KMLB20140206_125513_V06,49,0.303,261.88,379.219765,28.128486,-80.85,27.755493,14064.242755,20140206_075513
36,KMLB20140206_125826_V06,52,0.125,249.43,382.640991,22.024101,-80.91,27.739953,11012.050629,20140206_075826
36,KMLB20140206_130138_V06,55,0.070,255.99,382.120117,17.777420,-80.88,27.742362,8888.710022,20140206_080138
36,KMLB20140206_130450_V06,58,0.089,256.09,384.680481,15.776306,-80.88,27.730810,7888.153076,20140206_080450
1,KMLB20140206_113810_V06,-28,0.065,260.55,375.039886,5.521168,-80.85,27.774343,2760.583878,20140206_063810
21,KMLB20140206_121017_V06,4,0.053,161.32,258.888275,27.023621,-81.36,28.296722,13511.810303,20140206_071017
27,KMLB20140206_121955_V06,13,0.054,164.46,279.684052,25.672394,-81.34,28.202983,12836.196899,20140206_071955
2,KMLB20140208_115145_V06,-14,0.627,296.53,415.394318,9.509087,-80.67,27.592407,4754.543304,20140208_065145
2,KMLB20140208_115641_V06,-9,0.803,295.96,413.079078,13.752578,-80.67,27.602853,6876.288857,20140208_065641
2,KMLB20140208_120137_V06,-4,0.354,298.08,408.642844,15.983431,-80.66,27.622871,7991.715582,20140208_070137
2,KMLB20140208_120632_V06,1,0.199,303.82,406.681463,23.104201,-80.64,27.631720,11552.100315,20140208_070632
2,KMLB20140208_121127_V06,6,0.375,301.06,399.983700,22.615444,-80.65,27.661942,11307.722031,20140208_071127
5,KMLB20140208_115641_V06,-9,0.140,280.70,336.762390,11.861362,-80.75,27.947160,5930.681229,20140208_065641
5,KMLB20140208_120137_V06,-4,-1.000,280.70,336.762390,19.811362,-80.75,27.947160,9905.681229,20140208_070137
5,KMLB20140208_120632_V06,1,0.083,283.93,339.414687,25.714559,-80.74,27.935203,12857.279720,20140208_070632
10,KMLB20140208_123110_V06,26,0.101,294.68,358.157623,30.185856,-80.68,27.850659,15092.927933,20140208_073110
15,KMLB20140215_114933_V06,-11,0.135,43.21,489.514954,50.252216,-81.95,27.251840,25126.108170,20140215_064933
15,KMLB20140215_115246_V06,-8,0.153,44.25,490.081834,55.199818,-81.95,27.249332,27599.908930,20140215_065246
15,KMLB20140215_115601_V06,-4,0.078,49.12,491.314773,58.859836,-81.92,27.243998,29429.917802,20140215_065601
23,KMLB20140215_121833_V06,18,0.095,115.07,504.145599,57.943649,-81.59,27.188771,28971.824646,20140215_071833
23,KMLB20140215_122146_V06,21,0.085,115.84,503.378554,61.352623,-81.58,27.192258,30676.311405,20140215_072146
23,KMLB20140215_122501_V06,25,0.054,126.46,502.817651,61.158993,-81.53,27.195141,30579.496359,20140215_072501
12,KMLB20140215_113953_V06,-21,0.069,253.47,302.177216,6.095585,-80.89,28.103033,3047.792435,20140215_063953
12,KMLB20140215_114307_V06,-17,0.062,253.37,302.407754,12.011237,-80.89,28.101992,6005.618482,20140215_064307
5,KMLB20140215_113640_V06,-24,0.059,137.46,393.116516,16.329285,-81.48,27.690454,8164.642334,20140215_063640
16,KMLB20140215_114933_V06,-11,0.076,290.05,354.074524,29.422859,-80.70,27.869075,14711.429596,20140215_064933
8,KMLB20140226_114710_V06,-3,0.721,274.04,499.435730,17.853142,-80.79,27.213131,8926.570892,20140226_064710
8,KMLB20140226_115654_V06,6,0.872,276.22,504.461038,34.194829,-80.77,27.190465,17097.414697,20140226_065654
8,KMLB20140226_120638_V06,16,0.829,277.38,505.721798,47.777057,-80.77,27.184781,23888.528616,20140226_070638
8,KMLB20140226_121622_V06,26,-1.000,278.60,507.187288,61.589057,-80.76,27.178173,30794.528673,20140226_071622
8,KMLB20140226_122604_V06,36,0.220,276.64,517.743164,12.529655,-80.77,27.130533,6264.827728,20140226_072604
8,KMLB20140226_123548_V06,45,-1.000,276.64,517.743164,26.839655,-80.77,27.130533,13419.827728,20140226_073548
8,KMLB20140226_124532_V06,55,0.434,274.15,511.501623,27.236843,-80.78,27.158686,13618.421271,20140226_074532
1,KMLB20140226_113727_V06,-13,0.340,87.25,311.192566,17.766171,-81.74,28.058293,8883.085251,20140226_063727
1,KMLB20140226_114710_V06,-3,0.057,83.44,307.319679,30.530119,-81.76,28.075611,15265.059722,20140226_064710
2,KMLB20140226_113727_V06,-13,0.161,16.33,209.200745,12.688339,-82.10,28.515054,6344.169617,20140226_063727
5,KMLB20140226_113727_V06,-13,0.117,196.14,377.345886,5.073128,-81.18,27.763073,2536.563873,20140226_063727
7,KMLB20140226_113727_V06,-13,0.091,171.33,376.061951,18.598297,-81.31,27.768325,9299.148560,20140226_063727
7,KMLB20140226_114710_V06,-3,-1.000,171.33,376.061951,34.498297,-81.31,27.768325,17249.148560,20140226_064710
7,KMLB20140226_115654_V06,6,0.075,180.91,375.488556,12.319839,-81.26,27.771135,6159.919739,20140226_065654
9,KMLB20140226_114710_V06,-3,0.133,282.80,333.983795,19.556026,-80.74,27.959703,9778.013229,20140226_064710
11,KMLB20140226_114710_V06,-3,0.055,259.16,195.296234,16.015789,-80.86,28.585284,8007.894516,20140226_064710
12,KMLB20140226_115654_V06,6,0.600,266.75,83.467957,39.245113,-80.83,29.089826,19622.556686,20140226_065654
13,KMLB20140226_115654_V06,6,0.305,289.42,124.661804,15.931549,-80.71,28.904089,7965.774536,20140226_065654
17,KMLB20140226_121622_V06,26,0.143,69.54,318.180878,48.714081,-81.83,28.026026,24357.040405,20140226_071622
19,KMLB20140226_121622_V06,26,0.064,166.59,322.128113,12.835274,-81.33,28.011545,6417.636871,20140226_071622
21,KMLB20140226_122604_V06,36,0.225,288.49,460.066772,48.076752,-80.71,27.390826,24038.375854,20140226_072604
21,KMLB20140226_123548_V06,45,0.171,300.11,452.957153,41.681900,-80.65,27.422918,20840.950012,20140226_073548
24,KMLB20140226_122604_V06,36,0.091,279.05,192.021484,7.811203,-80.76,28.600175,3905.601501,20140226_072604
26,KMLB20140226_123548_V06,45,0.221,27.25,273.558197,25.116104,-82.04,28.225319,12558.052063,20140226_073548
28,KMLB20140226_123548_V06,45,0.126,291.37,126.623108,15.542603,-80.70,28.895244,7771.301270,20140226_073548
29,KMLB20140226_123548_V06,45,0.089,235.60,508.622681,28.904808,-80.98,27.171354,14452.404022,20140226_073548
36,KMLB20140226_130500_V06,75,0.182,215.13,72.178650,2.751289,-81.09,29.140165,1375.644684,20140226_080500
15,KMLB20140228_115001_V06,2,0.384,83.21,327.848755,15.780933,-81.76,27.982986,7890.466690,20140228_065001
15,KMLB20140228_115456_V06,6,0.247,82.26,328.670905,21.716268,-81.76,27.979238,10858.133987,20140228_065456
15,KMLB20140228_115951_V06,11,0.271,82.56,331.853395,25.967693,-81.76,27.964893,12983.846720,20140228_065951
15,KMLB20140228_120447_V06,16,0.549,86.17,334.419622,28.002409,-81.74,27.953462,14001.204560,20140228_070447
15,KMLB20140228_120943_V06,21,0.069,81.01,341.366925,28.507755,-81.77,27.921909,14253.877445,20140228_070943
18,KMLB20140228_115456_V06,6,0.746,159.26,308.013702,12.632736,-81.37,28.075035,6316.368103,20140228_065456
18,KMLB20140228_115951_V06,11,0.831,158.37,316.390750,20.894493,-81.37,28.037217,10447.246643,20140228_065951
18,KMLB20140228_120447_V06,16,0.658,155.34,321.548617,23.410743,-81.39,28.013865,11705.371307,20140228_070447
18,KMLB20140228_120943_V06,21,0.134,154.73,336.710988,29.253919,-81.39,27.945441,14626.959739,20140228_070943
2,KMLB20140228_113512_V06,-13,0.164,267.56,395.740417,4.851799,-80.82,27.680989,2425.899506,20140228_063512
2,KMLB20140228_114008_V06,-8,0.051,267.46,396.318612,11.503532,-80.82,27.678380,5751.765765,20140228_064008
8,KMLB20140228_114504_V06,-3,0.464,76.03,239.861908,6.562721,-81.80,28.379623,3281.360626,20140228_064504
8,KMLB20140228_115001_V06,2,0.083,78.73,239.414769,14.731567,-81.78,28.381754,7365.783326,20140228_065001
9,KMLB20140228_114504_V06,-3,0.156,158.93,292.581909,12.039818,-81.37,28.144649,6019.908905,20140228_064504
9,KMLB20140228_115001_V06,2,0.263,157.92,296.087833,17.944507,-81.38,28.128804,8972.253324,20140228_065001
10,KMLB20140228_114504_V06,-3,0.144,186.04,500.371063,25.375900,-81.23,27.207769,12687.950134,20140228_064504
10,KMLB20140228_115001_V06,2,0.189,185.22,503.872626,33.913178,-81.23,27.191951,16956.589133,20140228_065001
10,KMLB20140228_115456_V06,6,0.119,175.03,499.403564,26.235268,-81.29,27.211890,13117.633820,20140228_065456
25,KMLB20140228_115951_V06,11,0.081,224.23,350.942566,13.001629,-81.04,27.882676,6500.814438,20140228_065951
25,KMLB20140228_120447_V06,16,0.052,221.10,355.177012,19.011406,-81.05,27.863525,9505.702815,20140228_070447
1,KMLB20140228_113015_V06,-18,0.056,285.85,337.979706,7.938004,-80.73,27.941683,3969.001770,20140228_063015
5,KMLB20140228_114008_V06,-8,0.135,256.09,513.644043,5.663731,-80.88,27.148902,2831.865311,20140228_064008
12,KMLB20140228_114504_V06,-3,0.082,233.72,528.101746,22.959732,-80.99,27.083435,11479.866028,20140228_064504
14,KMLB20140228_114504_V06,-3,0.052,306.66,374.691132,7.363609,-80.62,27.776058,3681.804657,20140228_064504
22,KMLB20140228_115456_V06,6,0.075,223.58,348.826385,16.254601,-81.04,27.892214,8127.300262,20140228_065456
23,KMLB20140228_115456_V06,6,0.075,94.77,408.036255,10.163490,-81.69,27.621671,5081.745148,20140228_065456
26,KMLB20140228_115951_V06,11,0.056,160.93,451.507019,32.428200,-81.36,27.427660,16214.099884,20140228_065951
31,KMLB20140228_121438_V06,26,0.133,64.55,395.109314,30.377285,-81.85,27.678747,15188.642502,20140228_071438
1,KMLB20140305_113436_V06,-9,0.760,270.88,506.452087,18.850151,-80.80,27.181454,9425.075531,20140305_063436
1,KMLB20140305_113931_V06,-4,0.909,271.73,505.790089,25.696544,-80.80,27.184446,12848.272243,20140305_063931
1,KMLB20140305_114426_V06,1,0.900,271.54,498.142419,27.637968,-80.80,27.218954,13818.983925,20140305_064426
1,KMLB20140305_114922_V06,6,0.931,271.61,490.261378,32.580205,-80.80,27.254516,16290.102462,20140305_064922
1,KMLB20140305_115417_V06,11,0.962,271.51,484.024074,36.048049,-80.80,27.282661,18024.024512,20140305_065417
1,KMLB20140305_115912_V06,16,0.970,275.62,480.551013,41.012611,-80.78,27.298352,20506.305432,20140305_065912
1,KMLB20140305_120408_V06,21,0.916,275.24,478.213208,46.933319,-80.78,27.308899,23466.659663,20140305_070408
1,KMLB20140305_120903_V06,26,0.897,273.56,473.562601,52.757247,-80.79,27.329876,26378.623482,20140305_070903
1,KMLB20140305_121425_V06,31,0.830,272.62,474.868746,58.788049,-80.79,27.323978,29394.024360,20140305_071425
1,KMLB20140305_121922_V06,36,0.172,268.93,463.393121,61.037457,-80.81,27.375739,30518.728385,20140305_071922
6,KMLB20140305_114426_V06,1,0.058,164.73,262.425507,21.174942,-81.34,28.280852,10587.471008,20140305_064426
6,KMLB20140305_114922_V06,6,0.197,167.01,262.293628,27.445457,-81.33,28.281505,13722.728748,20140305_064922
6,KMLB20140305_115417_V06,11,-1.000,168.84,262.187274,34.041034,-81.32,28.282031,17020.517248,20140305_065417
6,KMLB20140305_115912_V06,16,0.059,160.99,267.363665,38.886781,-81.36,28.258476,19443.390420,20140305_065912
6,KMLB20140305_120408_V06,21,0.066,148.14,280.688829,44.548806,-81.43,28.198006,22274.403117,20140305_070408
4,KMLB20140305_113436_V06,-9,0.109,97.25,190.512543,33.648972,-81.69,28.603105,16824.485779,20140305_063436
9,KMLB20140305_114922_V06,6,0.064,271.60,327.592499,15.341827,-80.80,27.988492,7670.913696,20140305_064922
8,KMLB20140307_113613_V06,-5,0.088,169.89,295.483917,4.291618,-81.32,28.131837,2145.809174,20140307_063613
8,KMLB20140307_114108_V06,0,-1.000,169.89,295.483917,12.241618,-81.32,28.131837,6120.809174,20140307_064108
8,KMLB20140307_114604_V06,5,-1.000,169.89,295.483917,20.191618,-81.32,28.131837,10095.809174,20140307_064604
8,KMLB20140307_115059_V06,9,0.531,174.53,300.932412,21.377299,-81.29,28.107367,10688.649616,20140307_065059
8,KMLB20140307_115554_V06,14,0.054,169.87,293.960978,33.327125,-81.32,28.138707,16663.562681,20140307_065554
4,KMLB20140307_113118_V06,-10,0.428,281.04,333.310181,11.471054,-80.75,27.962737,5735.527039,20140307_063118
4,KMLB20140307_113613_V06,-5,0.225,280.96,333.382258,17.449607,-80.75,27.962411,8724.803353,20140307_063613
3,KMLB20140307_111136_V06,-30,0.053,306.94,378.535950,26.786942,-80.62,27.758710,13393.470764,20140307_061136
7,KMLB20140307_113118_V06,-10,0.055,265.68,367.588013,4.211082,-80.83,27.808001,2105.541229,20140307_063118
17,KMLB20140307_122031_V06,39,0.072,315.79,335.639221,15.674911,-80.57,27.952239,7837.455750,20140307_072031
10,KMLB20140308_115848_V06,19,0.053,313.42,388.355408,2.411156,-80.59,27.714392,1205.577850,20140308_065848
10,KMLB20140308_120831_V06,29,0.082,303.11,385.991731,10.770663,-80.64,27.725073,5385.331427,20140308_070831
1,KMLB20140308_112935_V06,-10,0.193,168.09,325.928162,6.589935,-81.32,27.994438,3294.967651,20140308_062935
2,KMLB20140308_112935_V06,-10,0.162,292.43,414.023499,5.221718,-80.69,27.598588,2610.858917,20140308_062935
4,KMLB20140308_112935_V06,-10,0.140,222.00,341.730225,28.114666,-81.05,27.924208,14057.332993,20140308_062935
5,KMLB20140308_112935_V06,-10,0.111,201.56,362.814331,11.910950,-81.15,27.828741,5955.474854,20140308_062935
1,KMLB20140330_110702_V06,-8,0.929,157.76,316.698822,21.029282,-81.38,28.035811,10514.640808,20140330_070702
1,KMLB20140330_111646_V06,1,0.347,158.19,314.445167,26.706362,-81.38,28.045990,13353.181100,20140330_071646
4,KMLB20140330_111646_V06,1,0.187,311.23,418.151764,20.805374,-80.60,27.579954,10402.687073,20140330_071646
4,KMLB20140330_112630_V06,11,0.211,301.36,403.163620,29.934658,-80.65,27.647594,14967.329106,20140330_072630
7,KMLB20140330_111646_V06,1,0.061,369.93,192.516205,29.670898,-80.30,28.597519,14835.449219,20140330_071646
4,KMLB20140331_110350_V06,-10,0.351,161.21,327.571594,6.586060,-81.36,27.986848,3293.029785,20140331_070350
4,KMLB20140331_111334_V06,0,0.438,159.47,326.687555,20.249715,-81.37,27.990791,10124.857368,20140331_071334
4,KMLB20140331_112318_V06,10,0.065,163.54,346.005375,24.701344,-81.35,27.903741,12350.672214,20140331_072318
11,KMLB20140331_113302_V06,20,0.054,299.90,381.010437,14.648506,-80.65,27.747550,7324.253082,20140331_073302
11,KMLB20140331_114247_V06,29,0.058,294.90,395.834248,30.069831,-80.68,27.680662,15034.915593,20140331_074247
1,KMLB20140331_105405_V06,-19,0.137,272.80,396.208282,29.297993,-80.79,27.678908,14648.996353,20140331_065405
3,KMLB20140331_110350_V06,-10,0.812,266.32,517.699158,12.321976,-80.82,27.130677,6160.987854,20140331_070350
6,KMLB20140331_110350_V06,-10,0.085,300.51,189.054321,4.961868,-80.65,28.613603,2480.934143,20140331_070350
10,KMLB20140331_112318_V06,10,0.062,175.56,407.573029,31.618103,-81.28,27.626250,15809.051514,20140331_072318
12,KMLB20140331_114247_V06,29,0.084,187.18,489.009308,28.558491,-81.22,27.259060,14279.245377,20140331_074247
13,KMLB20140331_115231_V06,39,0.207,166.80,355.663696,25.640583,-81.33,27.860247,12820.291519,20140331_075231
14,KMLB20140331_120216_V06,49,0.110,309.74,192.371826,5.400726,-80.60,28.598627,2700.363159,20140331_080216
15,KMLB20140331_122145_V06,68,0.207,301.89,150.835205,17.651886,-80.64,28.786024,8825.942993,20140331_082145
16,KMLB20140331_122145_V06,68,0.068,165.52,365.714661,28.263428,-81.34,27.814867,14131.713867,20140331_082145
16,KMLB20140331_123130_V06,78,0.056,166.25,352.506348,24.760128,-81.33,27.874479,12380.064011,20140331_083130
17,KMLB20140331_123130_V06,78,0.137,255.77,406.197784,44.912529,-80.88,27.633721,22456.264496,20140331_083130
3,KMLB20140402_105753_V06,-14,0.557,261.47,507.512634,6.131458,-80.85,27.176610,3065.729141,20140402_065753
3,KMLB20140402_110736_V06,-4,0.860,259.66,506.258730,18.785416,-80.86,27.182255,9392.707949,20140402_070736
3,KMLB20140402_111720_V06,6,0.879,257.23,505.863903,28.104823,-80.87,27.184018,14052.411392,20140402_071720
3,KMLB20140402_112704_V06,16,0.929,254.53,507.204007,37.889836,-80.88,27.177948,18944.918206,20140402_072704
3,KMLB20140402_113647_V06,25,0.755,253.63,506.509808,45.019354,-80.89,27.181073,22509.677036,20140402_073647
3,KMLB20140402_114631_V06,35,0.195,243.21,503.180146,52.324181,-80.94,27.195998,26162.090495,20140402_074631
2,KMLB20140402_105753_V06,-14,0.561,149.15,272.216431,13.196754,-81.42,28.236258,6598.377228,20140402_065753
2,KMLB20140402_110736_V06,-4,0.307,148.08,270.481701,26.100422,-81.43,28.244054,13050.210778,20140402_070736
2,KMLB20140402_111720_V06,6,0.066,142.36,262.279688,28.332417,-81.46,28.280889,14166.208698,20140402_071720
2,KMLB20140402_112704_V06,16,0.667,135.78,256.449202,31.065364,-81.49,28.306992,15532.681996,20140402_072704
2,KMLB20140402_113647_V06,25,0.303,146.66,247.159597,38.102055,-81.44,28.349229,19051.027574,20140402_073647
2,KMLB20140402_114631_V06,35,-1.000,156.69,237.306159,45.372899,-81.39,28.393964,22686.449537,20140402_074631
2,KMLB20140402_115615_V06,45,0.082,114.04,251.708160,13.269367,-81.60,28.327659,6634.683609,20140402_075615
7,KMLB20140402_105753_V06,-14,0.068,372.15,481.873169,5.434612,-80.29,27.291958,2717.306137,20140402_065753
7,KMLB20140402_110736_V06,-4,0.139,369.63,478.913156,17.929123,-80.30,27.305347,8964.561715,20140402_070736
7,KMLB20140402_111720_V06,6,0.198,371.58,474.985876,25.798769,-80.29,27.323043,12899.384747,20140402_071720
7,KMLB20140402_112704_V06,16,0.116,365.10,479.149062,37.884313,-80.33,27.304340,18942.156530,20140402_072704
31,KMLB20140402_120559_V06,54,0.082,169.96,354.820251,23.352097,-81.31,27.864131,11676.048279,20140402_080559
31,KMLB20140402_121542_V06,64,-1.000,169.96,354.820251,39.252097,-81.31,27.864131,19626.048279,20140402_081542
31,KMLB20140402_122527_V06,74,0.389,163.32,375.352040,43.487553,-81.35,27.771329,21743.776297,20140402_082527
31,KMLB20140402_123511_V06,84,0.144,169.06,371.170260,40.337918,-81.32,27.790340,20168.958840,20140402_083511
1,KMLB20140402_105753_V06,-14,0.740,157.69,319.335114,9.927010,-81.38,28.023915,4963.504791,20140402_065753
1,KMLB20140402_110736_V06,-4,0.627,156.90,317.437995,20.400780,-81.38,28.032453,10200.389969,20140402_070736
13,KMLB20140402_110736_V06,-4,0.382,33.27,304.232300,17.248940,-82.01,28.087251,8624.469757,20140402_070736
13,KMLB20140402_111720_V06,6,0.088,32.10,298.382700,26.164878,-82.02,28.113580,13082.439089,20140402_071720
13,KMLB20140402_112704_V06,16,0.051,29.50,276.761841,17.544968,-82.03,28.210982,8772.483826,20140402_072704
22,KMLB20140402_111720_V06,6,0.261,117.77,437.846436,30.203726,-81.58,27.488004,15101.862907,20140402_071720
22,KMLB20140402_112704_V06,16,0.110,115.39,436.242010,37.153003,-81.59,27.495162,18576.501363,20140402_072704
11,KMLB20140402_105753_V06,-14,0.053,226.41,510.561279,16.910233,-81.03,27.162489,8455.116272,20140402_065753
11,KMLB20140402_110736_V06,-4,-1.000,226.41,510.561279,32.810233,-81.03,27.162489,16405.116272,20140402_070736
11,KMLB20140402_111720_V06,6,0.113,224.34,527.048340,10.185692,-81.04,27.088065,5092.845917,20140402_071720
12,KMLB20140402_110736_V06,-4,0.574,152.42,81.213623,20.921608,-81.41,29.098005,10460.803986,20140402_070736
19,KMLB20140402_110736_V06,-4,0.060,327.88,427.650330,11.543945,-80.51,27.537035,5771.972656,20140402_070736
21,KMLB20140402_111720_V06,6,0.367,117.93,383.048798,31.388247,-81.58,27.735247,15694.123268,20140402_071720
28,KMLB20140402_114631_V06,35,0.137,364.96,205.906525,5.586258,-80.32,28.537173,2793.128967,20140402_074631
5,KMLB20140409_105815_V06,-5,0.299,164.63,333.626587,9.486740,-81.34,27.959618,4743.370056,20140409_065815
5,KMLB20140409_110128_V06,-2,0.334,164.69,334.490948,14.032098,-81.34,27.955720,7016.048907,20140409_070128
5,KMLB20140409_110441_V06,1,0.142,167.22,335.935806,17.085113,-81.33,27.949265,8542.556562,20140409_070441
5,KMLB20140409_110755_V06,4,0.310,168.00,343.911607,19.820868,-81.32,27.913300,9910.434190,20140409_070755
5,KMLB20140409_111108_V06,8,0.152,165.35,356.136838,26.021452,-81.34,27.858076,13010.726210,20140409_071108
18,KMLB20140409_114322_V06,40,0.067,27.15,476.646393,32.389008,-82.03,27.309109,16194.503784,20140409_074322
18,KMLB20140409_114635_V06,43,0.130,27.38,476.520166,36.634705,-82.03,27.309690,18317.352490,20140409_074635
18,KMLB20140409_114948_V06,46,0.109,28.47,476.199710,37.545420,-82.03,27.311191,18772.710018,20140409_074948
18,KMLB20140409_115302_V06,50,0.069,30.20,483.103352,42.667227,-82.02,27.280131,21333.613482,20140409_075302
1,KMLB20140409_103540_V06,-28,0.067,296.13,389.478699,30.133057,-80.67,27.709340,15066.528320,20140409_063540
13,KMLB20140409_111422_V06,11,0.068,35.12,439.470581,47.998283,-81.99,27.477231,23999.141693,20140409_071422
17,KMLB20140409_113654_V06,33,0.218,272.07,371.012177,25.425953,-80.80,27.792589,12712.976456,20140409_073654
19,KMLB20140409_114635_V06,43,0.187,22.58,295.380981,12.424241,-82.07,28.126632,6212.120533,20140409_074635
26,KMLB20140409_123034_V06,87,0.080,107.66,252.980896,12.268253,-81.64,28.321689,6134.126663,20140409_083034
27,KMLB20140409_123034_V06,87,0.080,274.06,326.813629,5.731323,-80.79,27.992019,2865.661621,20140409_083034
