track_id,filename,from_sunrise,det_score,x,y,r,lon,lat,radius,local_time
10,KAMX20150102_124313_V06,35,0.340,208.04,278.716675,14.805000,-80.87,25.705901,7402.500153,20150102_074313
10,KAMX20150102_124658_V06,38,0.090,207.48,278.406445,19.401831,-80.87,25.707292,9700.915509,20150102_074658
10,KAMX20150102_125043_V06,42,0.289,201.13,273.928933,25.483532,-80.91,25.727397,12741.765768,20150102_075043
10,KAMX20150102_125428_V06,46,0.485,198.11,272.641021,25.913164,-80.92,25.733158,12956.582172,20150102_075428
10,KAMX20150102_125812_V06,50,0.107,192.49,280.973633,20.755646,-80.95,25.695451,10377.822876,20150102_075812
3,KAMX20150102_115425_V06,-14,0.117,253.53,255.558746,5.777248,-80.64,25.810953,2888.624191,20150102_065425
3,KAMX20150102_115811_V06,-10,-1.000,253.53,255.558746,12.137248,-80.64,25.810953,6068.624191,20150102_065811
3,KAMX20150102_120158_V06,-7,0.100,250.24,250.251790,19.008328,-80.66,25.834878,9504.163850,20150102_070158
3,KAMX20150102_120542_V06,-3,0.107,250.27,245.197196,24.043532,-80.66,25.857690,12021.765970,20150102_070542
15,KAMX20150102_132120_V06,73,0.307,150.26,171.833221,19.442932,-81.16,26.187078,9721.466064,20150102_082120
15,KAMX20150102_133101_V06,83,0.312,146.97,169.073580,29.650151,-81.18,26.199446,14825.075584,20150102_083101
2,KAMX20150102_115425_V06,-14,0.124,233.23,318.076996,25.812489,-80.75,25.528594,12906.244278,20150102_065425
4,KAMX20150102_115425_V06,-14,0.103,158.21,516.950134,38.175282,-81.11,24.629649,19087.640762,20150102_065425
4,KAMX20150102_115811_V06,-10,0.085,127.65,513.373962,21.138008,-81.26,24.644994,10569.004059,20150102_065811
6,KAMX20150102_115811_V06,-10,0.308,249.04,238.954437,25.340862,-80.67,25.885854,12670.431137,20150102_065811
8,KAMX20150102_120158_V06,-7,0.058,194.41,313.032501,19.046150,-80.94,25.550796,9523.075104,20150102_070158
14,KAMX20150102_125812_V06,50,0.062,177.89,532.704102,14.816566,-81.02,24.558970,7408.283234,20150102_075812
16,KAMX20150102_132120_V06,73,0.104,266.18,120.480560,30.374538,-80.58,26.420653,15187.269211,20150102_082120
4,KAMX20150103_115123_V06,-17,0.156,251.70,252.172882,12.361958,-80.65,25.826220,6180.978775,20150103_065123
4,KAMX20150103_115508_V06,-13,0.166,250.65,250.102022,19.475859,-80.66,25.835557,9737.929572,20150103_065508
4,KAMX20150103_115854_V06,-10,0.084,246.61,246.817345,23.957772,-80.68,25.850346,11978.885762,20150103_065854
8,KAMX20150103_120624_V06,-2,0.069,222.00,310.586426,21.198784,-80.80,25.562264,10599.391937,20150103_070624
10,KAMX20150103_122510_V06,17,0.095,203.84,260.503693,14.336014,-80.89,25.788033,7168.006897,20150103_072510
10,KAMX20150103_122855_V06,20,0.405,217.53,256.291351,20.658081,-80.82,25.807252,10329.040527,20150103_072855
11,KAMX20150103_122510_V06,17,0.083,190.48,286.742706,25.919319,-80.96,25.669377,12959.659576,20150103_072510
6,KAMX20150104_123026_V06,22,0.051,207.27,250.267731,18.027252,-80.88,25.834284,9013.626099,20150104_073026
6,KAMX20150104_124009_V06,32,0.515,199.10,248.061229,26.568906,-80.92,25.844108,13284.452788,20150104_074009
3,KAMX20150104_120115_V06,-7,0.051,246.89,250.169342,15.623112,-80.68,25.835220,7811.555862,20150104_070115
4,KAMX20150126_115210_V06,-15,0.051,25.85,59.529724,29.601633,-81.79,26.689298,14800.816536,20150126_065210
1,KAMX20150203_114018_V06,-24,0.099,291.49,352.110413,15.444435,-80.46,25.375357,7722.217560,20150203_064018
1,KAMX20150203_115002_V06,-14,0.341,286.57,355.108101,22.720726,-80.48,25.361818,11360.362998,20150203_065002
1,KAMX20150203_115945_V06,-5,-1.000,282.40,357.653309,29.708709,-80.50,25.350319,14854.354407,20150203_065945
1,KAMX20150203_120929_V06,5,0.302,272.35,351.825484,28.242168,-80.55,25.376584,14121.084094,20150203_070929
1,KAMX20150203_121913_V06,15,0.207,268.23,352.903238,28.162791,-80.57,25.371699,14081.395441,20150203_071913
1,KAMX20150203_122856_V06,24,0.318,260.19,350.706721,34.466919,-80.61,25.381565,17233.459548,20150203_072856
1,KAMX20150203_123840_V06,34,0.101,256.64,316.928405,56.688370,-80.63,25.533996,28344.185020,20150203_073840
1,KAMX20150203_124824_V06,44,0.136,257.64,315.415630,57.494620,-80.62,25.540831,28747.309950,20150203_074824
1,KAMX20150203_125807_V06,54,-1.000,257.65,308.799723,61.823987,-80.62,25.570692,30911.993554,20150203_075807
1,KAMX20150203_130751_V06,63,0.123,275.26,304.103333,34.599472,-80.54,25.591988,17299.736023,20150203_080751
2,KAMX20150203_115002_V06,-14,0.224,286.72,184.598877,2.464386,-80.48,26.131374,1232.192993,20150203_065002
2,KAMX20150203_115945_V06,-5,0.771,282.53,189.528593,14.970827,-80.50,26.109115,7485.413606,20150203_065945
2,KAMX20150203_120929_V06,5,0.621,278.48,191.409977,27.746386,-80.52,26.100610,13873.193206,20150203_070929
2,KAMX20150203_121913_V06,15,0.191,281.06,192.874056,44.126603,-80.51,26.094012,22063.301726,20150203_071913
6,KAMX20150203_115002_V06,-14,0.055,299.54,149.841980,5.545563,-80.42,26.288247,2772.781372,20150203_065002
8,KAMX20150203_115945_V06,-5,0.054,284.00,359.557098,15.608959,-80.49,25.341730,7804.479599,20150203_065945
9,KAMX20150203_120929_V06,5,0.120,235.79,248.318451,24.446823,-80.73,25.843463,12223.411560,20150203_070929
14,KAMX20150203_123840_V06,34,0.087,160.97,521.112610,24.126663,-81.10,24.610925,12063.331604,20150203_073840
1,KAMX20150214_120950_V06,12,0.129,312.26,76.395996,13.384789,-80.35,26.619683,6692.394257,20150214_070950
8,KAMX20150218_114527_V06,-9,0.133,296.03,178.696594,10.515808,-80.43,26.158025,5257.904053,20150218_064527
8,KAMX20150218_114912_V06,-5,0.933,293.02,183.056184,13.408556,-80.45,26.138347,6704.277935,20150218_064912
8,KAMX20150218_115258_V06,-2,0.956,292.02,188.314792,16.359268,-80.45,26.114613,8179.634172,20150218_065258
8,KAMX20150218_115643_V06,2,0.941,293.28,189.644337,21.569994,-80.45,26.108615,10784.996788,20150218_065643
8,KAMX20150218_120028_V06,6,0.942,293.59,193.400358,26.376938,-80.45,26.091664,13188.469135,20150218_070028
8,KAMX20150218_120413_V06,10,0.681,292.55,193.284390,28.742781,-80.45,26.092186,14371.390733,20150218_070413
8,KAMX20150218_120758_V06,13,0.090,292.40,187.529904,29.960652,-80.45,26.118156,14980.326153,20150218_070758
7,KAMX20150218_114527_V06,-9,0.157,251.76,294.221344,8.589767,-80.65,25.636444,4294.883728,20150218_064527
7,KAMX20150218_114912_V06,-5,0.054,251.25,293.952091,13.778355,-80.66,25.637655,6889.177516,20150218_064912
14,KAMX20150218_120028_V06,6,0.200,200.07,320.740479,22.636826,-80.91,25.516105,11318.412781,20150218_070028
14,KAMX20150218_120413_V06,10,0.102,200.56,320.418061,28.201962,-80.91,25.517569,14100.981169,20150218_070413
15,KAMX20150218_120413_V06,10,0.123,254.02,231.191315,33.191605,-80.64,25.920932,16595.802307,20150218_070413
15,KAMX20150218_120758_V06,13,-1.000,254.02,231.191315,37.961605,-80.64,25.920932,18980.802307,20150218_070758
15,KAMX20150218_121144_V06,17,0.123,248.38,239.174285,38.363304,-80.67,25.884856,19181.651828,20150218_071144
13,KAMX20150218_115258_V06,-2,0.056,220.11,307.262115,28.371544,-80.81,25.577243,14185.771942,20150218_065258
17,KAMX20150218_121528_V06,21,0.055,322.14,191.544312,17.796280,-80.30,26.100002,8898.139954,20150218_071528
18,KAMX20150218_121528_V06,21,0.052,218.11,329.592590,27.870541,-80.82,25.476430,13935.270309,20150218_071528
21,KAMX20150218_123508_V06,41,0.073,217.81,343.775391,22.484516,-80.82,25.412413,11242.258072,20150218_073508
1,KAMX20150220_114653_V06,-6,0.245,298.09,203.881500,4.723175,-80.42,26.044365,2361.587524,20150220_064653
3,KAMX20150220_120624_V06,14,0.066,233.34,344.740814,16.074425,-80.74,25.408250,8037.212372,20150220_070624
3,KAMX20150220_121611_V06,24,-1.000,233.34,344.740814,31.974425,-80.74,25.408250,15987.212372,20150220_071611
3,KAMX20150220_122557_V06,33,0.063,225.15,352.194580,22.354301,-80.78,25.374510,11177.150726,20150220_072557
