track_id,filename,from_sunrise,det_score,x,y,r,lon,lat,radius,local_time
3,KMKX20220419_113828_V06,33,0.071,310.38,198.877136,6.328003,-88.49,43.422875,3164.001465,20220419_063828
3,KMKX20220419_114515_V06,40,0.065,309.20,198.290962,14.751839,-88.49,43.425517,7375.919651,20220419_064515
7,KMKX20220419_122543_V06,80,0.100,310.60,201.178772,4.645630,-88.49,43.412516,2322.814941,20220419_072543
7,KMKX20220419_123226_V06,87,0.320,310.44,201.291997,10.920403,-88.49,43.412007,5460.201627,20220419_073226
6,KMKX20220426_103725_V06,-18,0.066,339.68,405.474548,39.687111,-88.31,42.492788,19843.555450,20220426_053725
6,KMKX20220426_104415_V06,-11,0.246,341.42,405.816376,45.727137,-88.30,42.491226,22863.568552,20220426_054415
6,KMKX20220426_105102_V06,-4,0.056,349.96,410.339813,37.978569,-88.25,42.470739,18989.284515,20220426_055102
2,KMKX20220426_103035_V06,-25,0.432,126.34,199.250244,26.543180,-89.62,43.416215,13271.590233,20220426_053035
15,KMKX20220426_120617_V06,71,0.568,183.03,217.088318,18.450684,-89.27,43.338671,9225.341797,20220426_070617
