track_id,filename,from_sunrise,det_score,x,y,r,lon,lat,radius,local_time
7,KEVX20200705_102334_V06,-23,0.713,252.24,334.237579,8.456791,-86.17,30.409516,4228.395462,20200705_052334
7,KEVX20200705_102903_V06,-17,0.591,251.51,334.253284,14.163868,-86.17,30.409438,7081.933830,20200705_052903
7,KEVX20200705_103423_V06,-12,0.840,250.56,333.734000,13.357515,-86.18,30.411770,6678.757261,20200705_053423
7,KEVX20200705_103958_V06,-7,0.856,248.60,334.443531,13.808325,-86.19,30.408549,6904.162410,20200705_053958
7,KEVX20200705_104548_V06,-1,0.383,248.12,333.522509,15.911888,-86.19,30.412698,7955.944153,20200705_054548
11,KEVX20200705_102903_V06,-17,0.262,384.62,217.982971,9.185272,-85.48,30.933313,4592.636108,20200705_052903
11,KEVX20200705_103423_V06,-12,0.705,385.50,217.305224,13.288777,-85.47,30.936354,6644.388533,20200705_053423
11,KEVX20200705_103958_V06,-7,0.059,381.83,227.587280,21.055797,-85.49,30.890048,10527.898302,20200705_053958
9,KEVX20200705_102334_V06,-23,0.095,366.83,384.928284,19.979462,-85.57,30.180660,9989.730835,20200705_052334
9,KEVX20200705_102903_V06,-17,0.360,367.28,388.056422,27.668420,-85.57,30.166545,13834.210038,20200705_052903
16,KEVX20200705_103423_V06,-12,0.116,311.12,155.551605,13.893036,-85.86,31.215603,6946.517944,20200705_053423
16,KEVX20200705_103958_V06,-7,0.101,310.13,155.283576,20.908965,-85.87,31.216813,10454.482254,20200705_053958
21,KEVX20200705_105118_V06,5,0.447,351.35,48.375244,23.521881,-85.65,31.698645,11760.940552,20200705_055118
21,KEVX20200705_110234_V06,16,0.051,349.00,49.605801,35.443811,-85.66,31.693121,17721.905731,20200705_060234
2,KEVX20200705_101820_V06,-28,0.237,378.81,239.830078,30.187729,-85.51,30.834886,15093.864441,20200705_051820
3,KEVX20200705_101820_V06,-28,0.195,293.40,325.038177,13.185303,-85.96,30.451240,6592.651367,20200705_051820
8,KEVX20200705_102334_V06,-23,0.117,412.10,424.930115,9.938591,-85.34,29.999401,4969.295502,20200705_052334
10,KEVX20200705_102903_V06,-17,0.360,333.91,205.275482,7.830963,-85.74,30.991253,3915.481567,20200705_052903
10,KEVX20200705_103423_V06,-12,-1.000,333.91,205.275482,15.780963,-85.74,30.991253,7890.481567,20200705_053423
10,KEVX20200705_103958_V06,-7,0.074,337.08,204.960266,9.658600,-85.73,30.992651,4829.299927,20200705_053958
20,KEVX20200705_104548_V06,-1,0.098,273.91,334.422791,16.078671,-86.06,30.408847,8039.335251,20200705_054548
22,KEVX20200705_111950_V06,33,0.093,326.72,205.971252,2.378555,-85.78,30.988161,1189.277649,20200705_061950
2,KEVX20201219_120704_V06,-28,0.186,387.79,366.862610,3.831810,-85.47,30.261806,1915.904999,20201219_060704
2,KEVX20201219_121410_V06,-21,0.178,390.88,369.428375,10.860995,-85.45,30.250177,5430.497448,20201219_061410
2,KEVX20201219_122116_V06,-14,0.107,380.75,373.422065,13.998560,-85.50,30.232344,6999.280050,20201219_062116
7,KEVX20201219_121410_V06,-21,0.794,370.55,266.757355,8.787140,-85.55,30.713576,4393.569946,20201219_061410
7,KEVX20201219_122116_V06,-14,0.523,371.70,264.637508,17.351514,-85.55,30.723119,8675.757051,20201219_062116
7,KEVX20201219_122823_V06,-7,0.240,347.64,261.431928,25.646550,-85.67,30.737876,12823.275071,20201219_062823
25,KEVX20201219_123528_V06,0,0.332,179.46,269.079437,13.188126,-86.55,30.702104,6594.062805,20201219_063528
25,KEVX20201219_123958_V06,4,0.455,180.03,268.034043,19.047082,-86.55,30.706833,9523.541088,20201219_063958
25,KEVX20201219_124433_V06,9,0.420,179.35,260.339587,20.486159,-86.55,30.741517,10243.079268,20201219_064433
13,KEVX20201219_122116_V06,-14,0.204,334.77,207.877747,6.424164,-85.74,30.979511,3212.081909,20201219_062116
13,KEVX20201219_122823_V06,-7,0.382,332.17,204.127388,14.399884,-85.75,30.996443,7199.941977,20201219_062823
4,KEVX20201219_120704_V06,-28,0.113,241.17,333.244751,17.562935,-86.23,30.413871,8781.467438,20201219_060704
12,KEVX20201219_122116_V06,-14,0.289,418.13,261.319000,15.155716,-85.30,30.737163,7577.857971,20201219_062116
16,KEVX20201219_122116_V06,-14,0.076,268.59,278.121521,6.174179,-86.09,30.662741,3087.089539,20201219_062116
17,KEVX20201219_122116_V06,-14,0.064,398.70,328.185303,9.057953,-85.41,30.436036,4528.976440,20201219_062116
26,KEVX20201219_123528_V06,0,0.202,298.51,346.589935,22.730206,-85.93,30.354041,11365.102768,20201219_063528
27,KEVX20201219_123528_V06,0,0.200,250.99,228.726562,17.297222,-86.18,30.885361,8648.611069,20201219_063528
15,KEVX20201223_122348_V06,-14,0.265,479.54,483.692566,27.563965,-84.99,29.732336,13781.982422,20201223_062348
15,KEVX20201223_123055_V06,-7,0.178,480.42,489.646388,40.702198,-84.99,29.705450,20351.099020,20201223_063055
15,KEVX20201223_123524_V06,-2,0.063,476.97,485.185657,45.986722,-85.01,29.725696,22993.360802,20201223_063524
15,KEVX20201223_124005_V06,3,0.074,465.13,486.588052,47.008388,-85.07,29.719786,23504.194210,20201223_064005
5,KEVX20201223_121641_V06,-21,0.314,381.44,373.281952,8.283775,-85.50,30.232965,4141.887665,20201223_061641
5,KEVX20201223_122348_V06,-14,0.373,380.13,371.565936,17.924809,-85.51,30.240726,8962.404479,20201223_062348
5,KEVX20201223_123055_V06,-7,0.108,367.39,366.656021,26.027634,-85.57,30.263066,13013.816900,20201223_063055
9,KEVX20201223_121641_V06,-21,0.062,186.71,340.617462,7.877682,-86.51,30.379644,3938.840866,20201223_061641
9,KEVX20201223_122348_V06,-14,0.136,182.44,334.884887,17.508328,-86.53,30.405396,8754.163844,20201223_062348
9,KEVX20201223_123055_V06,-7,0.070,169.22,315.735462,22.671350,-86.60,30.491419,11335.675211,20201223_063055
13,KEVX20201223_121641_V06,-21,0.052,410.13,334.149078,2.046051,-85.35,30.408891,1023.025513,20201223_061641
13,KEVX20201223_122348_V06,-14,0.247,407.37,333.509763,13.862951,-85.36,30.411837,6931.475328,20201223_062348
13,KEVX20201223_123055_V06,-7,0.073,401.82,329.437352,20.964241,-85.39,30.430324,10482.120417,20201223_063055
17,KEVX20201223_122348_V06,-14,0.196,271.51,343.627472,4.765018,-86.07,30.367318,2382.509232,20201223_062348
17,KEVX20201223_123055_V06,-7,0.097,269.54,343.763862,14.170100,-86.08,30.366691,7085.050215,20201223_063055
17,KEVX20201223_123524_V06,-2,0.821,257.97,339.341380,24.765245,-86.14,30.386550,12382.622589,20201223_063524
23,KEVX20201223_122348_V06,-14,0.078,335.45,269.739380,4.856430,-85.74,30.700516,2428.215027,20201223_062348
23,KEVX20201223_123055_V06,-7,0.410,336.64,266.292034,19.981498,-85.73,30.716054,9990.749088,20201223_063055
23,KEVX20201223_123524_V06,-2,0.298,344.82,260.639009,27.892998,-85.69,30.741480,13946.499244,20201223_063524
4,KEVX20201223_121641_V06,-21,0.576,463.81,279.789520,5.360931,-85.07,30.652517,2680.465698,20201223_061641
4,KEVX20201223_122348_V06,-14,0.115,462.81,281.453770,14.206402,-85.07,30.645045,7103.201060,20201223_062348
8,KEVX20201223_121641_V06,-21,0.070,380.34,252.313202,5.254196,-85.50,30.778563,2627.098083,20201223_061641
8,KEVX20201223_122348_V06,-14,0.113,376.96,257.493276,13.157614,-85.52,30.755257,6578.807110,20201223_062348
16,KEVX20201223_122348_V06,-14,0.202,339.15,359.245667,7.715851,-85.72,30.296801,3857.925415,20201223_062348
16,KEVX20201223_123055_V06,-7,0.090,338.63,356.380949,17.060105,-85.72,30.309726,8530.052700,20201223_063055
29,KEVX20201223_123055_V06,-7,0.103,218.12,266.665436,8.023712,-86.35,30.713809,4011.856079,20201223_063055
29,KEVX20201223_123524_V06,-2,0.125,216.33,267.007705,15.307667,-86.36,30.712235,7653.833622,20201223_063524
30,KEVX20201223_123055_V06,-7,0.068,365.50,97.306183,4.891602,-85.58,31.477821,2445.800781,20201223_063055
30,KEVX20201223_123524_V06,-2,0.074,365.62,97.113428,11.616879,-85.58,31.478689,5808.439427,20201223_063524
30,KEVX20201223_124005_V06,3,0.484,365.68,96.386505,10.418228,-85.58,31.481966,5209.114075,20201223_064005
32,KEVX20201223_124005_V06,3,0.525,473.51,195.103333,6.971375,-85.01,31.034079,3485.687256,20201223_064005
32,KEVX20201223_124446_V06,7,0.225,473.50,195.161407,13.222487,-85.01,31.033817,6611.243425,20201223_064446
1,KEVX20201223_120935_V06,-28,0.085,363.22,434.346619,9.963013,-85.59,29.957812,4981.506348,20201223_060935
2,KEVX20201223_120935_V06,-28,0.075,199.25,328.169373,22.728493,-86.45,30.436066,11364.246368,20201223_060935
14,KEVX20201223_122348_V06,-14,0.277,408.31,127.611664,5.204056,-85.35,31.340371,2602.027893,20201223_062348
18,KEVX20201223_122348_V06,-14,0.168,253.18,226.451935,10.412544,-86.17,30.895641,5206.272125,20201223_062348
22,KEVX20201223_122348_V06,-14,0.081,338.76,211.395477,11.882675,-85.72,30.963616,5941.337585,20201223_062348
27,KEVX20201223_123055_V06,-7,0.245,410.28,185.724304,7.606277,-85.34,31.078264,3803.138733,20201223_063055
28,KEVX20201223_123055_V06,-7,0.162,91.24,267.043274,6.425739,-87.01,30.708248,3212.869644,20201223_063055
37,KEVX20201223_124446_V06,7,0.126,356.37,295.425934,9.263931,-85.63,30.584468,4631.965637,20201223_064446
38,KEVX20201223_124446_V06,7,0.062,160.55,195.273712,25.194084,-86.65,31.034432,12597.042084,20201223_064446
38,KEVX20201223_124926_V06,12,0.063,165.95,228.552551,34.843681,-86.62,30.884512,17421.840668,20201223_064926
41,KEVX20201223_125407_V06,17,0.065,267.68,330.404327,6.665573,-86.09,30.426933,3332.786560,20201223_065407
42,KEVX20201223_131251_V06,35,0.054,19.83,267.202179,8.999615,-87.38,30.703879,4499.807358,20201223_071251
