track_id,filename,from_sunrise,det_score,x,y,r,lon,lat,radius,local_time
4,KDOX20210816_095033_V06,-26,0.097,172.04,174.297882,5.399643,-76.18,39.389345,2699.821472,20210816_055033
4,KDOX20210816_095509_V06,-21,0.670,169.73,175.764158,12.375429,-76.20,39.382656,6187.714669,20210816_055509
4,KDOX20210816_100418_V06,-12,0.884,166.74,178.514948,21.347359,-76.21,39.370156,10673.679270,20210816_060418
4,KDOX20210816_100854_V06,-8,0.868,166.79,176.839623,26.471759,-76.21,39.377702,13235.879749,20210816_060854
4,KDOX20210816_101329_V06,-3,0.777,167.84,174.971711,31.830979,-76.21,39.386154,15915.489561,20210816_061329
4,KDOX20210816_101805_V06,2,0.666,168.29,175.515668,37.310738,-76.20,39.383721,18655.368845,20210816_061805
4,KDOX20210816_102241_V06,6,0.442,170.31,174.610516,45.213231,-76.19,39.387873,22606.615473,20210816_062241
4,KDOX20210816_102716_V06,11,0.380,170.46,174.237132,50.955386,-76.19,39.389560,25477.693232,20210816_062716
4,KDOX20210816_103152_V06,15,0.257,166.07,175.817225,51.769138,-76.22,39.382278,25884.568765,20210816_063152
4,KDOX20210816_103628_V06,20,0.062,169.00,171.078746,56.128990,-76.20,39.403729,28064.495026,20210816_063628
8,KDOX20210816_095509_V06,-21,0.155,391.96,256.326019,17.373520,-74.91,39.021060,8686.759949,20210816_055509
8,KDOX20210816_100418_V06,-12,0.148,383.19,253.413471,31.016349,-74.96,39.034396,15508.174402,20210816_060418
8,KDOX20210816_100854_V06,-8,0.138,376.24,252.048234,32.310457,-75.00,39.040703,16155.228744,20210816_060854
8,KDOX20210816_101329_V06,-3,0.175,370.65,250.881007,33.521733,-75.03,39.046077,16760.866513,20210816_061329
8,KDOX20210816_101805_V06,2,0.185,365.61,251.773804,35.890084,-75.06,39.042154,17945.042022,20210816_061805
8,KDOX20210816_102241_V06,6,0.287,364.58,251.891656,36.092937,-75.07,39.041642,18046.468316,20210816_062241
8,KDOX20210816_102716_V06,11,0.214,360.84,253.565408,41.482170,-75.09,39.034171,20741.085071,20210816_062716
8,KDOX20210816_103152_V06,15,0.088,357.42,248.377278,47.916284,-75.11,39.057595,23958.141896,20210816_063152
8,KDOX20210816_103628_V06,20,0.059,361.16,244.174822,53.969330,-75.09,39.076458,26984.665190,20210816_063628
8,KDOX20210816_104104_V06,25,0.213,361.12,257.244934,45.030655,-75.09,39.017594,22515.327454,20210816_064104
1,KDOX20210816_095033_V06,-26,0.956,450.23,136.416656,22.292664,-74.57,39.559042,11146.331787,20210816_055033
1,KDOX20210816_095509_V06,-21,0.964,450.14,137.453157,27.651303,-74.57,39.554379,13825.651411,20210816_055509
1,KDOX20210816_100418_V06,-12,0.962,454.42,141.636996,37.516770,-74.54,39.535350,18758.384779,20210816_060418
1,KDOX20210816_100854_V06,-8,0.946,455.33,145.408379,44.306028,-74.54,39.518327,22153.013965,20210816_060854
1,KDOX20210816_101329_V06,-3,0.895,463.28,147.220022,48.905117,-74.49,39.509804,24452.558729,20210816_061329
1,KDOX20210816_101805_V06,2,0.825,464.81,149.991946,54.430323,-74.48,39.497249,27215.161657,20210816_061805
1,KDOX20210816_102241_V06,6,0.660,469.90,149.837006,58.855638,-74.45,39.497702,29427.818849,20210816_062241
1,KDOX20210816_102716_V06,11,0.080,476.36,147.799974,62.475635,-74.41,39.506553,31237.817620,20210816_062716
2,KDOX20210816_095033_V06,-26,0.697,377.00,201.461121,4.535873,-74.99,39.268514,2267.936707,20210816_055033
2,KDOX20210816_095509_V06,-21,0.925,375.94,201.228449,9.061059,-75.00,39.269585,4530.529432,20210816_055509
2,KDOX20210816_100418_V06,-12,0.908,371.99,200.866436,16.325604,-75.02,39.271299,8162.802109,20210816_060418
2,KDOX20210816_100854_V06,-8,0.840,372.18,198.649822,20.710819,-75.02,39.281278,10355.409542,20210816_060854
2,KDOX20210816_101329_V06,-3,0.792,376.55,201.135538,20.433124,-75.00,39.269990,10216.561813,20210816_061329
2,KDOX20210816_101805_V06,2,-1.000,380.16,202.822137,21.073338,-74.98,39.262314,10536.669023,20210816_061805
2,KDOX20210816_102241_V06,6,0.913,368.75,196.987027,20.565819,-75.04,39.288836,10282.909274,20210816_062241
2,KDOX20210816_102716_V06,11,0.491,365.07,195.570070,20.352380,-75.06,39.295288,10176.190030,20210816_062716
2,KDOX20210816_103152_V06,15,0.377,361.07,192.729836,24.421174,-75.09,39.308151,12210.586905,20210816_063152
2,KDOX20210816_103628_V06,20,-1.000,356.49,189.893201,27.643847,-75.11,39.321004,13821.923683,20210816_063628
2,KDOX20210816_104104_V06,25,0.071,367.08,209.966827,8.032349,-75.05,39.230412,4016.174316,20210816_064104
12,KDOX20210816_100418_V06,-12,0.633,288.29,111.941254,7.161316,-75.51,39.672497,3580.657959,20210816_060418
12,KDOX20210816_100854_V06,-8,0.737,287.92,113.899414,13.683822,-75.51,39.663678,6841.910837,20210816_060854
12,KDOX20210816_101329_V06,-3,0.905,287.92,114.404974,18.649907,-75.51,39.661401,9324.953673,20210816_061329
12,KDOX20210816_101805_V06,2,0.883,289.27,114.118104,21.889918,-75.50,39.662697,10944.958808,20210816_061805
12,KDOX20210816_102241_V06,6,0.605,289.76,120.627845,30.650011,-75.50,39.633383,15325.005652,20210816_062241
12,KDOX20210816_102716_V06,11,0.446,285.59,120.283471,37.329711,-75.52,39.634919,18664.855506,20210816_062716
12,KDOX20210816_103152_V06,15,-1.000,283.22,121.345985,43.221390,-75.54,39.630123,21610.694948,20210816_063152
12,KDOX20210816_103628_V06,20,0.155,268.44,114.346808,41.526695,-75.62,39.661540,20763.347647,20210816_063628
13,KDOX20210816_100418_V06,-12,0.629,223.29,399.678345,9.667969,-75.88,38.375763,4833.984375,20210816_060418
13,KDOX20210816_100854_V06,-8,0.551,224.26,399.280520,14.262807,-75.87,38.377576,7131.403265,20210816_060854
13,KDOX20210816_101329_V06,-3,0.760,224.10,398.975324,15.623531,-75.87,38.378947,7811.765446,20210816_061329
13,KDOX20210816_101805_V06,2,0.753,222.24,399.371303,18.432512,-75.88,38.377123,9216.255767,20210816_061805
13,KDOX20210816_102241_V06,6,0.464,220.06,398.574119,22.322682,-75.90,38.380666,11161.340758,20210816_062241
13,KDOX20210816_102716_V06,11,0.113,223.34,394.554596,17.861519,-75.88,38.398843,8930.759430,20210816_062716
23,KDOX20210816_100854_V06,-8,0.303,198.13,316.284790,13.448967,-76.03,38.750742,6724.483490,20210816_060854
23,KDOX20210816_101329_V06,-3,0.305,197.71,315.506186,19.211759,-76.03,38.754237,9605.879439,20210816_061329
23,KDOX20210816_101805_V06,2,0.330,193.40,315.701894,20.845997,-76.05,38.753228,10422.998635,20210816_061805
23,KDOX20210816_102241_V06,6,0.309,191.44,316.871528,19.946661,-76.06,38.747900,9973.330477,20210816_062241
23,KDOX20210816_102716_V06,11,0.058,192.62,324.329220,23.226226,-76.06,38.714348,11613.112829,20210816_062716
26,KDOX20210816_101329_V06,-3,0.140,275.44,488.780640,8.338566,-75.58,37.975144,4169.282913,20210816_061329
26,KDOX20210816_101805_V06,2,0.604,274.28,488.636083,16.286559,-75.59,37.975787,8143.279486,20210816_061805
26,KDOX20210816_102241_V06,6,0.381,271.29,485.203462,24.596716,-75.60,37.991227,12298.357983,20210816_062241
26,KDOX20210816_102716_V06,11,0.079,274.87,489.077624,27.113996,-75.58,37.973802,13556.998095,20210816_062716
14,KDOX20210816_100418_V06,-12,0.404,295.55,379.178467,67.832329,-75.47,38.468926,33916.164398,20210816_060418
14,KDOX20210816_100854_V06,-8,0.349,295.97,378.586089,72.319855,-75.46,38.471594,36159.927508,20210816_060854
14,KDOX20210816_101329_V06,-3,0.557,295.55,378.398852,68.628287,-75.47,38.472437,34314.143609,20210816_061329
14,KDOX20210816_101805_V06,2,0.329,301.12,384.224701,57.796150,-75.43,38.446198,28898.075104,20210816_061805
14,KDOX20210816_102241_V06,6,0.078,300.68,385.241856,62.711960,-75.44,38.441617,31355.980111,20210816_062241
14,KDOX20210816_102716_V06,11,0.059,301.39,392.591614,49.910896,-75.43,38.408511,24955.448151,20210816_062716
24,KDOX20210816_101329_V06,-3,0.465,279.54,149.535187,11.604843,-75.56,39.503155,5802.421570,20210816_061329
24,KDOX20210816_101805_V06,2,0.548,278.29,150.346035,16.793846,-75.57,39.499496,8396.922855,20210816_061805
24,KDOX20210816_102241_V06,6,0.209,275.93,150.745133,18.593662,-75.58,39.497683,9296.831116,20210816_062241
35,KDOX20210816_101805_V06,2,0.056,422.54,186.386871,2.975555,-74.73,39.335099,1487.777710,20210816_061805
35,KDOX20210816_102241_V06,6,-1.000,422.54,186.386871,9.335555,-74.73,39.335099,4667.777710,20210816_062241
35,KDOX20210816_102716_V06,11,-1.000,422.54,186.386871,17.285555,-74.73,39.335099,8642.777710,20210816_062716
35,KDOX20210816_103152_V06,15,0.253,407.38,188.943723,20.209387,-74.82,39.324084,10104.693291,20210816_063152
35,KDOX20210816_103628_V06,20,-1.000,398.56,190.432040,26.159229,-74.87,39.317642,13079.614301,20210816_063628
35,KDOX20210816_104104_V06,25,0.154,393.05,190.057473,31.042139,-74.90,39.319480,15521.069567,20210816_064104
54,KDOX20210816_113135_V06,75,0.128,364.57,201.526245,70.754944,-75.07,39.268473,35377.471924,20210816_073135
54,KDOX20210816_113611_V06,80,0.091,364.67,202.022964,76.755581,-75.07,39.266234,38377.790285,20210816_073611
54,KDOX20210816_114046_V06,84,0.151,364.73,202.192114,74.942437,-75.06,39.265471,37471.218525,20210816_074046
6,KDOX20210816_095509_V06,-21,0.207,306.70,236.177307,2.477264,-75.40,39.113005,1238.632202,20210816_055509
6,KDOX20210816_100418_V06,-12,0.147,305.95,234.565557,12.337249,-75.41,39.120265,6168.624327,20210816_060418
16,KDOX20210816_100418_V06,-12,0.257,279.88,151.600189,8.608139,-75.56,39.493858,4304.069519,20210816_060418
16,KDOX20210816_100854_V06,-8,0.467,278.84,151.642044,14.532124,-75.56,39.493663,7266.061895,20210816_060854
21,KDOX20210816_100418_V06,-12,0.072,297.33,171.711884,9.695709,-75.46,39.403341,4847.854614,20210816_060418
21,KDOX20210816_100854_V06,-8,0.097,297.81,171.130727,15.018504,-75.45,39.405959,7509.252226,20210816_060854
21,KDOX20210816_101329_V06,-3,0.202,300.24,169.511322,12.924881,-75.44,39.413253,6462.440491,20210816_061329
27,KDOX20210816_101329_V06,-3,0.087,204.17,336.453156,8.737228,-75.99,38.660074,4368.614197,20210816_061329
27,KDOX20210816_101805_V06,2,0.104,204.21,336.322484,15.709640,-75.99,38.660663,7854.820121,20210816_061805
49,KDOX20210816_104540_V06,29,0.050,317.80,430.758759,30.132507,-75.34,38.236547,15066.253662,20210816_064540
49,KDOX20210816_105015_V06,34,0.283,318.26,432.614948,37.474249,-75.34,38.228183,18737.124392,20210816_065015
22,KDOX20210816_100418_V06,-12,0.059,186.12,211.380524,4.462677,-76.10,39.222834,2231.338501,20210816_060418
30,KDOX20210816_101805_V06,2,0.959,370.50,198.175079,15.974854,-75.03,39.283451,7987.426758,20210816_061805
44,KDOX20210816_103628_V06,20,0.086,299.72,513.588745,32.673717,-75.44,37.863475,16336.858749,20210816_063628
48,KDOX20210816_104540_V06,29,0.059,284.17,158.185730,24.204727,-75.53,39.464222,12102.363586,20210816_064540
51,KDOX20210816_110403_V06,48,0.107,420.52,191.780884,6.606079,-74.74,39.310878,3303.039551,20210816_070403
51,KDOX20210816_110838_V06,52,-1.000,420.52,191.780884,12.966079,-74.74,39.310878,6483.039551,20210816_070838
51,KDOX20210816_111314_V06,57,0.190,419.41,193.454590,8.905960,-74.75,39.303378,4452.980042,20210816_071314
53,KDOX20210816_112225_V06,66,0.256,204.90,341.298492,12.048729,-75.99,38.638270,6024.364471,20210816_072225
55,KDOX20210816_114046_V06,84,0.108,219.96,346.398224,12.809582,-75.90,38.615673,6404.790878,20210816_074046
2,KDOX20210821_100023_V06,-21,0.223,162.26,186.624237,11.111938,-76.24,39.333462,5555.969238,20210821_060023
2,KDOX20210821_100336_V06,-18,0.944,165.73,185.638905,13.611808,-76.22,39.338035,6805.903982,20210821_060336
2,KDOX20210821_100651_V06,-15,0.957,167.07,185.625168,15.719163,-76.21,39.338148,7859.581377,20210821_060651
2,KDOX20210821_101005_V06,-11,0.899,168.24,186.553118,19.833156,-76.20,39.334014,9916.577905,20210821_061005
2,KDOX20210821_101319_V06,-8,0.924,167.39,189.307182,25.581882,-76.21,39.321579,12790.940796,20210821_061319
2,KDOX20210821_101633_V06,-5,0.850,166.98,190.517712,30.078073,-76.21,39.316112,15039.036424,20210821_061633
2,KDOX20210821_101947_V06,-2,0.865,165.17,189.324632,33.413061,-76.22,39.321415,16706.530354,20210821_061947
2,KDOX20210821_102301_V06,2,0.830,165.92,194.140558,39.782963,-76.22,39.299756,19891.481626,20210821_062301
2,KDOX20210821_102615_V06,5,0.890,166.26,196.213808,44.471362,-76.22,39.290432,22235.681085,20210821_062615
2,KDOX20210821_102928_V06,8,0.722,168.42,197.977049,48.974735,-76.20,39.282574,24487.367729,20210821_062928
2,KDOX20210821_103243_V06,11,0.728,166.58,199.153371,49.893241,-76.21,39.277207,24946.620664,20210821_063243
2,KDOX20210821_103602_V06,15,0.762,164.69,200.946232,53.427802,-76.22,39.269060,26713.901039,20210821_063602
2,KDOX20210821_103916_V06,18,0.276,162.55,199.125694,56.755504,-76.24,39.277175,28377.752042,20210821_063916
2,KDOX20210821_104230_V06,21,0.114,157.85,198.675607,57.813266,-76.26,39.279013,28906.632844,20210821_064230
6,KDOX20210821_100336_V06,-18,0.060,201.80,324.136902,7.356415,-76.00,38.715481,3678.207397,20210821_060336
6,KDOX20210821_100651_V06,-15,0.663,201.02,323.577356,12.040222,-76.01,38.717980,6020.110907,20210821_060651
6,KDOX20210821_101005_V06,-11,0.672,200.52,326.512422,15.347251,-76.01,38.704746,7673.625341,20210821_061005
6,KDOX20210821_101319_V06,-8,0.905,195.40,329.126736,21.011004,-76.04,38.692823,10505.502208,20210821_061319
6,KDOX20210821_101633_V06,-5,0.931,198.54,332.137889,22.016292,-76.02,38.679353,11008.146119,20210821_061633
6,KDOX20210821_101947_V06,-2,0.873,191.67,335.434677,27.057700,-76.06,38.664300,13528.849827,20210821_061947
6,KDOX20210821_102301_V06,2,0.847,193.24,336.985587,28.089714,-76.05,38.657363,14044.856859,20210821_062301
6,KDOX20210821_102615_V06,5,0.842,189.31,338.807645,31.621261,-76.08,38.649035,15810.630693,20210821_062615
6,KDOX20210821_102928_V06,8,0.789,185.10,341.369973,36.221949,-76.10,38.637360,18110.974570,20210821_062928
6,KDOX20210821_103243_V06,11,0.077,180.90,342.615580,42.410473,-76.12,38.631611,21205.236476,20210821_063243
6,KDOX20210821_103602_V06,15,0.132,179.75,343.495736,46.544960,-76.13,38.627608,23272.480078,20210821_063602
6,KDOX20210821_103916_V06,18,-1.000,177.76,344.482012,50.500632,-76.14,38.623098,25250.316075,20210821_063916
6,KDOX20210821_104230_V06,21,0.076,176.82,344.512985,53.645545,-76.15,38.622926,26822.772691,20210821_064230
18,KDOX20210821_101319_V06,-8,0.939,292.73,122.185028,13.436981,-75.48,39.626378,6718.490601,20210821_061319
18,KDOX20210821_101633_V06,-5,0.960,292.90,121.388845,16.625909,-75.48,39.629964,8312.954684,20210821_061633
18,KDOX20210821_101947_V06,-2,0.935,290.94,122.829151,20.783104,-75.49,39.623473,10391.552094,20210821_061947
18,KDOX20210821_102301_V06,2,0.960,289.72,120.722032,24.259524,-75.50,39.632959,12129.761802,20210821_062301
18,KDOX20210821_102615_V06,5,0.927,290.78,119.504618,26.376267,-75.49,39.638444,13188.133591,20210821_062615
18,KDOX20210821_102928_V06,8,0.938,288.85,120.289933,29.508816,-75.50,39.634902,14754.407976,20210821_062928
18,KDOX20210821_103243_V06,11,0.935,287.42,122.161244,33.136947,-75.51,39.626470,16568.473597,20210821_063243
18,KDOX20210821_103602_V06,15,0.935,288.45,122.269836,36.294650,-75.51,39.625984,18147.325037,20210821_063602
18,KDOX20210821_103916_V06,18,0.926,287.74,121.027546,39.471350,-75.51,39.631576,19735.674868,20210821_063916
18,KDOX20210821_104230_V06,21,0.839,285.71,123.831844,43.419054,-75.52,39.618940,21709.527088,20210821_064230
18,KDOX20210821_104544_V06,24,0.750,285.60,123.030739,43.822200,-75.52,39.622547,21911.099778,20210821_064544
18,KDOX20210821_104858_V06,27,0.579,285.64,118.144190,41.538069,-75.52,39.644553,20769.034471,20210821_064858
18,KDOX20210821_105212_V06,31,0.091,289.75,107.923431,35.012268,-75.50,39.690595,17506.134033,20210821_065212
4,KDOX20210821_100336_V06,-18,0.312,455.10,136.688629,19.236679,-74.54,39.557603,9618.339539,20210821_060336
4,KDOX20210821_100651_V06,-15,0.870,456.18,137.028234,24.430549,-74.53,39.556025,12215.274471,20210821_060651
4,KDOX20210821_101005_V06,-11,0.926,457.40,136.267254,27.076465,-74.52,39.559397,13538.232743,20210821_061005
4,KDOX20210821_101319_V06,-8,0.934,458.19,137.275484,30.793522,-74.52,39.554821,15396.760954,20210821_061319
4,KDOX20210821_101633_V06,-5,0.741,460.30,138.083800,34.507744,-74.51,39.551084,17253.871797,20210821_061633
4,KDOX20210821_101947_V06,-2,0.640,462.54,137.196437,37.816449,-74.49,39.554976,18908.224721,20210821_061947
4,KDOX20210821_102301_V06,2,0.528,461.26,139.346012,45.437137,-74.50,39.545356,22718.568547,20210821_062301
4,KDOX20210821_102615_V06,5,0.258,458.51,139.148966,50.391960,-74.52,39.546370,25195.980189,20210821_062615
4,KDOX20210821_102928_V06,8,0.231,458.60,135.209017,51.614507,-74.52,39.564108,25807.253368,20210821_062928
4,KDOX20210821_103243_V06,11,0.331,462.99,132.098740,54.491609,-74.49,39.577910,27245.804290,20210821_063243
4,KDOX20210821_103602_V06,15,0.086,463.43,126.236085,56.208907,-74.49,39.604289,28104.453691,20210821_063602
4,KDOX20210821_103916_V06,18,0.119,447.28,150.897827,17.498611,-74.58,39.493957,8749.305725,20210821_063916
4,KDOX20210821_104230_V06,21,0.091,447.62,150.350744,21.625999,-74.58,39.496407,10812.999644,20210821_064230
25,KDOX20210821_101947_V06,-2,0.803,275.16,491.481842,14.099819,-75.58,37.962974,7049.909592,20210821_061947
25,KDOX20210821_102301_V06,2,0.760,275.81,490.587316,18.661806,-75.58,37.967008,9330.902962,20210821_062301
25,KDOX20210821_102615_V06,5,0.895,279.41,490.868638,19.530739,-75.56,37.965763,9765.369295,20210821_062615
25,KDOX20210821_102928_V06,8,0.856,281.37,490.250102,22.774666,-75.55,37.968560,11387.332757,20210821_062928
25,KDOX20210821_103243_V06,11,0.806,286.12,489.199641,23.953362,-75.52,37.973314,11976.681195,20210821_063243
25,KDOX20210821_103602_V06,15,0.808,291.36,489.589779,25.865772,-75.49,37.971573,12932.886217,20210821_063602
25,KDOX20210821_103916_V06,18,0.752,295.69,489.454910,28.729040,-75.46,37.972188,14364.519781,20210821_063916
25,KDOX20210821_104230_V06,21,0.317,299.34,492.283355,30.908180,-75.44,37.959449,15454.090154,20210821_064230
25,KDOX20210821_104544_V06,24,0.311,302.04,493.830495,32.081242,-75.43,37.952479,16040.621059,20210821_064544
25,KDOX20210821_104858_V06,27,0.231,307.00,493.970015,35.159588,-75.40,37.951845,17579.793980,20210821_064858
25,KDOX20210821_105212_V06,31,0.087,312.12,493.832572,37.653235,-75.37,37.952450,18826.617368,20210821_065212
24,KDOX20210821_101947_V06,-2,0.913,36.20,502.537476,25.907240,-76.94,37.903571,12953.619957,20210821_061947
24,KDOX20210821_102301_V06,2,0.928,37.69,501.788502,26.984977,-76.93,37.907054,13492.488290,20210821_062301
24,KDOX20210821_102615_V06,5,-1.000,38.50,501.379972,28.873742,-76.93,37.908953,14436.871017,20210821_062615
24,KDOX20210821_102928_V06,8,0.879,41.22,505.428861,37.331950,-76.91,37.890914,18665.975136,20210821_062928
24,KDOX20210821_103243_V06,11,0.932,43.51,507.231855,41.174427,-76.90,37.882958,20587.213640,20210821_063243
24,KDOX20210821_103602_V06,15,0.649,46.06,505.600248,44.227542,-76.88,37.890487,22113.770959,20210821_063602
24,KDOX20210821_103916_V06,18,0.851,49.46,504.861722,46.825131,-76.86,37.894052,23412.565308,20210821_063916
24,KDOX20210821_104230_V06,21,0.809,52.17,504.281810,50.393609,-76.85,37.896852,25196.804549,20210821_064230
24,KDOX20210821_104544_V06,24,0.800,53.64,502.683950,51.928608,-76.84,37.904150,25964.304168,20210821_064544
24,KDOX20210821_104858_V06,27,0.386,53.24,502.034415,53.656387,-76.84,37.907048,26828.193286,20210821_064858
24,KDOX20210821_105212_V06,31,0.091,51.37,496.017778,51.049458,-76.85,37.934017,25524.729020,20210821_065212
15,KDOX20210821_101005_V06,-11,0.157,376.46,201.039917,12.671921,-75.00,39.270423,6335.960388,20210821_061005
15,KDOX20210821_101319_V06,-8,0.873,376.68,201.532257,16.072596,-75.00,39.268201,8036.298089,20210821_061319
15,KDOX20210821_101633_V06,-5,0.889,376.16,202.210428,19.963404,-75.00,39.265158,9981.701815,20210821_061633
15,KDOX20210821_101947_V06,-2,0.917,377.38,201.997732,23.816231,-74.99,39.266089,11908.115402,20210821_061947
15,KDOX20210821_102301_V06,2,0.858,374.95,201.928752,27.889879,-75.01,39.266453,13944.939254,20210821_062301
15,KDOX20210821_102615_V06,5,0.802,371.98,202.772645,32.029081,-75.02,39.262715,16014.540306,20210821_062615
15,KDOX20210821_102928_V06,8,0.766,371.55,200.262109,33.013498,-75.03,39.274030,16506.749108,20210821_062928
15,KDOX20210821_103243_V06,11,0.538,368.66,199.718842,37.427722,-75.04,39.276535,18713.861145,20210821_063243
15,KDOX20210821_103602_V06,15,0.139,368.95,195.112771,38.690076,-75.04,39.297273,19345.038243,20210821_063602
5,KDOX20210821_100336_V06,-18,0.284,366.80,263.776001,24.823318,-75.05,38.988076,12411.659241,20210821_060336
5,KDOX20210821_100651_V06,-15,0.097,365.46,262.941807,29.614643,-75.06,38.991858,14807.321351,20210821_060651
5,KDOX20210821_101005_V06,-11,0.109,365.53,257.325629,30.921833,-75.06,39.017151,15460.916698,20210821_061005
5,KDOX20210821_101319_V06,-8,0.224,362.94,250.661656,33.048794,-75.08,39.047212,16524.397106,20210821_061319
5,KDOX20210821_101633_V06,-5,-1.000,361.50,245.517896,35.015420,-75.08,39.070403,17507.709766,20210821_061633
5,KDOX20210821_101947_V06,-2,-1.000,360.07,240.374136,36.982045,-75.09,39.093595,18491.022426,20210821_061947
5,KDOX20210821_102301_V06,2,0.203,357.37,231.996950,46.005811,-75.11,39.131368,23002.905308,20210821_062301
5,KDOX20210821_102615_V06,5,0.227,361.71,246.681091,33.600937,-75.08,39.065161,16800.468445,20210821_062615
65,KDOX20210821_113329_V06,72,0.160,288.63,171.499359,13.228424,-75.51,39.404281,6614.212036,20210821_073329
65,KDOX20210821_113700_V06,76,-1.000,288.63,171.499359,19.588424,-75.51,39.404281,9794.212036,20210821_073700
65,KDOX20210821_114037_V06,79,0.245,291.37,171.820391,21.020047,-75.49,39.402843,10510.023382,20210821_074037
65,KDOX20210821_114413_V06,83,0.476,296.91,172.610617,21.177181,-75.46,39.399294,10588.590413,20210821_074413
65,KDOX20210821_114750_V06,86,0.443,297.72,173.990553,22.804025,-75.45,39.393080,11402.012488,20210821_074750
10,KDOX20210821_100651_V06,-15,0.111,284.06,161.922699,4.956131,-75.53,39.447392,2478.065491,20210821_060651
10,KDOX20210821_101005_V06,-11,0.271,286.23,162.493669,11.709101,-75.52,39.444830,5854.550358,20210821_061005
10,KDOX20210821_101319_V06,-8,0.256,290.42,162.934476,14.247603,-75.50,39.442859,7123.801721,20210821_061319
49,KDOX20210821_104544_V06,24,0.171,232.78,389.234589,13.659241,-75.82,38.422997,6829.620361,20210821_064544
49,KDOX20210821_104858_V06,27,-1.000,232.78,389.234589,18.429241,-75.82,38.422997,9214.620361,20210821_064858
49,KDOX20210821_105212_V06,31,-1.000,232.78,389.234589,24.789241,-75.82,38.422997,12394.620361,20210821_065212
49,KDOX20210821_105526_V06,34,-1.000,232.78,389.234589,29.559241,-75.82,38.422997,14779.620361,20210821_065526
49,KDOX20210821_110211_V06,41,0.066,243.83,401.445547,29.650968,-75.76,38.368187,14825.483824,20210821_070211
49,KDOX20210821_110538_V06,44,0.079,244.10,398.443828,29.355540,-75.76,38.381712,14677.769850,20210821_070538
53,KDOX20210821_110538_V06,44,0.095,279.25,172.211609,15.568939,-75.56,39.401030,7784.469604,20210821_070538
53,KDOX20210821_110905_V06,48,0.081,279.30,172.416801,20.676996,-75.56,39.400106,10338.498095,20210821_070905
53,KDOX20210821_111236_V06,51,0.252,283.08,177.029302,23.876618,-75.54,39.379354,11938.309076,20210821_071236
71,KDOX20210821_114037_V06,79,0.217,399.46,211.736145,4.454025,-74.86,39.221673,2227.012634,20210821_074037
71,KDOX20210821_114413_V06,83,0.520,399.87,211.777633,10.609849,-74.86,39.221474,5304.924289,20210821_074413
71,KDOX20210821_114750_V06,86,0.345,400.16,210.615760,13.484614,-74.86,39.226698,6742.306850,20210821_074750
16,KDOX20210821_101005_V06,-11,0.117,320.20,269.865936,7.117004,-75.32,38.961225,3558.502197,20210821_061005
16,KDOX20210821_101319_V06,-8,0.381,320.35,269.741045,10.986270,-75.32,38.961786,5493.135210,20210821_061319
23,KDOX20210821_101633_V06,-5,0.219,378.67,251.673187,25.119858,-74.99,39.042338,12559.928894,20210821_061633
23,KDOX20210821_101947_V06,-2,0.088,378.12,251.031584,29.759287,-74.99,39.045240,14879.643608,20210821_061947
50,KDOX20210821_104858_V06,27,0.113,427.31,118.434967,28.475113,-74.70,39.640934,14237.556458,20210821_064858
50,KDOX20210821_105212_V06,31,0.241,426.72,117.687769,33.837727,-74.70,39.644320,16918.863559,20210821_065212
50,KDOX20210821_105526_V06,34,0.134,423.79,113.386169,27.571953,-74.72,39.663797,13785.976410,20210821_065526
3,KDOX20210821_100023_V06,-21,0.092,278.41,318.954315,20.695023,-75.56,38.740123,10347.511292,20210821_060023
22,KDOX20210821_101633_V06,-5,0.364,29.98,503.267639,29.017965,-76.98,37.899821,14508.982658,20210821_061633
27,KDOX20210821_101947_V06,-2,0.083,302.95,191.931335,17.627472,-75.42,39.312281,8813.735962,20210821_061947
27,KDOX20210821_102301_V06,2,-1.000,302.95,191.931335,23.987472,-75.42,39.312281,11993.735962,20210821_062301
27,KDOX20210821_102615_V06,5,0.100,316.60,165.207275,38.960449,-75.34,39.432597,19480.224609,20210821_062615
29,KDOX20210821_102301_V06,2,0.144,319.58,272.572540,12.202103,-75.33,38.949038,6101.051331,20210821_062301
31,KDOX20210821_102301_V06,2,0.055,323.05,303.527740,15.075333,-75.31,38.809596,7537.666321,20210821_062301
32,KDOX20210821_102615_V06,5,0.330,40.20,513.416077,36.913658,-76.92,37.854867,18456.829071,20210821_062615
35,KDOX20210821_102615_V06,5,0.086,336.32,216.019440,24.480408,-75.23,39.203608,12240.203857,20210821_062615
41,KDOX20210821_103243_V06,11,0.091,293.76,301.435242,43.413471,-75.48,38.819090,21706.735611,20210821_063243
43,KDOX20210821_103243_V06,11,0.052,190.08,88.287079,10.359802,-76.08,39.777290,5179.901123,20210821_063243
45,KDOX20210821_103916_V06,18,0.170,185.30,354.826294,39.373917,-76.10,38.576760,19686.958313,20210821_063916
58,KDOX20210821_111603_V06,55,0.083,359.45,258.822174,30.592667,-75.10,39.010519,15296.333313,20210821_071603
58,KDOX20210821_111929_V06,58,0.112,345.82,283.308777,57.086884,-75.18,38.900439,28543.441772,20210821_071929
59,KDOX20210821_111603_V06,55,0.073,240.72,330.335571,9.397514,-75.78,38.688429,4698.757172,20210821_071603
63,KDOX20210821_112630_V06,65,0.267,73.02,334.816833,39.101391,-76.74,38.661457,19550.695419,20210821_072630
63,KDOX20210821_113002_V06,69,0.067,58.10,396.326599,70.611298,-76.82,38.383461,35305.648804,20210821_073002
63,KDOX20210821_113329_V06,72,0.083,57.51,341.578156,47.193398,-76.83,38.629979,23596.698761,20210821_073329
69,KDOX20210821_113700_V06,76,0.069,381.84,236.019928,29.146042,-74.97,39.112764,14573.020935,20210821_073700
3,KDOX20210823_100941_V06,-13,0.820,179.06,182.855255,15.061150,-76.14,39.351059,7530.574799,20210823_060941
3,KDOX20210823_101423_V06,-8,0.911,180.15,185.008141,20.644032,-76.14,39.341401,10322.015922,20210823_061423
3,KDOX20210823_101907_V06,-3,0.960,183.52,185.840537,25.836954,-76.12,39.337767,12918.477206,20210823_061907
3,KDOX20210823_102350_V06,1,0.852,185.41,186.811554,30.441758,-76.10,39.333456,15220.878917,20210823_062350
3,KDOX20210823_102834_V06,6,0.747,186.42,189.546644,36.329352,-76.10,39.321172,18164.676220,20210823_062834
3,KDOX20210823_103317_V06,11,0.794,192.44,194.637836,44.151305,-76.06,39.298435,22075.652712,20210823_063317
3,KDOX20210823_103800_V06,16,0.732,189.30,196.851466,46.765838,-76.08,39.288368,23382.918793,20210823_063800
3,KDOX20210823_104229_V06,20,0.761,185.75,202.678203,45.381646,-76.10,39.262013,22690.823207,20210823_064229
3,KDOX20210823_104712_V06,25,0.495,187.85,206.916281,45.701979,-76.09,39.242995,22850.989393,20210823_064712
3,KDOX20210823_105155_V06,29,0.329,187.29,204.497716,46.814107,-76.09,39.253869,23407.053561,20210823_065155
3,KDOX20210823_110106_V06,39,-1.000,187.09,203.832010,48.756941,-76.09,39.256860,24378.470354,20210823_070106
3,KDOX20210823_110542_V06,43,0.075,178.38,221.375732,39.619171,-76.14,39.177559,19809.585571,20210823_070542
3,KDOX20210823_111018_V06,48,0.100,166.01,224.384430,29.792519,-76.22,39.163558,14896.259308,20210823_071018
10,KDOX20210823_101423_V06,-8,0.082,231.53,406.067688,6.985916,-75.83,38.347152,3492.958069,20210823_061423
10,KDOX20210823_101907_V06,-3,0.187,232.18,405.303132,13.447358,-75.83,38.350608,6723.679235,20210823_061907
10,KDOX20210823_102350_V06,1,0.280,236.10,402.466991,15.526830,-75.81,38.363456,7763.415040,20210823_062350
10,KDOX20210823_102834_V06,6,0.177,240.12,400.953735,19.924785,-75.78,38.370342,9962.392625,20210823_062834
10,KDOX20210823_103317_V06,11,-1.000,244.03,399.083428,24.136839,-75.76,38.378830,12068.419282,20210823_063317
10,KDOX20210823_103800_V06,16,0.200,245.13,399.811183,28.255213,-75.75,38.375569,14127.606643,20210823_063800
17,KDOX20210823_103317_V06,11,0.468,198.28,95.241821,10.486076,-76.03,39.746223,5243.038177,20210823_063317
17,KDOX20210823_103800_V06,16,0.686,199.07,96.260554,15.349926,-76.03,39.741658,7674.963164,20210823_063800
17,KDOX20210823_104229_V06,20,0.717,202.15,99.686524,16.199460,-76.01,39.726319,8099.730244,20210823_064229
17,KDOX20210823_104712_V06,25,0.150,213.69,104.117395,25.060963,-75.94,39.706674,12530.481569,20210823_064712
17,KDOX20210823_105155_V06,29,0.377,223.16,108.578862,33.359012,-75.89,39.686806,16679.506047,20210823_065155
2,KDOX20210823_100458_V06,-18,0.621,388.77,201.746948,8.427414,-74.93,39.266948,4213.706970,20210823_060458
2,KDOX20210823_100941_V06,-13,-1.000,388.77,201.746948,16.377414,-74.93,39.266948,8188.706970,20210823_060941
2,KDOX20210823_101423_V06,-8,0.569,392.58,198.675344,17.388301,-74.90,39.280682,8694.150571,20210823_061423
2,KDOX20210823_101907_V06,-3,0.613,408.73,197.563313,27.222489,-74.81,39.285224,13611.244735,20210823_061907
12,KDOX20210823_101907_V06,-3,0.088,204.84,321.385895,7.950424,-75.99,38.727955,3975.212097,20210823_061907
12,KDOX20210823_102350_V06,1,0.162,204.54,321.280190,14.334397,-75.99,38.728423,7167.198457,20210823_062350
12,KDOX20210823_102834_V06,6,0.136,210.86,318.620717,18.229511,-75.95,38.740566,9114.755496,20210823_062834
20,KDOX20210823_103800_V06,16,0.348,65.93,490.783020,28.511625,-76.77,37.958573,14255.812645,20210823_063800
20,KDOX20210823_104229_V06,20,0.505,67.84,490.817837,34.188470,-76.76,37.958540,17094.234753,20210823_064229
20,KDOX20210823_104712_V06,25,0.403,73.31,490.954832,38.754968,-76.73,37.958273,19377.483892,20210823_064712
20,KDOX20210823_105155_V06,29,0.175,77.10,504.965088,51.625763,-76.71,37.895408,25812.881470,20210823_065155
40,KDOX20210823_114706_V06,85,0.154,288.31,160.144897,15.297256,-75.51,39.455415,7648.628235,20210823_074706
40,KDOX20210823_115135_V06,89,0.076,289.44,161.829274,21.417510,-75.50,39.447833,10708.755229,20210823_075135
11,KDOX20210823_101907_V06,-3,0.109,400.71,269.289307,11.266266,-74.86,38.962436,5633.132935,20210823_061907
18,KDOX20210823_103317_V06,11,0.185,294.54,92.516541,18.472496,-75.47,39.759988,9236.248016,20210823_063317
26,KDOX20210823_105155_V06,29,0.082,217.15,296.461060,14.819809,-75.92,38.840525,7409.904480,20210823_065155
27,KDOX20210823_110106_V06,39,0.127,319.72,351.160461,29.240101,-75.33,38.595073,14620.050430,20210823_070106
33,KDOX20210823_111500_V06,53,0.062,241.28,288.942474,10.327972,-75.78,38.874873,5163.986206,20210823_071500
35,KDOX20210823_111943_V06,57,0.075,288.32,323.645142,22.923710,-75.51,38.719042,11461.854935,20210823_071943
37,KDOX20210823_112910_V06,67,0.065,135.72,522.871460,26.456043,-76.37,37.817908,13228.021622,20210823_072910
38,KDOX20210823_113352_V06,71,0.073,236.11,287.405487,9.416153,-75.81,38.881706,4708.076477,20210823_073352
39,KDOX20210823_113821_V06,76,0.081,149.41,403.826843,7.217880,-76.30,38.354718,3608.940125,20210823_073821
23,KDOX20210829_103014_V06,2,0.070,208.62,321.908356,9.451553,-75.97,38.725701,4725.776672,20210829_063014
23,KDOX20210829_103433_V06,6,0.056,208.86,321.845092,14.806920,-75.96,38.725992,7403.460156,20210829_063433
23,KDOX20210829_103851_V06,10,-1.000,209.03,321.799082,20.436278,-75.96,38.726204,10218.139053,20210829_063851
23,KDOX20210829_104309_V06,15,0.531,202.68,329.332955,21.525308,-76.00,38.692102,10762.653993,20210829_064309
23,KDOX20210829_104726_V06,19,0.264,199.21,330.025572,23.525326,-76.02,38.688886,11762.662940,20210829_064726
23,KDOX20210829_105145_V06,23,0.291,201.43,328.078105,22.388769,-76.01,38.697720,11194.384721,20210829_065145
23,KDOX20210829_110022_V06,32,-1.000,201.87,326.701946,22.662382,-76.00,38.703930,11331.190987,20210829_070022
23,KDOX20210829_110441_V06,36,-1.000,202.06,326.090319,22.783988,-76.00,38.706690,11391.993772,20210829_070441
23,KDOX20210829_110900_V06,41,0.069,207.98,320.221674,22.095933,-75.97,38.733281,11047.966309,20210829_070900
23,KDOX20210829_111317_V06,45,0.095,204.28,328.741387,22.847062,-75.99,38.694811,11423.530978,20210829_071317
23,KDOX20210829_111736_V06,49,0.107,209.43,318.119123,21.559864,-75.96,38.742789,10779.932244,20210829_071736
23,KDOX20210829_112155_V06,53,-1.000,212.08,313.069828,20.907511,-75.95,38.765598,10453.755669,20210829_072155
23,KDOX20210829_112613_V06,58,0.243,216.45,316.679100,19.750545,-75.92,38.749448,9875.272528,20210829_072613
23,KDOX20210829_113032_V06,62,0.099,218.64,315.733661,20.255618,-75.91,38.753757,10127.809224,20210829_073032
23,KDOX20210829_113450_V06,66,-1.000,221.19,314.785606,20.226867,-75.89,38.758085,10113.433253,20210829_073450
23,KDOX20210829_113909_V06,71,0.255,218.80,321.643722,19.967020,-75.91,38.727142,9983.510238,20210829_073909
14,KDOX20210829_101719_V06,-11,0.078,284.55,124.278076,10.484772,-75.53,39.616925,5242.385864,20210829_061719
14,KDOX20210829_102138_V06,-7,0.659,285.26,125.094617,15.704272,-75.53,39.613251,7852.136219,20210829_062138
14,KDOX20210829_102556_V06,-3,0.554,283.15,126.555772,21.042203,-75.54,39.606661,10521.101321,20210829_062556
14,KDOX20210829_103014_V06,2,0.554,283.67,128.418469,26.073913,-75.54,39.598275,13036.956557,20210829_063014
14,KDOX20210829_103433_V06,6,0.632,279.06,136.736524,34.852751,-75.56,39.560791,17426.375639,20210829_063433
14,KDOX20210829_103851_V06,10,0.140,268.67,142.523928,43.074085,-75.62,39.534649,21537.042613,20210829_063851
15,KDOX20210829_101719_V06,-11,0.058,439.84,164.641571,19.673691,-74.63,39.432373,9836.845398,20210829_061719
15,KDOX20210829_102138_V06,-7,-1.000,439.84,164.641571,26.033691,-74.63,39.432373,13016.845398,20210829_062138
15,KDOX20210829_102556_V06,-3,-1.000,439.84,164.641571,32.393691,-74.63,39.432373,16196.845398,20210829_062556
15,KDOX20210829_103014_V06,2,0.107,428.08,165.062424,34.094851,-74.70,39.430931,17047.425584,20210829_063014
15,KDOX20210829_103433_V06,6,0.056,426.52,172.336163,33.523935,-74.71,39.398232,16761.967281,20210829_063433
15,KDOX20210829_103851_V06,10,0.051,427.19,178.829231,33.946524,-74.70,39.368967,16973.261906,20210829_063851
15,KDOX20210829_104309_V06,15,-1.000,426.05,185.780442,34.863178,-74.71,39.337705,17431.589014,20210829_064309
15,KDOX20210829_104726_V06,19,0.058,428.91,192.365403,32.995023,-74.69,39.307945,16497.511481,20210829_064726
4,KDOX20210829_101300_V06,-15,0.229,175.27,175.793213,7.581139,-76.16,39.382728,3790.569305,20210829_061300
4,KDOX20210829_101719_V06,-11,0.231,175.38,174.933091,12.634799,-76.16,39.386606,6317.399282,20210829_061719
4,KDOX20210829_102138_V06,-7,0.052,175.08,172.947815,15.603654,-76.17,39.395535,7801.827162,20210829_062138
4,KDOX20210829_102556_V06,-3,-1.000,174.87,171.297569,19.173976,-76.17,39.402960,9586.988106,20210829_062556
4,KDOX20210829_103014_V06,2,0.068,167.23,187.700354,33.650048,-76.21,39.328809,16825.023804,20210829_063014
17,KDOX20210829_102556_V06,-3,0.704,358.49,260.225616,39.462753,-75.10,39.004214,19731.376648,20210829_062556
17,KDOX20210829_103014_V06,2,0.463,357.00,257.202561,46.825489,-75.11,39.017854,23412.744645,20210829_063014
17,KDOX20210829_103433_V06,6,0.124,353.37,254.507305,52.639378,-75.13,39.030050,26319.689177,20210829_063433
17,KDOX20210829_103851_V06,10,0.171,357.52,259.509047,50.757936,-75.11,39.007458,25378.967905,20210829_063851
17,KDOX20210829_104309_V06,15,0.126,353.57,299.663483,24.833252,-75.13,38.826669,12416.625977,20210829_064309
1,KDOX20210829_100424_V06,-24,0.383,361.12,206.408020,20.265320,-75.09,39.246549,10132.659912,20210829_060424
1,KDOX20210829_100842_V06,-20,0.649,363.01,207.918142,24.253687,-75.08,39.239715,12126.843359,20210829_060842
1,KDOX20210829_101300_V06,-15,-1.000,364.74,209.290980,30.047657,-75.07,39.233500,15023.828311,20210829_061300
1,KDOX20210829_101719_V06,-11,0.540,376.89,217.432373,17.347824,-74.99,39.196588,8673.912048,20210829_061719
1,KDOX20210829_102138_V06,-7,0.293,375.16,215.769867,22.094818,-75.00,39.204113,11047.409151,20210829_062138
21,KDOX20210829_103014_V06,2,0.610,316.14,181.883575,7.124725,-75.35,39.357496,3562.362671,20210829_063014
21,KDOX20210829_103433_V06,6,0.193,315.53,181.919222,12.758935,-75.35,39.357338,6379.467305,20210829_063433
30,KDOX20210829_110022_V06,32,0.453,208.05,320.331665,18.317467,-75.97,38.732788,9158.733368,20210829_070022
30,KDOX20210829_110441_V06,36,0.404,207.27,320.230308,22.957458,-75.97,38.733224,11478.729119,20210829_070441
29,KDOX20210829_104726_V06,19,0.065,384.09,244.873535,29.922211,-74.95,39.072836,14961.105347,20210829_064726
37,KDOX20210829_113450_V06,66,0.102,216.87,314.984528,17.507996,-75.92,38.757090,8753.997803,20210829_073450
4,KDOX20210909_113503_V06,57,0.138,182.32,167.032990,28.798943,-76.12,39.422424,14399.471283,20210909_073503
4,KDOX20210909_114227_V06,64,0.129,184.09,166.748879,36.214687,-76.11,39.423763,18107.343649,20210909_074227
3,KDOX20210909_104130_V06,3,0.537,150.04,199.145752,27.976114,-76.31,39.276570,13988.057137,20210909_064130
2,KDOX20210917_102711_V06,-18,0.320,408.70,187.734619,13.372482,-74.81,39.329488,6686.241150,20210917_062711
2,KDOX20210917_103327_V06,-12,0.441,408.94,189.294139,19.528969,-74.81,39.322457,9764.484315,20210917_063327
2,KDOX20210917_103942_V06,-6,0.191,401.35,187.605949,24.477825,-74.85,39.330289,12238.912413,20210917_063942
2,KDOX20210917_104558_V06,0,0.727,396.26,195.895312,29.445211,-74.88,39.293102,14722.605496,20210917_064558
2,KDOX20210917_105214_V06,7,0.369,396.16,198.755120,30.471998,-74.88,39.280225,15235.999134,20210917_065214
10,KDOX20210917_104558_V06,0,0.279,283.75,146.703705,7.555786,-75.53,39.515929,3777.893066,20210917_064558
10,KDOX20210917_105214_V06,7,0.425,281.14,144.687281,17.965156,-75.55,39.524997,8982.577874,20210917_065214
10,KDOX20210917_110515_V06,20,0.811,273.81,144.847894,26.490533,-75.59,39.524226,13245.266676,20210917_070515
10,KDOX20210917_111215_V06,27,0.522,262.46,145.961902,29.728922,-75.66,39.519105,14864.461238,20210917_071215
10,KDOX20210917_111900_V06,34,0.678,248.61,140.957184,39.882466,-75.74,39.541466,19941.232843,20210917_071900
10,KDOX20210917_112537_V06,40,0.235,256.07,138.876190,35.820446,-75.70,39.550940,17910.223007,20210917_072537
10,KDOX20210917_113159_V06,46,0.635,254.58,142.184509,26.347050,-75.70,39.536022,13173.524857,20210917_073159
7,KDOX20210917_103942_V06,-6,0.071,326.47,313.826569,16.456528,-75.29,38.763185,8228.263855,20210917_063942
7,KDOX20210917_104558_V06,0,0.066,329.57,306.875950,26.615319,-75.27,38.794467,13307.659668,20210917_064558
11,KDOX20210917_104558_V06,0,0.231,317.27,280.378357,14.919540,-75.34,38.913893,7459.770203,20210917_064558
11,KDOX20210917_105214_V06,7,0.284,311.86,280.226556,23.219906,-75.37,38.914599,11609.952822,20210917_065214
18,KDOX20210917_105214_V06,7,0.767,191.56,329.250885,17.627415,-76.06,38.692148,8813.707352,20210917_065214
18,KDOX20210917_110515_V06,20,0.319,193.18,338.068298,23.786588,-76.05,38.652484,11893.294174,20210917_070515
18,KDOX20210917_111215_V06,27,-1.000,194.02,342.653352,27.370959,-76.05,38.631858,13685.479321,20210917_071215
18,KDOX20210917_111900_V06,34,0.092,196.46,359.772034,16.764595,-76.03,38.554827,8382.297516,20210917_071900
18,KDOX20210917_112537_V06,40,0.248,195.44,360.353227,23.604433,-76.04,38.552180,11802.216431,20210917_072537
18,KDOX20210917_113159_V06,46,0.067,204.66,355.475006,12.155148,-75.99,38.574412,6077.573776,20210917_073159
18,KDOX20210917_113820_V06,53,0.090,202.69,357.992070,19.317713,-76.00,38.563021,9658.856423,20210917_073820
18,KDOX20210917_114428_V06,59,0.057,195.74,366.772736,14.848068,-76.04,38.523274,7424.034119,20210917_074428
5,KDOX20210917_102711_V06,-18,0.057,426.38,195.298920,11.132263,-74.71,39.294827,5566.131592,20210917_062711
6,KDOX20210917_103942_V06,-6,0.146,151.37,190.114014,22.933510,-76.30,39.317299,11466.754913,20210917_063942
13,KDOX20210917_104558_V06,0,0.141,204.00,227.170593,7.414383,-76.00,39.152259,3707.191467,20210917_064558
14,KDOX20210917_104558_V06,0,0.137,248.13,298.119812,23.611717,-75.74,38.833647,11805.858612,20210917_064558
16,KDOX20210917_104558_V06,0,0.068,170.39,307.782562,33.882629,-76.19,38.788125,16941.314697,20210917_064558
27,KDOX20210917_111215_V06,27,0.056,268.08,373.993103,6.427811,-75.62,38.492141,3213.905334,20210917_071215
32,KDOX20210917_113159_V06,46,0.052,201.81,231.861053,8.769928,-76.01,39.131074,4384.963989,20210917_073159
38,KDOX20210917_115035_V06,65,0.081,334.06,304.000671,18.444351,-75.24,38.807376,9222.175598,20210917_075035
3,KDOX20210925_103852_V06,-14,0.223,294.25,125.991852,2.536133,-75.47,39.609237,1268.066406,20210925_063852
3,KDOX20210925_104417_V06,-8,0.185,294.19,126.175631,10.612379,-75.47,39.608409,5306.189631,20210925_064417
3,KDOX20210925_104940_V06,-3,0.966,293.54,127.924673,12.770990,-75.48,39.600532,6385.494846,20210925_064940
3,KDOX20210925_110021_V06,8,0.954,287.72,143.904295,32.571644,-75.51,39.528553,16285.821804,20210925_070021
3,KDOX20210925_110544_V06,13,0.977,284.17,146.270868,38.062774,-75.53,39.517880,19031.387207,20210925_070544
3,KDOX20210925_111108_V06,19,0.974,284.89,149.337793,43.072701,-75.53,39.504072,21536.350332,20210925_071108
3,KDOX20210925_111631_V06,24,0.982,285.69,151.257603,47.177648,-75.52,39.495429,23588.824050,20210925_071631
3,KDOX20210925_112155_V06,29,0.980,284.96,148.902278,50.613439,-75.53,39.506033,25306.719710,20210925_072155
3,KDOX20210925_112719_V06,35,0.979,283.33,148.375091,54.343005,-75.54,39.508400,27171.502534,20210925_072719
3,KDOX20210925_113243_V06,40,0.947,284.14,142.444203,55.891583,-75.53,39.535114,27945.791346,20210925_073243
3,KDOX20210925_113815_V06,46,0.750,298.79,140.336197,53.423971,-75.45,39.544643,26711.985355,20210925_073815
3,KDOX20210925_114347_V06,51,0.269,307.31,137.010319,56.105178,-75.40,39.559613,28052.588760,20210925_074347
7,KDOX20210925_104417_V06,-8,0.902,201.43,322.114410,7.199089,-76.01,38.724580,3599.544525,20210925_064417
7,KDOX20210925_104940_V06,-3,0.939,199.93,323.510561,13.386784,-76.02,38.718250,6693.391794,20210925_064940
7,KDOX20210925_110021_V06,8,0.963,198.04,329.302933,22.911228,-76.03,38.692107,11455.614244,20210925_070021
7,KDOX20210925_110544_V06,13,0.957,194.19,332.732209,27.436579,-76.05,38.676548,13718.289705,20210925_070544
7,KDOX20210925_111108_V06,19,0.948,194.34,334.758909,34.254517,-76.05,38.667425,17127.258717,20210925_071108
7,KDOX20210925_111631_V06,24,0.945,192.49,338.301379,39.086916,-76.06,38.651413,19543.458156,20210925_071631
7,KDOX20210925_112155_V06,29,0.942,188.27,339.293670,44.854214,-76.08,38.646814,22427.107118,20210925_072155
7,KDOX20210925_112719_V06,35,0.908,188.41,343.628487,46.530059,-76.08,38.627294,23265.029640,20210925_072719
7,KDOX20210925_113243_V06,40,0.287,185.90,345.860241,50.875211,-76.10,38.617162,25437.605363,20210925_073243
14,KDOX20210925_104417_V06,-8,0.072,457.09,145.162292,7.234879,-74.53,39.519356,3617.439270,20210925_064417
14,KDOX20210925_104940_V06,-3,0.648,462.95,153.688286,12.502363,-74.49,39.480692,6251.181376,20210925_064940
14,KDOX20210925_110021_V06,8,0.550,452.99,147.088837,18.015950,-74.55,39.510863,9007.974793,20210925_070021
14,KDOX20210925_110544_V06,13,0.739,449.41,152.005781,26.222508,-74.57,39.488877,13111.254232,20210925_070544
14,KDOX20210925_111108_V06,19,0.884,450.87,150.962045,29.311965,-74.56,39.493514,14655.982465,20210925_071108
14,KDOX20210925_111631_V06,24,0.791,455.55,147.427587,28.027312,-74.54,39.509224,14013.656073,20210925_071631
14,KDOX20210925_112155_V06,29,0.236,458.58,146.767810,28.317922,-74.52,39.512058,14158.960931,20210925_072155
14,KDOX20210925_112719_V06,35,0.064,445.45,143.355757,43.552042,-74.59,39.527998,21776.021019,20210925_072719
14,KDOX20210925_113243_V06,40,0.057,434.60,137.485708,52.393500,-74.66,39.554870,26196.750124,20210925_073243
2,KDOX20210925_103852_V06,-14,0.328,422.82,175.590240,2.842850,-74.73,39.383710,1421.424866,20210925_063852
2,KDOX20210925_104417_V06,-8,0.965,422.72,179.393045,7.116416,-74.73,39.366588,3558.208007,20210925_064417
2,KDOX20210925_104940_V06,-3,0.982,420.78,185.046223,11.933257,-74.74,39.341198,5966.628484,20210925_064940
2,KDOX20210925_110021_V06,8,0.985,415.01,192.775582,23.146885,-74.77,39.306584,11573.442407,20210925_070021
2,KDOX20210925_110544_V06,13,0.977,407.97,195.175274,28.654064,-74.81,39.296002,14327.031894,20210925_070544
2,KDOX20210925_111108_V06,19,0.976,407.59,192.570364,34.746459,-74.82,39.307745,17373.229534,20210925_071108
2,KDOX20210925_111631_V06,24,0.507,405.94,190.590381,39.327373,-74.83,39.316712,19663.686464,20210925_071631
9,KDOX20210925_104417_V06,-8,0.340,210.09,221.968414,5.320152,-75.96,39.175849,2660.076141,20210925_064417
9,KDOX20210925_104940_V06,-3,0.084,210.42,222.400171,14.003342,-75.96,39.173913,7001.670791,20210925_064940
9,KDOX20210925_110021_V06,8,0.462,207.53,225.707076,20.983001,-75.97,39.158945,10491.500399,20210925_070021
9,KDOX20210925_110544_V06,13,0.142,207.37,228.732461,24.322278,-75.98,39.145315,12161.138928,20210925_070544
22,KDOX20210925_110021_V06,8,0.654,218.60,153.027557,10.297508,-75.91,39.486534,5148.754120,20210925_070021
22,KDOX20210925_110544_V06,13,0.852,218.05,153.754506,14.803626,-75.92,39.483248,7401.812787,20210925_070544
22,KDOX20210925_111108_V06,19,0.748,214.33,157.769476,17.293082,-75.94,39.465077,8646.540945,20210925_071108
22,KDOX20210925_111631_V06,24,0.609,211.38,160.889336,21.726513,-75.95,39.450953,10863.256460,20210925_071631
29,KDOX20210925_111631_V06,24,0.107,338.57,55.985779,23.780731,-75.21,39.924283,11890.365601,20210925_071631
29,KDOX20210925_112155_V06,29,0.399,337.67,56.463981,29.884850,-75.22,39.922139,14942.424764,20210925_072155
29,KDOX20210925_112719_V06,35,0.083,336.72,56.965119,35.912538,-75.23,39.919893,17956.269181,20210925_072719
11,KDOX20210925_104417_V06,-8,0.203,315.12,274.721954,13.568207,-75.35,38.939379,6784.103394,20210925_064417
11,KDOX20210925_104940_V06,-3,0.104,315.36,275.814845,19.986957,-75.35,38.934456,9993.478632,20210925_064940
21,KDOX20210925_110021_V06,8,0.800,474.16,165.950256,12.879425,-74.43,39.424931,6439.712524,20210925_070021
21,KDOX20210925_110544_V06,13,0.157,473.88,165.719180,19.565102,-74.43,39.425986,9782.550957,20210925_070544
24,KDOX20210925_110021_V06,8,0.061,294.56,516.395508,14.556152,-75.47,37.850827,7278.076172,20210925_070021
24,KDOX20210925_110544_V06,13,0.069,293.69,516.355331,21.953589,-75.48,37.851006,10976.794405,20210925_070544
27,KDOX20210925_111631_V06,24,0.230,282.84,489.295166,11.587452,-75.54,37.972869,5793.725967,20210925_071631
27,KDOX20210925_112155_V06,29,0.117,280.56,489.930586,20.364267,-75.55,37.969995,10182.133262,20210925_072155
17,KDOX20210925_104940_V06,-3,0.250,266.50,407.030701,8.427162,-75.63,38.343315,4213.581085,20210925_064940
19,KDOX20210925_104940_V06,-3,0.125,466.75,172.690948,17.705124,-74.47,39.394940,8852.561951,20210925_064940
25,KDOX20210925_111108_V06,19,0.061,219.58,180.109467,17.782410,-75.91,39.364595,8891.204834,20210925_071108
31,KDOX20210925_112155_V06,29,0.121,24.48,317.591400,25.450659,-77.02,38.735576,12725.329399,20210925_072155
32,KDOX20210925_112155_V06,29,0.060,118.60,49.591858,16.030272,-76.50,39.948510,8015.135765,20210925_072155
35,KDOX20210925_114347_V06,51,0.050,325.59,330.004456,29.276627,-75.29,38.690325,14638.313293,20210925_074347
1,KDOX20210930_110113_V06,5,0.967,295.29,144.981598,25.588333,-75.47,39.523720,12794.166565,20210930_070113
1,KDOX20210930_111049_V06,14,0.988,300.90,146.131008,35.748520,-75.43,39.518546,17874.260003,20210930_071049
1,KDOX20210930_112027_V06,24,0.989,301.84,150.344357,40.698249,-75.43,39.499571,20349.124474,20210930_072027
1,KDOX20210930_113004_V06,34,0.977,292.11,151.925652,39.942897,-75.49,39.492441,19971.448456,20210930_073004
1,KDOX20210930_113941_V06,43,0.939,288.91,157.362055,40.326557,-75.50,39.467950,20163.278339,20210930_073941
1,KDOX20210930_114919_V06,53,0.542,286.04,158.027004,44.721434,-75.52,39.464945,22360.717205,20210930_074919
2,KDOX20210930_110113_V06,5,0.909,222.48,321.310944,18.635002,-75.89,38.728723,9317.501068,20210930_070113
2,KDOX20210930_111049_V06,14,0.837,227.99,324.648113,27.211977,-75.85,38.713810,13605.988682,20210930_071049
2,KDOX20210930_112027_V06,24,0.169,233.92,329.917693,27.961114,-75.82,38.690191,13980.557145,20210930_072027
7,KDOX20210930_112027_V06,24,0.622,151.45,70.223999,25.583715,-76.31,39.857181,12791.857719,20210930_072027
7,KDOX20210930_113004_V06,34,0.629,158.72,75.646805,39.319922,-76.27,39.833068,19659.960884,20210930_073004
7,KDOX20210930_113941_V06,43,0.274,162.44,82.954110,48.009538,-76.24,39.800314,24004.769095,20210930_073941
13,KDOX20210930_113941_V06,43,0.051,24.38,362.861877,27.655300,-77.02,38.531709,13827.650070,20210930_073941
13,KDOX20210930_114919_V06,53,-1.000,24.38,362.861877,43.555300,-77.02,38.531709,21777.650070,20210930_074919
13,KDOX20210930_120834_V06,72,0.332,54.56,350.369796,62.627064,-76.85,38.590183,31313.532222,20210930_080834
13,KDOX20210930_121812_V06,82,0.217,65.65,379.294496,77.215340,-76.78,38.460672,38607.670080,20210930_081812
4,KDOX20210930_110113_V06,5,0.826,439.17,186.418854,19.603287,-74.63,39.334331,9801.643372,20210930_070113
4,KDOX20210930_111049_V06,14,0.636,440.73,189.538648,28.194979,-74.62,39.320218,14097.489294,20210930_071049
6,KDOX20210930_111049_V06,14,0.092,384.66,279.021423,6.547974,-74.95,38.919028,3273.986816,20210930_071049
9,KDOX20210930_113004_V06,34,0.093,45.26,338.560852,56.326641,-76.90,38.642706,28163.320541,20210930_073004
1,KDOX20211002_110032_V06,2,0.961,308.88,123.818787,14.396194,-75.39,39.619017,7198.097229,20211002_070032
1,KDOX20211002_111010_V06,12,0.285,314.60,127.402827,23.277627,-75.35,39.602857,11638.813517,20211002_071010
1,KDOX20211002_111947_V06,21,0.768,311.76,141.148782,42.615993,-75.37,39.540964,21307.996663,20211002_071947
2,KDOX20211002_110032_V06,2,0.909,296.86,148.731964,14.838287,-75.46,39.506832,7419.143677,20211002_070032
2,KDOX20211002_111010_V06,12,0.770,299.79,157.883569,20.773452,-75.44,39.465619,10386.725897,20211002_071010
2,KDOX20211002_111947_V06,21,0.619,309.94,165.277987,23.603135,-75.38,39.432304,11801.567610,20211002_071947
2,KDOX20211002_112925_V06,31,0.097,315.99,185.492035,20.158539,-75.35,39.341246,10079.269409,20211002_072925
3,KDOX20211007_110422_V06,1,0.980,276.57,147.246155,15.335251,-75.58,39.513445,7667.625427,20211007_070422
3,KDOX20211007_111359_V06,10,0.981,274.29,149.964398,26.372439,-75.59,39.501188,13186.219602,20211007_071359
3,KDOX20211007_112336_V06,20,0.965,276.10,142.916987,40.138226,-75.58,39.532938,20069.113214,20211007_072336
3,KDOX20211007_113313_V06,30,0.967,272.92,148.891700,44.213660,-75.60,39.506008,22106.829993,20211007_073313
3,KDOX20211007_114250_V06,39,0.984,270.23,155.697114,46.024797,-75.61,39.475338,23012.398675,20211007_074250
3,KDOX20211007_120205_V06,59,0.809,266.94,168.158079,47.267008,-75.63,39.419190,23633.504237,20211007_080205
4,KDOX20211007_110422_V06,1,0.922,202.01,344.644714,18.071106,-76.00,38.623120,9035.552979,20211007_070422
4,KDOX20211007_111359_V06,10,0.959,198.81,346.228730,25.966933,-76.02,38.615895,12983.466698,20211007_071359
4,KDOX20211007_112336_V06,20,0.930,193.54,347.646391,32.613285,-76.05,38.609355,16306.642441,20211007_072336
4,KDOX20211007_113313_V06,30,0.921,195.08,350.482397,35.700806,-76.04,38.596628,17850.402867,20211007_073313
4,KDOX20211007_114250_V06,39,0.939,191.67,356.304464,39.697290,-76.06,38.570302,19848.644874,20211007_074250
4,KDOX20211007_120205_V06,59,0.786,184.14,367.645882,45.703886,-76.10,38.518982,22851.943007,20211007_080205
5,KDOX20211007_110422_V06,1,0.759,417.63,187.317902,10.079453,-74.76,39.331075,5039.726257,20211007_070422
5,KDOX20211007_111359_V06,10,0.672,413.67,193.171809,18.303552,-74.78,39.304844,9151.776140,20211007_071359
5,KDOX20211007_112336_V06,20,0.274,402.09,205.883667,24.533772,-74.85,39.247954,12266.885944,20211007_072336
5,KDOX20211007_113313_V06,30,0.097,400.25,214.688096,27.832709,-74.86,39.208355,13916.354274,20211007_073313
5,KDOX20211007_114250_V06,39,-1.000,397.21,223.118622,31.295430,-74.88,39.170474,15647.714800,20211007_074250
5,KDOX20211007_120205_V06,59,0.069,374.92,171.442669,66.289508,-75.01,39.403749,33144.753948,20211007_080205
5,KDOX20211007_121142_V06,68,0.236,362.67,155.029175,48.343735,-75.08,39.477909,24171.867371,20211007_081142
11,KDOX20211007_110422_V06,1,0.091,365.34,263.856781,28.968521,-75.06,38.987739,14484.260559,20211007_070422
11,KDOX20211007_111359_V06,10,0.187,365.86,261.842324,37.575952,-75.06,38.996802,18787.975784,20211007_071359
23,KDOX20211007_120205_V06,59,0.061,77.25,218.805878,40.329288,-76.73,39.184154,20164.644241,20211007_080205
23,KDOX20211007_121142_V06,68,0.087,77.55,219.349520,47.224166,-76.73,39.181725,23612.083151,20211007_081142
23,KDOX20211007_122119_V06,78,0.060,95.64,246.903015,21.302681,-76.62,39.058749,10651.340485,20211007_082119
23,KDOX20211007_123057_V06,87,0.077,92.22,252.093155,32.316079,-76.64,39.035176,16158.039407,20211007_083057
2,KDOX20211007_104508_V06,-18,0.065,336.98,274.586853,51.221588,-75.23,38.939825,25610.794067,20211007_064508
7,KDOX20211007_110422_V06,1,0.519,224.76,163.431335,8.368927,-75.88,39.439821,4184.463501,20211007_070422
16,KDOX20211007_113313_V06,30,0.421,372.19,301.962677,10.900787,-75.02,38.815981,5450.393677,20211007_073313
21,KDOX20211007_120205_V06,59,0.120,153.72,403.825928,2.708931,-76.28,38.354902,1354.465485,20211007_080205
27,KDOX20211007_121142_V06,68,0.111,365.57,312.996399,13.376083,-75.06,38.766415,6688.041687,20211007_081142
28,KDOX20211007_122119_V06,78,0.209,270.17,107.622498,16.146957,-75.61,39.691837,8073.478699,20211007_082119
30,KDOX20211007_122119_V06,78,0.101,388.51,260.157867,14.167709,-74.93,39.003891,7083.854675,20211007_082119
2,KDOX20211014_110421_V06,-6,0.979,287.32,153.151184,12.686340,-75.51,39.486908,6343.170166,20211014_070421
2,KDOX20211014_111358_V06,3,0.969,289.77,158.220647,25.055705,-75.50,39.464086,12527.852319,20211014_071358
2,KDOX20211014_112335_V06,13,0.971,294.99,162.298234,37.178454,-75.47,39.445734,18589.226913,20211014_072335
2,KDOX20211014_113312_V06,23,0.978,300.64,169.090863,45.959331,-75.44,39.415146,22979.665737,20211014_073312
2,KDOX20211014_114250_V06,32,0.980,303.95,169.287128,54.597236,-75.42,39.414260,27298.618166,20211014_074250
2,KDOX20211014_120205_V06,52,-1.000,311.41,170.059221,73.754628,-75.37,39.410767,36877.313858,20211014_080205
2,KDOX20211014_121142_V06,61,0.213,281.23,152.631134,41.623169,-75.55,39.489222,20811.584473,20211014_081142
2,KDOX20211014_122119_V06,71,0.084,301.90,151.191284,15.872101,-75.43,39.495757,7936.050415,20211014_082119
3,KDOX20211014_110421_V06,-6,0.627,215.14,336.289001,8.158970,-75.93,38.661093,4079.484940,20211014_070421
3,KDOX20211014_111358_V06,3,0.405,214.96,338.772806,19.375955,-75.93,38.649902,9687.977609,20211014_071358
3,KDOX20211014_112335_V06,13,0.059,225.16,345.696027,22.018312,-75.87,38.618950,11009.155824,20211014_072335
3,KDOX20211014_113312_V06,23,0.094,223.15,351.256843,26.293358,-75.88,38.593860,13146.678848,20211014_073312
14,KDOX20211014_114250_V06,32,0.130,322.08,68.444275,10.466904,-75.31,39.868325,5233.451843,20211014_074250
14,KDOX20211014_120205_V06,52,0.443,299.12,112.999052,29.668810,-75.45,39.667753,14834.405210,20211014_080205
1,KDOX20211014_104508_V06,-25,0.053,355.52,327.677399,17.316624,-75.12,38.700463,8658.311844,20211014_064508
4,KDOX20211014_110421_V06,-6,0.120,428.08,183.780853,4.601135,-74.70,39.346635,2300.567627,20211014_070421
6,KDOX20211014_110421_V06,-6,0.052,276.40,386.402405,10.307014,-75.58,38.436311,5153.507233,20211014_070421
7,KDOX20211014_111358_V06,3,0.517,319.93,84.229553,10.501457,-75.32,39.797254,5250.728607,20211014_071358
11,KDOX20211014_111358_V06,3,0.055,278.60,194.174744,27.022034,-75.56,39.302113,13511.016846,20211014_071358
19,KDOX20211014_122119_V06,71,0.056,242.31,192.128723,20.090553,-75.77,39.310916,10045.276642,20211014_082119
1,KDOX20211020_110124_V06,-15,0.458,287.51,147.144318,3.415405,-75.51,39.513961,1707.702637,20211020_070124
1,KDOX20211020_111101_V06,-5,0.986,299.18,160.335035,15.546369,-75.44,39.454578,7773.184533,20211020_071101
1,KDOX20211020_112038_V06,4,0.981,305.21,171.830943,26.326238,-75.41,39.402802,13163.118916,20211020_072038
1,KDOX20211020_113015_V06,14,0.978,313.17,182.283194,37.481361,-75.36,39.355709,18740.680553,20211020_073015
1,KDOX20211020_113953_V06,23,0.952,319.18,186.694100,47.470169,-75.33,39.335816,23735.084500,20211020_073953
1,KDOX20211020_114930_V06,33,0.756,315.60,186.215142,53.457200,-75.35,39.337991,26728.600170,20211020_074930
1,KDOX20211020_115908_V06,43,0.142,315.29,175.504879,54.028380,-75.35,39.386227,27014.190166,20211020_075908
1,KDOX20211020_120846_V06,52,0.058,314.36,159.763702,48.337219,-75.36,39.457122,24168.609619,20211020_080846
1,KDOX20211020_121824_V06,62,0.070,326.64,145.099945,34.701675,-75.29,39.523088,17350.837708,20211020_081824
18,KDOX20211020_111101_V06,-5,0.053,223.45,347.892609,4.565086,-75.88,38.609020,2282.543182,20211020_071101
18,KDOX20211020_112038_V06,4,0.312,216.69,357.516925,15.087260,-75.92,38.565518,7543.630106,20211020_072038
18,KDOX20211020_113015_V06,14,0.099,223.34,377.084476,17.526077,-75.88,38.477533,8763.038267,20211020_073015
18,KDOX20211020_113953_V06,23,0.092,229.77,390.838042,23.705967,-75.84,38.415716,11852.983688,20211020_073953
3,KDOX20211020_110124_V06,-15,0.288,430.90,183.671295,4.840393,-74.68,39.347024,2420.196533,20211020_070124
3,KDOX20211020_111101_V06,-5,0.226,433.05,190.190452,18.280763,-74.67,39.317584,9140.381324,20211020_071101
3,KDOX20211020_112038_V06,4,0.545,447.96,206.669087,26.047530,-74.58,39.242774,13023.765188,20211020_072038
14,KDOX20211020_111101_V06,-5,0.087,295.92,358.510345,60.147495,-75.46,38.562020,30073.747635,20211020_071101
14,KDOX20211020_112038_V06,4,0.182,295.23,363.029443,69.665455,-75.47,38.541665,34832.727333,20211020_072038
14,KDOX20211020_113015_V06,14,0.054,296.84,394.887150,84.619278,-75.46,38.398170,42309.639190,20211020_073015
19,KDOX20211020_112038_V06,4,0.291,433.40,266.206146,40.311371,-74.67,38.975233,20155.685425,20211020_072038
19,KDOX20211020_113015_V06,14,0.098,434.60,277.616297,50.670296,-74.66,38.923800,25335.148006,20211020_073015
19,KDOX20211020_113953_V06,23,0.055,394.20,266.178436,12.162140,-74.90,38.976628,6081.069946,20211020_073953
7,KDOX20211020_110124_V06,-15,0.137,461.50,141.423248,6.370743,-74.50,39.535991,3185.371399,20211020_070124
8,KDOX20211020_111101_V06,-5,0.684,276.50,502.776001,10.208950,-75.57,37.912106,5104.475021,20211020_071101
20,KDOX20211020_112038_V06,4,0.076,272.38,529.927612,8.908890,-75.60,37.789766,4454.444885,20211020_072038
2,KDOX20211022_110554_V06,-13,0.867,288.58,146.469940,4.949020,-75.51,39.517001,2474.510193,20211022_070554
2,KDOX20211022_111018_V06,-8,0.978,292.79,147.912644,8.953027,-75.48,39.510515,4476.513556,20211022_071018
2,KDOX20211022_111443_V06,-4,0.986,296.78,150.642704,14.599145,-75.46,39.498227,7299.572360,20211022_071443
2,KDOX20211022_111908_V06,1,0.990,299.40,153.263422,19.232411,-75.44,39.486426,9616.205333,20211022_071908
2,KDOX20211022_112332_V06,5,0.987,303.98,155.162199,26.071607,-75.42,39.477872,13035.803714,20211022_072332
2,KDOX20211022_112757_V06,9,0.988,302.45,156.111594,32.726319,-75.43,39.473598,16363.159581,20211022_072757
2,KDOX20211022_113227_V06,14,0.984,303.40,158.831661,37.907036,-75.42,39.461347,18953.518015,20211022_073227
2,KDOX20211022_113658_V06,18,0.984,305.19,160.243629,42.074601,-75.41,39.454986,21037.300660,20211022_073658
2,KDOX20211022_114122_V06,23,0.987,309.25,163.719722,43.061780,-75.39,39.439323,21530.890088,20211022_074122
2,KDOX20211022_114547_V06,27,0.965,311.38,166.350913,46.792973,-75.37,39.427467,23396.486578,20211022_074547
2,KDOX20211022_115011_V06,32,0.979,316.70,164.320430,49.176350,-75.34,39.436590,24588.174991,20211022_075011
2,KDOX20211022_115441_V06,36,0.984,310.05,166.466004,48.042095,-75.38,39.426953,24021.047470,20211022_075441
2,KDOX20211022_120341_V06,45,0.950,305.07,163.074436,46.740943,-75.41,39.442238,23370.471355,20211022_080341
2,KDOX20211022_120816_V06,50,0.874,306.56,164.275541,45.630234,-75.40,39.436826,22815.117085,20211022_080816
2,KDOX20211022_121252_V06,54,0.935,302.84,170.762483,49.989594,-75.42,39.407617,24994.796887,20211022_081252
2,KDOX20211022_121728_V06,59,0.913,293.52,171.133182,48.149047,-75.48,39.405943,24074.523553,20211022_081728
2,KDOX20211022_122204_V06,64,0.644,290.68,171.750478,51.940780,-75.49,39.403156,25970.389957,20211022_082204
2,KDOX20211022_122641_V06,68,0.682,299.98,177.226866,52.629138,-75.44,39.378505,26314.569008,20211022_082641
2,KDOX20211022_123117_V06,73,0.670,300.14,178.272955,53.469891,-75.44,39.373794,26734.945494,20211022_083117
2,KDOX20211022_123601_V06,78,0.081,254.78,165.901093,18.481789,-75.70,39.429218,9240.894318,20211022_083601
2,KDOX20211022_124030_V06,82,0.420,255.01,166.165387,22.980651,-75.70,39.428031,11490.325354,20211022_084030
15,KDOX20211022_111443_V06,-4,0.264,278.99,345.387085,15.545727,-75.56,38.621070,7772.863388,20211022_071443
15,KDOX20211022_111908_V06,1,-1.000,278.99,345.387085,23.495727,-75.56,38.621070,11747.863388,20211022_071908
15,KDOX20211022_112332_V06,5,-1.000,278.99,345.387085,29.855727,-75.56,38.621070,14927.863388,20211022_072332
15,KDOX20211022_112757_V06,9,0.240,285.59,357.629366,38.718253,-75.52,38.565962,19359.126698,20211022_072757
15,KDOX20211022_113227_V06,14,0.340,291.80,360.928934,50.952383,-75.49,38.551119,25476.191463,20211022_073227
15,KDOX20211022_113658_V06,18,0.581,301.78,357.515067,52.922371,-75.43,38.566505,26461.185482,20211022_073658
15,KDOX20211022_114122_V06,23,0.231,299.74,361.656168,62.671215,-75.44,38.547853,31335.607423,20211022_074122
15,KDOX20211022_114547_V06,27,0.076,307.42,360.026159,60.899099,-75.40,38.555187,30449.549730,20211022_074547
10,KDOX20211022_111018_V06,-8,0.342,214.52,339.952820,4.595146,-75.93,38.644577,2297.573090,20211022_071018
10,KDOX20211022_111443_V06,-4,0.239,215.72,341.123552,10.985040,-75.92,38.639332,5492.520076,20211022_071443
10,KDOX20211022_111908_V06,1,0.104,218.60,348.804027,15.593467,-75.91,38.604806,7796.733745,20211022_071908
17,KDOX20211022_111443_V06,-4,0.097,327.89,81.924316,8.485207,-75.28,39.807580,4242.603302,20211022_071443
17,KDOX20211022_111908_V06,1,0.176,327.98,81.601458,14.380397,-75.28,39.809033,7190.198288,20211022_071908
20,KDOX20211022_112332_V06,5,0.500,232.82,312.421570,9.556793,-75.83,38.768973,4778.396606,20211022_072332
20,KDOX20211022_112757_V06,9,0.082,234.62,312.499344,15.024186,-75.82,38.768657,7512.092973,20211022_072757
32,KDOX20211022_120341_V06,45,0.086,265.85,134.993378,24.046238,-75.64,39.568536,12023.118973,20211022_080341
32,KDOX20211022_120816_V06,50,0.293,263.74,134.506956,31.439311,-75.65,39.570705,15719.655519,20211022_080816
13,KDOX20211022_111018_V06,-8,0.074,434.63,180.343079,8.022446,-74.66,39.361870,4011.222839,20211022_071018
18,KDOX20211022_111908_V06,1,0.090,334.29,326.376190,19.543446,-75.24,38.706594,9771.722794,20211022_071908
18,KDOX20211022_112332_V06,5,-1.000,334.29,326.376190,25.903446,-75.24,38.706594,12951.722794,20211022_072332
18,KDOX20211022_112757_V06,9,0.088,331.77,320.833527,18.422119,-75.26,38.731582,9211.059570,20211022_072757
18,KDOX20211022_113227_V06,14,0.075,325.00,320.409393,10.404053,-75.30,38.733547,5202.026367,20211022_073227
21,KDOX20211022_112332_V06,5,0.099,293.67,369.342529,28.029259,-75.48,38.513226,14014.629364,20211022_072332
28,KDOX20211022_115011_V06,32,0.117,262.63,131.025848,26.043182,-75.66,39.586370,13021.591187,20211022_075011
40,KDOX20211022_124030_V06,82,0.055,279.76,207.885895,8.932800,-75.56,39.240370,4466.400146,20211022_084030
4,KDOX20211024_111517_V06,-5,0.847,282.77,146.758881,4.689987,-75.54,39.515676,2344.993591,20211024_071517
4,KDOX20211024_112455_V06,4,0.980,281.44,150.143760,14.729852,-75.55,39.500425,7364.926123,20211024_072455
4,KDOX20211024_113432_V06,14,0.988,281.99,156.416539,25.487149,-75.54,39.472179,12743.574451,20211024_073432
4,KDOX20211024_114410_V06,24,0.975,283.96,160.955133,37.763494,-75.53,39.451749,18881.746821,20211024_074410
9,KDOX20211024_111517_V06,-5,0.211,423.13,190.552155,11.887421,-74.73,39.316320,5943.710327,20211024_071517
9,KDOX20211024_112455_V06,4,0.435,423.29,181.533860,17.902995,-74.72,39.356927,8951.497576,20211024_072455
9,KDOX20211024_113432_V06,14,-1.000,423.46,172.204590,25.222555,-74.72,39.398934,12611.277489,20211024_073432
9,KDOX20211024_114410_V06,24,0.112,424.57,206.059478,23.163574,-74.72,39.246432,11581.786937,20211024_074410
9,KDOX20211024_120325_V06,43,-1.000,425.90,234.856862,26.967083,-74.71,39.116695,13483.541330,20211024_080325
9,KDOX20211024_121303_V06,53,0.351,416.88,204.984651,27.099472,-74.76,39.251539,13549.736087,20211024_081303
23,KDOX20211024_120325_V06,43,0.075,225.99,199.482361,26.814018,-75.87,39.277490,13407.009125,20211024_080325
23,KDOX20211024_121303_V06,53,0.435,239.84,198.596809,31.456415,-75.79,39.281745,15728.207674,20211024_081303
26,KDOX20211024_122241_V06,62,0.051,232.72,393.073608,9.838463,-75.83,38.405704,4919.231415,20211024_082241
26,KDOX20211024_123218_V06,72,0.081,238.64,393.352804,24.151660,-75.79,38.404553,12075.829990,20211024_083218
1,KDOX20211024_110539_V06,-15,0.474,355.44,261.866302,54.198303,-75.12,38.996874,27099.151611,20211024_070539
1,KDOX20211024_111517_V06,-5,0.142,346.23,272.022614,46.770508,-75.17,38.951265,23385.253906,20211024_071517
2,KDOX20211024_110539_V06,-15,0.245,160.84,204.058289,16.442574,-76.25,39.254894,8221.286774,20211024_070539
3,KDOX20211024_110539_V06,-15,0.052,108.11,199.382477,22.765484,-76.55,39.273450,11382.741928,20211024_070539
6,KDOX20211024_111517_V06,-5,0.476,199.29,404.706665,7.421074,-76.02,38.352516,3710.536957,20211024_071517
7,KDOX20211024_111517_V06,-5,0.403,268.59,331.587677,11.048660,-75.62,38.683147,5524.330139,20211024_071517
8,KDOX20211024_111517_V06,-5,0.246,209.88,341.140137,4.741604,-75.96,38.639114,2370.801926,20211024_071517
13,KDOX20211024_111517_V06,-5,0.097,272.20,405.492249,5.589127,-75.60,38.350294,2794.563293,20211024_071517
16,KDOX20211024_112455_V06,4,0.053,209.93,243.940002,4.683739,-75.96,39.076892,2341.869354,20211024_072455
17,KDOX20211024_113432_V06,14,0.051,189.67,423.140320,18.588127,-76.07,38.269201,9294.063568,20211024_073432
2,KDOX20211027_111638_V06,-7,0.528,288.80,160.968781,6.315689,-75.51,39.451706,3157.844543,20211027_071638
2,KDOX20211027_112615_V06,3,0.754,292.47,176.226702,23.182491,-75.48,39.383001,11591.245548,20211027_072615
2,KDOX20211027_113553_V06,12,0.604,316.78,151.926561,31.573761,-75.34,39.492406,15786.880489,20211027_073553
2,KDOX20211027_114531_V06,22,0.761,309.69,176.772433,44.982191,-75.38,39.380538,22491.095735,20211027_074531
11,KDOX20211027_112615_V06,3,0.170,271.47,356.258881,13.175159,-75.60,38.572049,6587.579727,20211027_072615
11,KDOX20211027_113553_V06,12,0.055,283.39,362.313890,20.101823,-75.54,38.544852,10050.911573,20211027_073553
1,KDOX20211027_111638_V06,-7,0.793,423.12,203.291138,12.554123,-74.73,39.258951,6277.061462,20211027_071638
18,KDOX20211027_114531_V06,22,0.058,261.76,241.354675,38.794998,-75.66,39.089485,19397.499084,20211027_074531
22,KDOX20211027_122401_V06,61,0.079,387.58,272.094055,6.171829,-74.93,38.950156,3085.914612,20211027_082401
6,KDOX20211031_111952_V06,-9,0.075,282.28,166.036133,10.990967,-75.54,39.428858,5495.483398,20211031_071952
6,KDOX20211031_112929_V06,1,0.071,280.85,173.617265,21.797317,-75.55,39.394709,10898.658270,20211031_072929
6,KDOX20211031_113907_V06,11,0.267,304.55,160.827811,25.116463,-75.41,39.452356,12558.231734,20211031_073907
6,KDOX20211031_114845_V06,20,0.114,319.18,165.338508,23.727761,-75.33,39.431992,11863.880743,20211031_074845
9,KDOX20211031_112929_V06,1,0.478,432.40,175.474884,14.779587,-74.67,39.383878,7389.793396,20211031_072929
9,KDOX20211031_113907_V06,11,0.050,436.68,188.014121,27.788215,-74.65,39.327245,13894.107336,20211031_073907
1,KDOX20211031_111952_V06,-9,0.233,195.60,332.684967,14.511547,-76.04,38.676803,7255.773544,20211031_071952
3,KDOX20211031_111952_V06,-9,0.159,276.45,335.239746,9.120533,-75.58,38.666759,4560.266495,20211031_071952
7,KDOX20211031_111952_V06,-9,0.069,335.89,363.071167,2.064568,-75.23,38.541298,1032.283783,20211031_071952
17,KDOX20211031_123259_V06,64,0.058,30.21,245.273163,49.678467,-77.00,39.061665,24839.233398,20211031_083259
18,KDOX20211104_112741_V06,-5,0.140,371.75,159.293121,12.753143,-75.02,39.458530,6376.571655,20211104_072741
18,KDOX20211104_113719_V06,5,0.367,359.72,175.655419,24.813391,-75.09,39.385070,12406.695711,20211104_073719
18,KDOX20211104_114145_V06,9,0.245,358.62,185.679231,27.680250,-75.10,39.339946,13840.124796,20211104_074145
18,KDOX20211104_114607_V06,14,0.530,356.58,187.402997,28.136203,-75.11,39.332217,14068.101449,20211104_074607
18,KDOX20211104_115029_V06,18,0.597,355.74,182.423320,29.037071,-75.12,39.354657,14518.535580,20211104_075029
18,KDOX20211104_120429_V06,32,0.321,381.52,189.290110,29.748320,-74.97,39.323224,14874.159874,20211104_080429
18,KDOX20211104_121408_V06,42,0.091,381.84,209.040100,12.664398,-74.97,39.234271,6332.199097,20211104_081408
18,KDOX20211104_122347_V06,51,0.125,381.51,209.219852,19.764415,-74.97,39.233470,9882.207425,20211104_082347
18,KDOX20211104_123326_V06,61,0.189,377.10,196.103315,24.195081,-74.99,39.292641,12097.540335,20211104_083326
18,KDOX20211104_124304_V06,71,0.253,376.89,190.202405,25.565853,-74.99,39.319221,12782.926359,20211104_084304
18,KDOX20211104_130221_V06,90,0.056,373.91,140.684658,63.065724,-75.01,39.542287,31532.862090,20211104_090221
13,KDOX20211104_112741_V06,-5,0.892,419.04,176.953461,11.534927,-74.75,39.377702,5767.463684,20211104_072741
13,KDOX20211104_113719_V06,5,0.871,418.64,182.736363,22.776248,-74.75,39.351673,11388.124247,20211104_073719
13,KDOX20211104_114145_V06,9,0.548,418.54,182.429567,26.116479,-74.75,39.353058,13058.239445,20211104_074145
13,KDOX20211104_114607_V06,14,0.570,410.14,187.800335,29.004459,-74.80,39.329147,14502.229386,20211104_074607
13,KDOX20211104_115029_V06,18,-1.000,405.06,191.072103,31.635364,-74.83,39.314569,15817.681859,20211104_075029
13,KDOX20211104_120429_V06,32,0.179,422.13,200.884094,13.155914,-74.73,39.269826,6577.957153,20211104_080429
13,KDOX20211104_121408_V06,42,0.065,423.41,204.777643,24.711914,-74.73,39.252246,12355.957074,20211104_081408
16,KDOX20211104_112741_V06,-5,0.386,188.59,324.570953,14.804115,-76.08,38.713134,7402.057648,20211104_072741
16,KDOX20211104_113719_V06,5,0.839,182.77,325.117839,23.067608,-76.11,38.710483,11533.803817,20211104_073719
16,KDOX20211104_114145_V06,9,0.802,176.82,326.461471,25.380245,-76.15,38.704228,12690.122660,20211104_074145
2,KDOX20211104_111803_V06,-14,0.388,208.84,245.169281,4.744621,-75.97,39.071328,2372.310638,20211104_071803
2,KDOX20211104_112741_V06,-5,0.434,208.05,246.940875,14.237423,-75.97,39.063328,7118.711353,20211104_072741
22,KDOX20211104_112741_V06,-5,0.075,368.38,202.557129,8.116653,-75.04,39.263758,4058.326721,20211104_072741
22,KDOX20211104_113719_V06,5,-1.000,368.38,202.557129,24.016653,-75.04,39.263758,12008.326721,20211104_073719
22,KDOX20211104_114145_V06,9,0.062,378.59,205.073870,27.551081,-74.98,39.252208,13775.540724,20211104_074145
22,KDOX20211104_114607_V06,14,-1.000,384.63,206.564623,33.827398,-74.95,39.245353,16913.698843,20211104_074607
22,KDOX20211104_115029_V06,18,0.100,368.47,240.528473,37.102798,-75.04,39.092745,18551.399231,20211104_075029
27,KDOX20211104_113719_V06,5,0.117,280.60,156.846069,14.385910,-75.55,39.470237,7192.955017,20211104_073719
27,KDOX20211104_114145_V06,9,0.139,280.39,158.410537,20.622609,-75.55,39.463190,10311.304586,20211104_074145
27,KDOX20211104_114607_V06,14,0.061,276.28,159.217865,17.256851,-75.58,39.459529,8628.425598,20211104_074607
27,KDOX20211104_115029_V06,18,-1.000,276.28,159.217865,23.616851,-75.58,39.459529,11808.425598,20211104_075029
27,KDOX20211104_120429_V06,32,0.080,305.71,191.359586,23.065678,-75.41,39.314852,11532.839182,20211104_080429
27,KDOX20211104_121408_V06,42,-1.000,325.40,212.868875,23.700407,-75.29,39.217894,11850.203405,20211104_081408
27,KDOX20211104_122347_V06,51,0.132,312.43,193.930389,16.456741,-75.37,39.303257,8228.370667,20211104_082347
27,KDOX20211104_123326_V06,61,0.132,301.17,183.450510,23.719189,-75.43,39.350476,11859.594507,20211104_083326
27,KDOX20211104_124304_V06,71,0.077,307.64,181.605499,4.116837,-75.40,39.358777,2058.418274,20211104_084304
27,KDOX20211104_130221_V06,90,0.147,359.25,205.129351,10.354034,-75.10,39.252340,5177.016908,20211104_090221
29,KDOX20211104_113719_V06,5,0.053,284.34,401.347321,72.341446,-75.53,38.369038,36170.722961,20211104_073719
29,KDOX20211104_114145_V06,9,-1.000,284.34,401.347321,78.701446,-75.53,38.369038,39350.722961,20211104_074145
29,KDOX20211104_114607_V06,14,0.052,278.32,402.547601,82.920372,-75.56,38.363600,41460.186031,20211104_074607
31,KDOX20211104_114607_V06,14,0.088,250.82,509.240784,31.922501,-75.72,37.882725,15961.250305,20211104_074607
31,KDOX20211104_115029_V06,18,0.150,250.43,509.160053,37.574613,-75.72,37.883083,18787.306649,20211104_075029
31,KDOX20211104_120429_V06,32,0.065,250.83,495.415161,23.981762,-75.72,37.945005,11990.880966,20211104_080429
38,KDOX20211104_120429_V06,32,0.143,139.09,389.889984,14.049021,-76.36,38.417038,7024.510384,20211104_080429
38,KDOX20211104_121408_V06,42,0.077,133.26,392.006224,24.512001,-76.39,38.407238,12256.000722,20211104_081408
54,KDOX20211104_124304_V06,71,0.090,152.37,240.467651,10.692947,-76.29,39.090578,5346.473694,20211104_084304
54,KDOX20211104_130221_V06,90,0.080,167.71,183.879966,35.935736,-76.21,39.346032,17967.868104,20211104_090221
1,KDOX20211104_111803_V06,-14,0.442,271.57,407.609436,6.830475,-75.60,38.340752,3415.237427,20211104_071803
3,KDOX20211104_111803_V06,-14,0.342,200.35,399.738892,4.275131,-76.01,38.374922,2137.565613,20211104_071803
4,KDOX20211104_111803_V06,-14,0.239,84.60,389.402039,49.960094,-76.67,38.416351,24980.047226,20211104_071803
14,KDOX20211104_112741_V06,-5,0.581,445.26,134.578949,12.324188,-74.59,39.567529,6162.094116,20211104_072741
17,KDOX20211104_112741_V06,-5,0.168,253.56,245.104431,12.582985,-75.71,39.072497,6291.492462,20211104_072741
21,KDOX20211104_112741_V06,-5,0.077,209.22,200.921844,10.510651,-75.97,39.270612,5255.325317,20211104_072741
23,KDOX20211104_112741_V06,-5,0.074,167.42,224.792725,8.925522,-76.21,39.161773,4462.760925,20211104_072741
25,KDOX20211104_112741_V06,-5,0.060,390.43,267.807404,8.892960,-74.92,38.969390,4446.479797,20211104_072741
32,KDOX20211104_114607_V06,14,0.080,159.95,295.541290,26.269539,-76.25,38.842858,13134.769440,20211104_074607
35,KDOX20211104_115029_V06,18,0.084,184.33,368.037567,24.489639,-76.10,38.517224,12244.819641,20211104_075029
36,KDOX20211104_120429_V06,32,0.259,31.94,448.226624,34.822422,-76.97,38.147855,17411.211014,20211104_080429
43,KDOX20211104_121408_V06,42,0.232,285.06,152.888275,10.617615,-75.53,39.488083,5308.807373,20211104_081408
51,KDOX20211104_124304_V06,71,0.649,287.87,177.513306,18.154388,-75.51,39.377194,9077.194214,20211104_084304
