track_id,filename,from_sunrise,det_score,x,y,r,lon,lat,radius,local_time
27,KDVN20190930_124550_V06,48,0.211,348.18,392.103638,7.341759,-90.29,41.196659,3670.879364,20190930_074550
27,KDVN20190930_125230_V06,55,0.057,348.09,392.226059,14.584515,-90.29,41.196110,7292.257401,20190930_075230
3,KDVN20190930_112928_V06,-28,0.259,364.10,394.819824,14.822037,-90.20,41.184154,7411.018372,20190930_062928
7,KDVN20190930_113441_V06,-23,0.192,246.47,348.571747,5.165253,-90.90,41.392557,2582.626343,20190930_063441
15,KDVN20190930_120047_V06,3,0.198,219.04,260.826782,18.739693,-91.07,41.786989,9369.846344,20190930_070047
17,KDVN20190930_120047_V06,3,0.088,198.23,205.880280,4.439224,-91.20,42.033730,2219.612122,20190930_070047
18,KDVN20190930_120047_V06,3,0.065,228.13,364.220459,15.351830,-91.01,41.321749,7675.914764,20190930_070047
24,KDVN20190930_124010_V06,43,0.200,347.99,392.380005,8.914398,-90.29,41.195418,4457.199097,20190930_074010
25,KDVN20190930_124010_V06,43,0.139,370.25,383.538239,5.615700,-90.16,41.234816,2807.849884,20190930_074010
