track_id,filename,from_sunrise,det_score,x,y,r,lon,lat,radius,local_time
10848,KLIX20000221_124115,7,1.000,437.5,539.711,10.71376792264961,68750.0,120355.5,5356.883961324806,20000221_064115
10848,KLIX20000221_125105,17,1.000,429.5,539.711,22.765912768922064,64750.0,120355.5,11382.956384461031,20000221_065105
10848,KLIX20000221_130055,27,1.000,418.5,537.711,27.20396117471839,59250.0,119355.5,13601.980587359194,20000221_070055
10848,KLIX20000221_131045,37,1.000,418.5,537.711,37.59265422249919,59250.0,119355.5,18796.327111249597,20000221_071045
10847,KLIX20000222_124104,8,1.000,418.702,528.824,15.64121267214741,59351.0,114912.0,7820.606336073705,20000222_064104
10847,KLIX20000222_125054,18,1.000,418.702,528.824,25.04910336988534,59351.0,114912.0,12524.551684942675,20000222_065054
10847,KLIX20000222_130043,28,1.000,418.702,528.824,29.490765557750983,59351.0,114912.0,14745.382778875492,20000222_070043
10847,KLIX20000222_131033,38,1.000,418.702,528.824,32.472296243693485,59351.0,114912.0,16236.148121846745,20000222_071033
17416,KLIX20000228_123537,9,1.000,405.85,528.284,25.636780533638063,52925.0,114642.0,12818.390266819031,20000228_063537
17416,KLIX20000228_124527,18,1.000,405.85,528.284,34.275027589729255,52925.0,114642.0,17137.513794864626,20000228_064527
17416,KLIX20000228_125517,28,1.000,405.85,528.284,49.86258135346604,52925.0,114642.0,24931.290676733017,20000228_065517
17416,KLIX20000228_130506,38,1.000,405.85,528.284,64.77114752098115,52925.0,114642.0,32385.57376049057,20000228_070506
10849,KLIX20000313_122021,9,1.000,400.398,516.182,11.244803522421018,50199.0,108591.0,5622.401761210509,20000313_062021
10849,KLIX20000313_123011,19,1.000,402.398,509.182,22.34907095505142,51199.0,105091.0,11174.53547752571,20000313_063011
10849,KLIX20000313_124001,29,1.000,402.398,509.182,32.761050051347794,51199.0,105091.0,16380.525025673895,20000313_064001
10849,KLIX20000313_124951,39,1.000,402.398,509.182,42.86543746467702,51199.0,105091.0,21432.71873233851,20000313_064951
10850,KLIX20000324_115510,-2,1.000,396.945,512.4929999999999,8.63055661593142,48472.5,106746.5,4315.27830796571,20000324_055510
10850,KLIX20000324_120100,4,1.000,396.945,505.493,18.191933507912985,48472.5,103246.5,9095.966753956494,20000324_060100
10850,KLIX20000324_120651,10,1.000,396.945,505.493,30.729899789784923,48472.5,103246.5,15364.949894892465,20000324_060651
10850,KLIX20000324_121243,16,1.000,396.945,505.493,38.87276744494357,48472.5,103246.5,19436.383722471783,20000324_061243
10850,KLIX20000324_121833,22,1.000,396.945,505.493,47.033059051208156,48472.5,103246.5,23516.529525604074,20000324_061833
10851,KLIX20000325_120832,13,1.000,414.891,528.162,37.1131732634977,57445.5,114581.0,18556.58663174885,20000325_060832
10851,KLIX20000325_122011,24,1.000,414.891,528.162,51.94887989670559,57445.5,114581.0,25974.4399483528,20000325_062011
10851,KLIX20000325_122602,30,1.000,414.891,528.162,62.33031864904663,57445.5,114581.0,31165.15932452332,20000325_062602
10851,KLIX20000325_123152,36,1.000,414.891,528.162,72.71187927866308,57445.5,114581.0,36355.93963933154,20000325_063152
10851,KLIX20000325_123743,42,1.000,414.891,528.162,79.3963628952315,57445.5,114581.0,39698.18144761575,20000325_063743
10852,KLIX20000328_115846,7,1.000,408.272,522.112,14.920791373685898,54136.0,111556.0,7460.395686842949,20000328_055846
10852,KLIX20000328_120836,17,1.000,408.272,522.112,23.054956240804394,54136.0,111556.0,11527.478120402197,20000328_060836
10852,KLIX20000328_121826,26,1.000,408.272,522.112,32.704366116779234,54136.0,111556.0,16352.183058389617,20000328_061826
10852,KLIX20000328_122816,36,1.000,408.272,522.112,41.61659668652413,54136.0,111556.0,20808.298343262064,20000328_062816
10853,KLIX20000329_113839,-12,1.000,412.483,519.768,9.603149271372873,56241.5,110384.0,4801.574635686436,20000329_053839
10853,KLIX20000329_114429,-7,1.000,412.483,519.768,15.803981469250834,56241.5,110384.0,7901.990734625416,20000329_054429
10853,KLIX20000329_115019,-1,1.000,414.576,509.76800000000003,23.036053559203634,57288.0,105384.0,11518.026779601816,20000329_055019
10853,KLIX20000329_115609,5,1.000,413.878,500.0,29.23663451493237,56939.0,100500.0,14618.317257466186,20000329_055609
10853,KLIX20000329_120159,11,1.000,415.552,494.307,37.60064270380073,57776.0,97653.5,18800.321351900362,20000329_060159
10853,KLIX20000329_120749,17,1.000,418.566,484.93,42.80423774800422,59283.0,92965.0,21402.11887400211,20000329_060749
10853,KLIX20000329_121339,23,1.000,418.566,484.93,51.23546836547315,59283.0,92965.0,25617.734182736574,20000329_061339
10854,KLIX20000401_114039,-7,1.000,396.638,514.638,9.411382450919088,48319.0,107819.0,4705.691225459544,20000401_054039
10854,KLIX20000401_115029,2,1.000,396.638,514.638,28.609311189734598,48319.0,107819.0,14304.655594867298,20000401_055029
10854,KLIX20000401_120018,12,1.000,396.638,514.638,49.35450714131043,48319.0,107819.0,24677.25357065522,20000401_060018
10854,KLIX20000401_121009,22,1.000,396.638,514.638,67.93676102760044,48319.0,107819.0,33968.38051380022,20000401_061009
10855,KLIX20000416_113712,7,1.000,411.051,509.308,14.31661482739135,55525.5,105154.0,7158.307413695676,20000416_063712
10855,KLIX20000416_114306,13,1.000,411.051,509.308,20.234151949965327,55525.5,105154.0,10117.075974982665,20000416_064306
10855,KLIX20000416_114859,19,1.000,411.051,509.308,27.665017585090744,55525.5,105154.0,13832.50879254537,20000416_064859
10855,KLIX20000416_115452,25,1.000,411.051,509.308,32.84132270008313,55525.5,105154.0,16420.661350041566,20000416_065452
10855,KLIX20000416_120045,31,1.000,411.051,509.308,40.97887828133416,55525.5,105154.0,20489.43914066708,20000416_070045
10855,KLIX20000416_120638,37,1.000,411.051,509.308,44.678608226531935,55525.5,105154.0,22339.304113265967,20000416_070638
9179,KLIX20000419_112554,-1,1.000,406.294,519.235,13.860803197242129,53147.0,110117.5,6930.401598621064,20000419_062554
9179,KLIX20000419_113547,9,1.000,406.294,519.235,23.233905919852315,53147.0,110117.5,11616.952959926157,20000419_063547
9179,KLIX20000419_114540,19,1.000,406.294,519.235,36.77877820203259,53147.0,110117.5,18389.389101016295,20000419_064540
9179,KLIX20000419_115533,29,1.000,406.294,519.235,55.86751137780113,53147.0,110117.5,27933.755688900565,20000419_065533
9179,KLIX20000419_120526,38,1.000,402.294,514.235,55.86747444822148,51147.0,107617.5,27933.737224110744,20000419_070526
9180,KLIX20000420_112336,-2,1.000,414.429,505.5,16.848908254265382,57214.5,103250.0,8424.454127132689,20000420_062336
9180,KLIX20000420_113329,7,1.000,414.429,505.5,34.583171970519764,57214.5,103250.0,17291.585985259884,20000420_063329
9180,KLIX20000420_114322,17,1.000,410.429,478.5,34.58288671154163,55214.5,89750.0,17291.443355770818,20000420_064322
9180,KLIX20000420_115314,27,1.000,410.429,478.5,38.549850336180675,55214.5,89750.0,19274.925168090336,20000420_065314
9180,KLIX20000420_120307,37,1.000,410.429,478.5,48.08050446440735,55214.5,89750.0,24040.25223220367,20000420_070307
4099,KLIX20001002_115505,1,1.000,178.039,349.51099999999997,6.437813155293647,-60980.5,25255.5,3218.9065776468233,20001002_065505
4099,KLIX20001002_120059,7,1.000,178.039,349.51099999999997,13.999411936857575,-60980.5,25255.5,6999.705968428786,20001002_070059
4099,KLIX20001002_120652,13,1.000,178.039,349.51099999999997,17.389091641793694,-60980.5,25255.5,8694.545820896847,20001002_070652
4099,KLIX20001002_121245,19,1.000,178.039,349.51099999999997,19.536152742570067,-60980.5,25255.5,9768.076371285035,20001002_071245
4099,KLIX20001002_121838,25,1.000,178.039,349.51099999999997,25.82992645755318,-60980.5,25255.5,12914.963228776594,20001002_071838
4099,KLIX20001002_122432,31,1.000,178.039,349.51099999999997,29.017944227622355,-60980.5,25255.5,14508.972113811178,20001002_072432
4099,KLIX20001002_123028,36,1.000,178.039,349.51099999999997,29.0182262969203,-60980.5,25255.5,14509.113148460148,20001002_073028
4098,KLIX20001003_115516,1,1.000,172.877,356.56600000000003,11.573444925726589,-63561.5,28783.0,5786.722462863295,20001003_065516
4098,KLIX20001003_120110,7,1.000,172.877,356.56600000000003,17.928896668986123,-63561.5,28783.0,8964.448334493061,20001003_070110
4098,KLIX20001003_120703,13,1.000,172.877,356.56600000000003,20.382035011901664,-63561.5,28783.0,10191.017505950833,20001003_070703
4098,KLIX20001003_121258,19,1.000,172.877,356.56600000000003,23.601062242677678,-63561.5,28783.0,11800.53112133884,20001003_071258
4098,KLIX20001003_121852,25,1.000,172.877,356.56600000000003,28.271180171616038,-63561.5,28783.0,14135.590085808015,20001003_071852
4098,KLIX20001003_122446,31,1.000,172.877,356.56600000000003,28.271398657036794,-63561.5,28783.0,14135.699328518396,20001003_072446
4098,KLIX20001003_123039,37,1.000,172.877,356.56600000000003,33.81872131854372,-63561.5,28783.0,16909.360659271864,20001003_073039
4097,KLIX20001011_115249,-6,1.000,168.142,364.19100000000003,9.468821076735738,-65929.0,32595.5,4734.410538367869,20001011_065249
4097,KLIX20001011_115849,0,1.000,168.142,364.19100000000003,14.863946583551966,-65929.0,32595.5,7431.973291775983,20001011_065849
4097,KLIX20001011_120450,6,1.000,168.142,364.19100000000003,19.251757583481318,-65929.0,32595.5,9625.87879174066,20001011_070450
4097,KLIX20001011_121052,12,1.000,168.142,364.19100000000003,22.57589210760893,-65929.0,32595.5,11287.946053804466,20001011_071052
4097,KLIX20001011_121656,18,1.000,168.142,364.19100000000003,25.911186989373444,-65929.0,32595.5,12955.593494686724,20001011_071656
4097,KLIX20001011_122259,24,1.000,168.142,364.19100000000003,30.351858210190624,-65929.0,32595.5,15175.929105095312,20001011_072259
4097,KLIX20001011_122902,30,1.000,168.142,364.19100000000003,33.74293105366206,-65929.0,32595.5,16871.465526831027,20001011_072902
4096,KLIX20001012_115613,-4,1.000,164.081,367.435,12.39574982708768,-67959.5,34217.5,6197.87491354384,20001012_065613
4096,KLIX20001012_120214,2,1.000,164.081,367.435,18.877597835513956,-67959.5,34217.5,9438.798917756978,20001012_070214
4095,KLIX20001014_114725,-14,1.000,171.886,357.238,7.361019237787937,-64057.0,29119.0,3680.509618893968,20001014_064725
4095,KLIX20001014_115328,-8,1.000,171.886,357.238,13.829061933605644,-64057.0,29119.0,6914.530966802821,20001014_065328
4095,KLIX20001014_115931,-1,1.000,171.886,357.238,18.627563194248808,-64057.0,29119.0,9313.781597124405,20001014_065931
4095,KLIX20001014_120533,5,1.000,171.886,357.238,22.508074389806477,-64057.0,29119.0,11254.03719490324,20001014_070533
4095,KLIX20001014_121133,11,1.000,171.886,357.238,27.13016629084778,-64057.0,29119.0,13565.083145423889,20001014_071133
4095,KLIX20001014_121735,17,1.000,172.719,346.405,27.130500262491356,-63640.5,23702.5,13565.250131245677,20001014_071735
4095,KLIX20001014_122337,23,1.000,172.719,346.405,36.61173288191956,-63640.5,23702.5,18305.866440959777,20001014_072337
4095,KLIX20001014_122940,29,1.000,172.719,346.405,41.09342609972876,-63640.5,23702.5,20546.713049864382,20001014_072940
4095,KLIX20001014_123543,35,1.000,172.719,346.405,41.09379363584515,-63640.5,23702.5,20546.89681792258,20001014_073543
4092,KLIX20001015_115025,-12,1.000,173.782,364.443,9.356002433263974,-63109.0,32721.5,4678.0012166319875,20001015_065025
4092,KLIX20001015_115625,-6,1.000,173.782,364.443,15.459903958432683,-63109.0,32721.5,7729.951979216342,20001015_065625
4092,KLIX20001015_120228,0,1.000,173.782,364.443,22.618602212667707,-63109.0,32721.5,11309.301106333854,20001015_070228
4094,KLIX20001015_120228,0,1.000,423.708,517.932,15.052549431098784,61854.0,109466.0,7526.274715549392,20001015_070228
4092,KLIX20001015_120829,6,1.000,173.782,364.443,29.007447949566178,-63109.0,32721.5,14503.723974783084,20001015_070829
4093,KLIX20001015_120829,6,1.000,135.5,359.5,11.581389900618968,-82250.0,30250.0,5790.694950309484,20001015_070829
4094,KLIX20001015_120829,6,1.000,423.708,517.932,22.29595358264506,61854.0,109466.0,11147.97679132253,20001015_070829
4092,KLIX20001015_121429,12,1.000,173.782,364.443,34.51578898818771,-63109.0,32721.5,17257.894494093853,20001015_071429
4093,KLIX20001015_121429,12,1.000,135.5,359.5,17.086314565679533,-82250.0,30250.0,8543.157282839766,20001015_071429
4094,KLIX20001015_121429,12,1.000,423.708,517.932,27.085465682135627,61854.0,109466.0,13542.732841067813,20001015_071429
4092,KLIX20001015_122030,19,1.000,173.782,364.443,41.70307991821069,-63109.0,32721.5,20851.539959105343,20001015_072030
4093,KLIX20001015_122030,19,1.000,135.5,359.5,22.13926808195319,-82250.0,30250.0,11069.634040976598,20001015_072030
4094,KLIX20001015_122030,19,1.000,423.708,517.932,30.548670094921825,61854.0,109466.0,15274.33504746091,20001015_072030
4093,KLIX20001015_122631,25,1.000,135.5,359.5,27.482034505740803,-82250.0,30250.0,13741.017252870397,20001015_072631
4091,KLIX20001017_115023,-13,1.000,181.543,362.13,7.917961977743611,-59228.5,31565.0,3958.980988871806,20001017_065023
4091,KLIX20001017_115624,-7,1.000,181.543,362.13,16.380560515066758,-59228.5,31565.0,8190.280257533379,20001017_065624
4091,KLIX20001017_120227,-1,1.000,181.543,362.13,19.20614077886853,-59228.5,31565.0,9603.070389434264,20001017_070227
4091,KLIX20001017_120828,5,1.000,181.543,362.13,24.884743867577015,-59228.5,31565.0,12442.371933788509,20001017_070828
4091,KLIX20001017_121430,12,1.000,181.543,362.13,31.648174472276974,-59228.5,31565.0,15824.087236138486,20001017_071430
4091,KLIX20001017_122032,18,1.000,185.543,358.13,31.648012986297317,-57228.5,29565.0,15824.006493148658,20001017_072032
4091,KLIX20001017_122633,24,1.000,204.543,359.13,31.648012986297317,-47728.5,30065.0,15824.006493148658,20001017_072633
4091,KLIX20001017_123235,30,1.000,204.543,359.13,36.82083805623204,-47728.5,30065.0,18410.41902811602,20001017_073235
4090,KLIX20001018_121710,13,1.000,173.806,380.33299999999997,29.7293015497881,-63097.0,40666.5,14864.650774894051,20001018_071710
4090,KLIX20001018_130116,57,1.000,173.806,380.33299999999997,40.00069224918582,-63097.0,40666.5,20000.34612459291,20001018_080116
4087,KLIX20001019_115307,-12,1.000,175.174,366.058,7.450797454071804,-62413.0,33529.0,3725.3987270359016,20001019_065307
4089,KLIX20001019_115307,-12,1.000,339.581,330.628,9.26542971949087,19790.5,15814.0,4632.714859745434,20001019_065307
4087,KLIX20001019_120017,-5,1.000,168.174,375.058,14.420198154628697,-65913.0,38029.0,7210.099077314348,20001019_070017
4088,KLIX20001019_120017,-5,1.000,427.25,530.375,17.12221539056317,63625.0,115687.5,8561.107695281586,20001019_070017
4089,KLIX20001019_120017,-5,1.000,339.581,330.628,14.803642657044819,19790.5,15814.0,7401.821328522411,20001019_070017
4087,KLIX20001019_120619,1,1.000,168.174,375.058,18.400768364048503,-65913.0,38029.0,9200.384182024252,20001019_070619
4088,KLIX20001019_120619,1,1.000,427.25,530.375,24.9344796971597,63625.0,115687.5,12467.239848579846,20001019_070619
4089,KLIX20001019_120619,1,1.000,339.581,330.628,23.56635373636164,19790.5,15814.0,11783.176868180819,20001019_070619
4087,KLIX20001019_121223,7,1.000,168.174,375.058,23.90914284011542,-65913.0,38029.0,11954.571420057711,20001019_071223
4088,KLIX20001019_121223,7,1.000,427.25,530.375,28.11166464825929,63625.0,115687.5,14055.832324129644,20001019_071223
4089,KLIX20001019_121223,7,1.000,339.581,330.628,29.91660166840146,19790.5,15814.0,14958.300834200725,20001019_071223
4087,KLIX20001019_121825,13,1.000,168.174,375.058,30.24410619201738,-65913.0,38029.0,15122.05309600869,20001019_071825
4088,KLIX20001019_121825,13,1.000,427.25,530.375,31.28901310615879,63625.0,115687.5,15644.506553079393,20001019_071825
4089,KLIX20001019_121825,13,1.000,339.581,330.628,35.47475280135115,19790.5,15814.0,17737.376400675577,20001019_071825
4087,KLIX20001019_122427,19,1.000,168.174,375.058,37.41559916428511,-65913.0,38029.0,18707.799582142557,20001019_072427
4089,KLIX20001019_122427,19,1.000,339.581,330.628,41.03380668141675,19790.5,15814.0,20516.903340708373,20001019_072427
4087,KLIX20001019_123028,25,1.000,168.174,375.058,37.41527026067429,-65913.0,38029.0,18707.635130337145,20001019_073028
4087,KLIX20001019_123631,32,1.000,168.174,375.058,45.355645669594225,-65913.0,38029.0,22677.822834797113,20001019_073631
4087,KLIX20001019_124233,38,1.000,168.174,375.058,45.355478168116555,-65913.0,38029.0,22677.739084058278,20001019_074233
4087,KLIX20001019_124836,44,1.000,168.174,375.058,48.53211594399973,-65913.0,38029.0,24266.05797199986,20001019_074836
4087,KLIX20001019_125439,50,1.000,168.174,375.058,50.14970886892619,-65913.0,38029.0,25074.854434463094,20001019_075439
4087,KLIX20001019_130043,56,1.000,168.174,375.058,52.62278799002092,-65913.0,38029.0,26311.39399501045,20001019_080043
4083,KLIX20001020_115009,-15,1.000,168.958,367.33299999999997,6.672189914618789,-65521.0,34166.5,3336.0949573093944,20001020_065009
4086,KLIX20001020_115009,-15,1.000,344.781,320.57,9.088256779390846,22390.5,10785.0,4544.128389695423,20001020_065009
4083,KLIX20001020_115613,-9,1.000,168.958,367.33299999999997,12.606491048134378,-65521.0,34166.5,6303.245524067188,20001020_065613
4085,KLIX20001020_115613,-9,1.000,423.386,529.442,15.936030639131182,61693.0,115221.0,7968.015319565592,20001020_065613
4086,KLIX20001020_115613,-9,1.000,344.781,320.57,15.158926845095115,22390.5,10785.0,7579.463422547558,20001020_065613
4083,KLIX20001020_120216,-3,1.000,168.958,367.33299999999997,18.15041232678767,-65521.0,34166.5,9075.206163393836,20001020_070216
4085,KLIX20001020_120216,-3,1.000,423.386,529.442,20.87572829807544,61693.0,115221.0,10437.86414903772,20001020_070216
4086,KLIX20001020_120216,-3,1.000,344.781,320.57,23.763136340566376,22390.5,10785.0,11881.568170283188,20001020_070216
4083,KLIX20001020_120818,3,1.000,179.791,367.33299999999997,18.150295141636846,-60104.5,34166.5,9075.147570818423,20001020_070818
4084,KLIX20001020_120818,3,1.000,133.653,374.882,14.775269807354803,-83173.5,37941.0,7387.6349036774,20001020_070818
4085,KLIX20001020_120818,3,1.000,423.386,529.442,27.690087516661688,61693.0,115221.0,13845.043758330843,20001020_070818
4086,KLIX20001020_120818,3,1.000,344.781,320.57,27.734905768488908,22390.5,10785.0,13867.452884244452,20001020_070818
4083,KLIX20001020_121423,9,1.000,179.791,367.33299999999997,22.511109792826062,-60104.5,34166.5,11255.55489641303,20001020_071423
4084,KLIX20001020_121423,9,1.000,133.653,374.882,17.397612459297772,-83173.5,37941.0,8698.806229648886,20001020_071423
4085,KLIX20001020_121423,9,1.000,423.386,529.442,34.0959710512789,61693.0,115221.0,17047.98552563945,20001020_071423
4086,KLIX20001020_121423,9,1.000,344.781,320.57,29.75459481251856,22390.5,10785.0,14877.29740625928,20001020_071423
4083,KLIX20001020_122027,15,1.000,179.791,367.33299999999997,27.831253385934357,-60104.5,34166.5,13915.626692967176,20001020_072027
4084,KLIX20001020_122027,15,1.000,133.653,374.882,23.8770781565152,-83173.5,37941.0,11938.5390782576,20001020_072027
4085,KLIX20001020_122027,15,1.000,435.053,525.275,34.09585975063888,67526.5,113137.5,17047.92987531944,20001020_072027
4086,KLIX20001020_122027,15,1.000,344.781,321.403,35.01664132647571,22390.5,11201.5,17508.320663237853,20001020_072027
4083,KLIX20001020_122629,21,1.000,179.791,367.33299999999997,35.81684811323605,-60104.5,34166.5,17908.424056618023,20001020_072629
4084,KLIX20001020_122629,21,1.000,133.653,374.882,29.26834168852994,-83173.5,37941.0,14634.170844264969,20001020_072629
4085,KLIX20001020_122629,21,1.000,435.053,525.275,43.13183694706555,67526.5,113137.5,21565.918473532776,20001020_072629
4086,KLIX20001020_122629,21,1.000,344.781,321.403,38.33276463976619,22390.5,11201.5,19166.38231988309,20001020_072629
4083,KLIX20001020_123230,28,1.000,179.791,367.33299999999997,41.76634596845403,-60104.5,34166.5,20883.172984227018,20001020_073230
4084,KLIX20001020_123230,28,1.000,133.653,374.882,35.83294853200797,-83173.5,37941.0,17916.47426600399,20001020_073230
4086,KLIX20001020_123230,28,1.000,344.781,321.403,43.64601549312954,22390.5,11201.5,21823.007746564766,20001020_073230
4083,KLIX20001020_123834,34,1.000,179.791,367.33299999999997,47.75259149802845,-60104.5,34166.5,23876.295749014225,20001020_073834
4084,KLIX20001020_123834,34,1.000,133.653,374.882,38.44021653728511,-83173.5,37941.0,19220.108268642558,20001020_073834
4083,KLIX20001020_124437,40,1.000,179.791,367.33299999999997,50.48781543124546,-60104.5,34166.5,25243.907715622732,20001020_074437
4084,KLIX20001020_124437,40,1.000,133.653,374.882,43.10876476269436,-83173.5,37941.0,21554.38238134718,20001020_074437
4083,KLIX20001020_125039,46,1.000,179.791,363.166,50.48793194859254,-60104.5,32083.0,25243.965974296272,20001020_075039
4079,KLIX20001021_115202,-14,1.000,167.803,367.712,8.249267430755761,-66098.5,34356.0,4124.63371537788,20001021_065202
4081,KLIX20001021_115202,-14,1.000,338.631,327.274,8.843551552705614,19315.5,14137.0,4421.775776352807,20001021_065202
4079,KLIX20001021_115804,-8,1.000,167.803,367.712,12.25162122104216,-66098.5,34356.0,6125.81061052108,20001021_065804
4080,KLIX20001021_115804,-8,1.000,121.263,375.96000000000004,13.512018799466748,-89368.5,38480.0,6756.009399733374,20001021_065804
4081,KLIX20001021_115804,-8,1.000,338.631,327.274,16.54069047309608,19315.5,14137.0,8270.34523654804,20001021_065804
4082,KLIX20001021_115804,-8,1.000,409.543,529.311,14.243750987054735,54771.5,115155.5,7121.875493527366,20001021_065804
4079,KLIX20001021_120407,-2,1.000,167.803,367.712,17.02398571474077,-66098.5,34356.0,8511.992857370386,20001021_070407
4080,KLIX20001021_120407,-2,1.000,121.263,375.96000000000004,17.45011226511047,-89368.5,38480.0,8725.056132555233,20001021_070407
4081,KLIX20001021_120407,-2,1.000,338.631,327.274,21.1969904054403,19315.5,14137.0,10598.495202720149,20001021_070407
4082,KLIX20001021_120407,-2,1.000,409.543,529.311,19.47117805786279,54771.5,115155.5,9735.589028931396,20001021_070407
4079,KLIX20001021_121008,4,1.000,167.803,367.712,23.768472045723176,-66098.5,34356.0,11884.236022861587,20001021_071008
4080,KLIX20001021_121008,4,1.000,121.263,375.96000000000004,23.408385291582917,-89368.5,38480.0,11704.19264579146,20001021_071008
4081,KLIX20001021_121008,4,1.000,338.631,327.274,22.517770025583662,19315.5,14137.0,11258.88501279183,20001021_071008
4082,KLIX20001021_121008,4,1.000,409.543,529.311,29.3965444445636,54771.5,115155.5,14698.2722222818,20001021_071008
4079,KLIX20001021_121611,10,1.000,167.803,367.712,30.77566330399789,-66098.5,34356.0,15387.831651998946,20001021_071611
4080,KLIX20001021_121611,10,1.000,121.263,375.96000000000004,26.056194811395834,-89368.5,38480.0,13028.097405697916,20001021_071611
4082,KLIX20001021_121611,10,1.000,409.543,529.311,35.3776519128594,54771.5,115155.5,17688.8259564297,20001021_071611
4079,KLIX20001021_122213,16,1.000,167.803,367.712,36.73129992037955,-66098.5,34356.0,18365.649960189774,20001021_072213
4080,KLIX20001021_122213,16,1.000,121.263,375.96000000000004,30.028421141006522,-89368.5,38480.0,15014.21057050326,20001021_072213
4082,KLIX20001021_122213,16,1.000,409.543,529.311,41.30884846286153,54771.5,115155.5,20654.424231430767,20001021_072213
4079,KLIX20001021_122815,22,1.000,167.803,367.712,44.87591283894252,-66098.5,34356.0,22437.956419471262,20001021_072815
4080,KLIX20001021_122815,22,1.000,121.263,375.96000000000004,34.70028450721208,-89368.5,38480.0,17350.142253606038,20001021_072815
4082,KLIX20001021_122815,22,1.000,409.543,529.311,50.591308237205304,54771.5,115155.5,25295.65411860265,20001021_072815
4079,KLIX20001021_123417,28,1.000,167.803,367.712,46.99569003338116,-66098.5,34356.0,23497.84501669058,20001021_073417
4080,KLIX20001021_123417,28,1.000,121.263,375.96000000000004,39.959385226565914,-89368.5,38480.0,19979.692613282958,20001021_073417
4082,KLIX20001021_123417,28,1.000,409.543,529.311,54.546217990569765,54771.5,115155.5,27273.10899528488,20001021_073417
4079,KLIX20001021_124019,34,1.000,167.803,367.712,54.768046524080596,-66098.5,34356.0,27384.023262040293,20001021_074019
4082,KLIX20001021_124019,34,1.000,409.543,529.311,64.49104419971768,54771.5,115155.5,32245.522099858837,20001021_074019
4079,KLIX20001021_124622,40,1.000,167.803,367.712,54.76788992311641,-66098.5,34356.0,27383.944961558205,20001021_074622
4077,KLIX20001022_120618,-1,1.000,172.613,345.918,8.821305623006955,-63693.5,23459.0,4410.652811503478,20001022_070618
4078,KLIX20001022_120618,-1,1.000,406.5,515.5,14.045126614745291,53250.0,108250.0,7022.563307372646,20001022_070618
4077,KLIX20001022_121221,5,1.000,172.613,345.918,19.115855484140617,-63693.5,23459.0,9557.92774207031,20001022_071221
4078,KLIX20001022_121221,5,1.000,406.5,515.5,23.708795517503123,53250.0,108250.0,11854.397758751562,20001022_071221
4077,KLIX20001022_121825,11,1.000,172.613,345.918,27.100220765811592,-63693.5,23459.0,13550.110382905794,20001022_071825
4078,KLIX20001022_121825,11,1.000,406.5,515.5,27.436058673452077,53250.0,108250.0,13718.029336726036,20001022_071825
4077,KLIX20001022_122427,17,1.000,172.613,345.918,27.10030935790032,-63693.5,23459.0,13550.15467895016,20001022_072427
4078,KLIX20001022_122427,17,1.000,406.5,515.5,36.16927459446211,53250.0,108250.0,18084.637297231056,20001022_072427
4077,KLIX20001022_123031,24,1.000,172.613,345.918,27.10030935790032,-63693.5,23459.0,13550.15467895016,20001022_073031
4078,KLIX20001022_123031,24,1.000,402.5,511.5,36.16949819754946,51250.0,106250.0,18084.74909877473,20001022_073031
4077,KLIX20001022_123633,30,1.000,172.613,345.918,31.716241184464362,-63693.5,23459.0,15858.12059223218,20001022_073633
4077,KLIX20001022_124237,36,1.000,172.613,345.918,38.24673690950678,-63693.5,23459.0,19123.36845475339,20001022_074237
4075,KLIX20001023_120144,-5,1.000,162.697,359.69,5.197602574593488,-68651.5,30345.0,2598.8012872967442,20001023_070144
4076,KLIX20001023_120144,-5,1.000,402.963,524.91,8.301704265045455,51481.5,112955.0,4150.8521325227275,20001023_070144
4075,KLIX20001023_120746,1,1.000,162.697,359.69,12.158245104631057,-68651.5,30345.0,6079.122552315529,20001023_070746
4076,KLIX20001023_120746,1,1.000,402.963,524.91,14.242398076644486,51481.5,112955.0,7121.199038322242,20001023_070746
4075,KLIX20001023_121349,7,1.000,162.697,359.69,19.528492738949215,-68651.5,30345.0,9764.246369474607,20001023_071349
4076,KLIX20001023_121349,7,1.000,393.796,529.077,18.947769146968593,46898.0,115038.5,9473.884573484294,20001023_071349
4075,KLIX20001023_121950,13,1.000,162.697,359.69,26.151664470145572,-68651.5,30345.0,13075.832235072787,20001023_071950
4076,KLIX20001023_121950,13,1.000,393.796,529.077,23.661410470187647,46898.0,115038.5,11830.705235093825,20001023_071950
4075,KLIX20001023_122552,19,1.000,162.697,359.69,28.91005132491966,-68651.5,30345.0,14455.025662459828,20001023_072552
4076,KLIX20001023_122552,19,1.000,393.796,529.077,24.43280993498473,46898.0,115038.5,12216.404967492366,20001023_072552
4075,KLIX20001023_123154,25,1.000,162.697,359.69,31.668487827420762,-68651.5,30345.0,15834.24391371038,20001023_073154
4073,KLIX20001024_115305,-15,1.000,332.361,321.667,8.302498762534691,16180.5,11333.5,4151.2493812673465,20001024_065305
4073,KLIX20001024_120313,-5,1.000,332.361,321.667,19.529405030360266,16180.5,11333.5,9764.702515180134,20001024_070313
4074,KLIX20001024_120313,-5,1.000,404.045,524.795,10.877465125154304,52022.5,112897.5,5438.732562577152,20001024_070313
4072,KLIX20001024_121321,5,1.000,167.517,364.697,22.71150522735088,-66241.5,32848.5,11355.752613675442,20001024_071321
4073,KLIX20001024_121321,5,1.000,332.361,321.667,25.77190239643637,16180.5,11333.5,12885.951198218185,20001024_071321
4074,KLIX20001024_121321,5,1.000,404.045,524.795,17.952461263240508,52022.5,112897.5,8976.230631620256,20001024_071321
4072,KLIX20001024_122329,15,1.000,167.517,364.697,33.995580997747794,-66241.5,32848.5,16997.7904988739,20001024_072329
4073,KLIX20001024_122329,15,1.000,332.361,321.667,25.771909555894773,16180.5,11333.5,12885.954777947385,20001024_072329
4074,KLIX20001024_122329,15,1.000,404.045,524.795,22.70950762476233,52022.5,112897.5,11354.753812381165,20001024_072329
4072,KLIX20001024_123337,26,1.000,167.517,364.697,37.30539145831833,-66241.5,32848.5,18652.695729159168,20001024_073337
4074,KLIX20001024_123337,26,1.000,404.045,524.795,22.76694117689465,52022.5,112897.5,11383.470588447326,20001024_073337
4072,KLIX20001024_124344,36,1.000,161.267,348.03,37.30562960715947,-69366.5,24515.0,18652.814803579735,20001024_074344
4072,KLIX20001024_125353,46,1.000,161.267,348.03,45.609734513977216,-69366.5,24515.0,22804.867256988608,20001024_075353
4068,KLIX20001025_115202,-17,1.000,171.321,365.539,9.351235448328547,-64339.5,33269.5,4675.617724164274,20001025_065202
4071,KLIX20001025_115202,-17,1.000,335.689,327.23,8.14598275715485,17844.5,14115.0,4072.991378577426,20001025_065202
4068,KLIX20001025_115804,-11,1.000,171.321,365.539,14.812032180103866,-64339.5,33269.5,7406.016090051934,20001025_065804
4069,KLIX20001025_115804,-11,1.000,121.629,369.895,8.134065294816285,-89185.5,35447.5,4067.0326474081426,20001025_065804
4070,KLIX20001025_115804,-11,1.000,417.014,526.811,7.9576868522055,58507.0,113905.5,3978.8434261027505,20001025_065804
4071,KLIX20001025_115804,-11,1.000,335.689,327.23,14.720638948676134,17844.5,14115.0,7360.319474338066,20001025_065804
4068,KLIX20001025_120407,-5,1.000,171.321,365.539,18.144165173056127,-64339.5,33269.5,9072.082586528064,20001025_070407
4069,KLIX20001025_120407,-5,1.000,121.629,369.895,12.694684304194366,-89185.5,35447.5,6347.342152097183,20001025_070407
4070,KLIX20001025_120407,-5,1.000,417.014,526.811,14.96698985612366,58507.0,113905.5,7483.494928061831,20001025_070407
4071,KLIX20001025_120407,-5,1.000,335.689,327.23,21.005041474802933,17844.5,14115.0,10502.520737401468,20001025_070407
4068,KLIX20001025_121010,1,1.000,171.321,365.539,22.71336960458346,-64339.5,33269.5,11356.68480229173,20001025_071010
4069,KLIX20001025_121010,1,1.000,121.629,369.895,21.373852932900387,-89185.5,35447.5,10686.926466450193,20001025_071010
4070,KLIX20001025_121010,1,1.000,417.014,526.811,22.09577247282915,58507.0,113905.5,11047.886236414575,20001025_071010
4071,KLIX20001025_121010,1,1.000,335.689,327.23,25.04744055845641,17844.5,14115.0,12523.72027922821,20001025_071010
4068,KLIX20001025_121612,7,1.000,171.321,365.539,25.853411736234975,-64339.5,33269.5,12926.705868117488,20001025_071612
4069,KLIX20001025_121612,7,1.000,121.629,369.895,27.728493544380036,-89185.5,35447.5,13864.246772190016,20001025_071612
4070,KLIX20001025_121612,7,1.000,417.014,526.811,23.738754264649163,58507.0,113905.5,11869.37713232458,20001025_071612
4071,KLIX20001025_121612,7,1.000,335.689,327.23,28.19892670999117,17844.5,14115.0,14099.463354995583,20001025_071612
4068,KLIX20001025_122214,13,1.000,171.321,365.539,33.10793691532314,-64339.5,33269.5,16553.96845766157,20001025_072214
4069,KLIX20001025_122214,13,1.000,121.629,369.895,34.898474417266094,-89185.5,35447.5,17449.237208633047,20001025_072214
4070,KLIX20001025_122214,13,1.000,417.014,526.811,30.051545024670446,58507.0,113905.5,15025.772512335225,20001025_072214
4068,KLIX20001025_122816,19,1.000,171.321,365.539,35.43413876979911,-64339.5,33269.5,17717.069384899558,20001025_072816
4069,KLIX20001025_122816,19,1.000,121.629,369.895,34.898302214769025,-89185.5,35447.5,17449.151107384518,20001025_072816
4068,KLIX20001025_123417,25,1.000,171.321,365.539,35.43379352251528,-64339.5,33269.5,17716.89676125764,20001025_073417
4068,KLIX20001025_124019,31,1.000,171.321,365.539,35.43379352251528,-64339.5,33269.5,17716.89676125764,20001025_074019
4067,KLIX20001026_115243,-17,1.000,338.442,321.309,8.567066426450868,19221.0,11154.5,4283.533213225434,20001026_065243
4067,KLIX20001026_115854,-11,1.000,338.442,321.309,14.599025834175803,19221.0,11154.5,7299.512917087901,20001026_065854
4065,KLIX20001026_120457,-5,1.000,167.241,361.773,14.916690360439123,-66379.5,31386.5,7458.345180219561,20001026_070457
4066,KLIX20001026_120457,-5,1.000,405.275,533.199,22.41197967390824,52637.5,117099.5,11205.989836954122,20001026_070457
4067,KLIX20001026_120457,-5,1.000,338.442,330.309,14.818578285497098,19221.0,15654.5,7409.289142748549,20001026_070457
4065,KLIX20001026_121059,1,1.000,167.241,361.773,22.534974321601474,-66379.5,31386.5,11267.487160800738,20001026_071059
4066,KLIX20001026_121059,1,1.000,405.275,533.199,26.395966693153156,52637.5,117099.5,13197.983346576579,20001026_071059
4067,KLIX20001026_121059,1,1.000,338.442,330.309,19.519217889020773,19221.0,15654.5,9759.608944510386,20001026_071059
4065,KLIX20001026_121700,7,1.000,176.241,360.773,22.535126784740097,-61879.5,30886.5,11267.563392370048,20001026_071700
4066,KLIX20001026_121700,7,1.000,405.275,533.199,30.379938706647714,52637.5,117099.5,15189.969353323859,20001026_071700
4067,KLIX20001026_121700,7,1.000,338.442,330.309,23.28857468892016,19221.0,15654.5,11644.28734446008,20001026_071700
4065,KLIX20001026_122302,13,1.000,176.241,360.773,33.98358052271407,-61879.5,30886.5,16991.790261357033,20001026_072302
4066,KLIX20001026_122302,13,1.000,405.275,533.199,35.13060216957795,52637.5,117099.5,17565.30108478897,20001026_072302
4067,KLIX20001026_122302,13,1.000,338.442,330.309,25.824600951263733,19221.0,15654.5,12912.300475631866,20001026_072302
4065,KLIX20001026_122904,19,1.000,176.241,360.773,33.983835604656356,-61879.5,30886.5,16991.91780232818,20001026_072904
4066,KLIX20001026_122904,19,1.000,405.275,533.199,35.47125867193375,52637.5,117099.5,17735.62933596687,20001026_072904
4065,KLIX20001026_123507,25,1.000,176.241,360.773,39.54912108776844,-61879.5,30886.5,19774.560543884218,20001026_073507
4062,KLIX20001027_114752,-22,1.000,171.944,365.278,6.929607101131825,-64028.0,33139.0,3464.803550565913,20001027_064752
4062,KLIX20001027_115356,-16,1.000,171.944,365.278,16.11088152130727,-64028.0,33139.0,8055.440760653636,20001027_065356
4062,KLIX20001027_115958,-10,1.000,171.944,365.278,19.441021084171584,-64028.0,33139.0,9720.51054208579,20001027_065958
4063,KLIX20001027_115958,-10,1.000,412.0,531.0,17.4972182054834,56000.0,116000.0,8748.6091027417,20001027_065958
4064,KLIX20001027_115958,-10,1.000,345.187,325.0,8.13247629983781,22593.5,13000.0,4066.238149918905,20001027_065958
4062,KLIX20001027_120600,-4,1.000,171.944,365.278,24.903921679396642,-64028.0,33139.0,12451.960839698324,20001027_070600
4063,KLIX20001027_120600,-4,1.000,412.0,530.0,17.4972182054834,56000.0,115500.0,8748.6091027417,20001027_070600
4064,KLIX20001027_120600,-4,1.000,345.187,325.0,14.332016138846669,22593.5,13000.0,7166.008069423334,20001027_070600
4062,KLIX20001027_121201,2,1.000,171.944,365.278,29.792071258485265,-64028.0,33139.0,14896.035629242631,20001027_071201
4063,KLIX20001027_121201,2,1.000,412.0,530.0,22.245929698657548,56000.0,115500.0,11122.964849328775,20001027_071201
4064,KLIX20001027_121201,2,1.000,345.187,325.0,19.091246796013362,22593.5,13000.0,9545.623398006679,20001027_071201
4062,KLIX20001027_121803,8,1.000,171.944,365.278,33.8291061871201,-64028.0,33139.0,16914.553093560047,20001027_071803
4063,KLIX20001027_121803,8,1.000,412.0,530.0,23.88783245516921,56000.0,115500.0,11943.916227584603,20001027_071803
4062,KLIX20001027_122407,14,1.000,171.944,365.278,38.65734811195077,-64028.0,33139.0,19328.674055975385,20001027_072407
4063,KLIX20001027_122407,14,1.000,412.0,530.0,31.076939656598086,56000.0,115500.0,15538.469828299045,20001027_072407
4062,KLIX20001027_123008,20,1.000,171.944,365.278,45.760878874191064,-64028.0,33139.0,22880.439437095534,20001027_073008
4063,KLIX20001027_123008,20,1.000,412.0,530.0,35.18287504816076,56000.0,115500.0,17591.43752408038,20001027_073008
4062,KLIX20001027_123610,26,1.000,171.944,365.278,49.53924977458757,-64028.0,33139.0,24769.624887293783,20001027_073610
4063,KLIX20001027_123610,26,1.000,412.0,530.0,42.96902153511279,56000.0,115500.0,21484.510767556392,20001027_073610
4062,KLIX20001027_124213,32,1.000,171.944,365.278,55.094722811045116,-64028.0,33139.0,27547.36140552256,20001027_074213
4061,KLIX20001028_115041,-20,1.000,172.467,369.544,8.458220270425295,-63766.5,35272.0,4229.110135212648,20001028_065041
4061,KLIX20001028_115643,-14,1.000,172.467,369.544,14.075796671737058,-63766.5,35272.0,7037.89833586853,20001028_065643
4061,KLIX20001028_120246,-8,1.000,172.467,369.544,15.53343221162134,-63766.5,35272.0,7766.716105810669,20001028_070246
4061,KLIX20001028_120848,-2,1.000,172.467,369.544,25.31907840962643,-63766.5,35272.0,12659.539204813216,20001028_070848
4061,KLIX20001028_121451,4,1.000,176.467,369.544,27.010741654471015,-61766.5,35272.0,13505.370827235507,20001028_071451
4061,KLIX20001028_122054,10,1.000,176.467,369.544,32.27168240540911,-61766.5,35272.0,16135.841202704554,20001028_072054
4061,KLIX20001028_122655,16,1.000,176.467,369.544,39.37983549094122,-61766.5,35272.0,19689.917745470608,20001028_072655
4061,KLIX20001028_123257,22,1.000,176.467,369.544,42.58814862139939,-61766.5,35272.0,21294.074310699696,20001028_073257
4060,KLIX20001029_115806,-14,1.000,167.753,362.94399999999996,10.52550273742197,-66123.5,31972.0,5262.751368710986,20001029_055806
4060,KLIX20001029_120408,-8,1.000,167.753,362.94399999999996,16.20073981657254,-66123.5,31972.0,8100.369908286271,20001029_060408
4060,KLIX20001029_121010,-2,1.000,179.753,362.94399999999996,16.20059830304736,-60123.5,31972.0,8100.29915152368,20001029_061010
4060,KLIX20001029_121614,4,1.000,179.753,362.94399999999996,22.22353267701806,-60123.5,31972.0,11111.76633850903,20001029_061614
4060,KLIX20001029_122219,10,1.000,179.753,362.94399999999996,28.64105756143355,-60123.5,31972.0,14320.528780716772,20001029_062219
4060,KLIX20001029_122822,16,1.000,179.753,362.94399999999996,34.18893708282229,-60123.5,31972.0,17094.468541411145,20001029_062822
4060,KLIX20001029_123424,22,1.000,179.753,362.94399999999996,41.29287214398725,-60123.5,31972.0,20646.436071993627,20001029_063424
4058,KLIX20001030_121824,5,1.000,189.689,349.595,15.682585940064335,-55155.5,25297.5,7841.292970032167,20001030_061824
4059,KLIX20001030_121824,5,1.000,414.028,522.008,27.17578661937791,57014.0,111504.0,13587.893309688954,20001030_061824
4058,KLIX20001030_122426,11,1.000,189.689,349.595,27.51837847348474,-55155.5,25297.5,13759.189236742372,20001030_062426
4059,KLIX20001030_122426,11,1.000,407.028,519.008,34.50374489579638,53514.0,110004.0,17251.87244789819,20001030_062426
4058,KLIX20001030_123029,17,1.000,189.689,349.595,30.68131586531022,-55155.5,25297.5,15340.65793265511,20001030_063029
4059,KLIX20001030_123029,17,1.000,407.028,519.008,35.18668600292831,53514.0,110004.0,17593.343001464156,20001030_063029
4058,KLIX20001030_123632,24,1.000,189.689,349.595,39.62839067346695,-55155.5,25297.5,19814.195336733475,20001030_063632
4059,KLIX20001030_123632,24,1.000,407.028,519.008,43.96052212457907,53514.0,110004.0,21980.261062289534,20001030_063632
4058,KLIX20001030_124235,30,1.000,189.689,349.595,41.29761530098481,-55155.5,25297.5,20648.807650492407,20001030_064235
4058,KLIX20001030_124838,36,1.000,194.689,343.595,41.29797949057926,-52655.5,22297.5,20648.989745289633,20001030_064838
4058,KLIX20001030_125443,42,1.000,194.689,343.595,46.58977408957359,-52655.5,22297.5,23294.887044786796,20001030_065443
4056,KLIX20001031_120748,-5,1.000,174.816,350.026,14.352597143080308,-62592.0,25513.0,7176.298571540154,20001031_060748
4056,KLIX20001031_121351,1,1.000,174.816,350.026,24.779541574077456,-62592.0,25513.0,12389.770787038726,20001031_061351
4057,KLIX20001031_121351,1,1.000,410.037,520.2,21.54359391817136,55018.5,110600.0,10771.796959085681,20001031_061351
4056,KLIX20001031_121954,7,1.000,174.816,350.026,31.901013697218907,-62592.0,25513.0,15950.506848609455,20001031_061954
4057,KLIX20001031_121954,7,1.000,410.037,520.2,29.596427080017744,55018.5,110600.0,14798.213540008874,20001031_061954
4056,KLIX20001031_122557,13,1.000,174.816,350.026,37.50962688354001,-62592.0,25513.0,18754.813441770002,20001031_062557
4057,KLIX20001031_122557,13,1.000,410.037,520.2,36.78601767900475,55018.5,110600.0,18393.008839502374,20001031_062557
4056,KLIX20001031_123159,19,1.000,174.816,350.026,42.95857939637983,-62592.0,25513.0,21479.289698189918,20001031_063159
4057,KLIX20001031_123159,19,1.000,410.037,520.2,44.829737276601584,55018.5,110600.0,22414.86863830079,20001031_063159
4056,KLIX20001031_123801,25,1.000,174.816,350.026,50.87262737578844,-62592.0,25513.0,25436.31368789422,20001031_063801
4057,KLIX20001031_123801,25,1.000,410.037,520.2,50.44080146412647,55018.5,110600.0,25220.40073206324,20001031_063801
4056,KLIX20001031_124403,31,1.000,174.816,350.026,54.859959766939006,-62592.0,25513.0,27429.979883469507,20001031_064403
4057,KLIX20001031_124403,31,1.000,410.037,520.2,58.16305183452459,55018.5,110600.0,29081.525917262297,20001031_064403
4056,KLIX20001031_125005,37,1.000,174.816,350.026,59.6081478885198,-62592.0,25513.0,29804.073944259897,20001031_065005
4746,KLIX20001101_115704,-17,1.000,167.923,360.0,7.908428007872759,-66038.5,30500.0,3954.214003936379,20001101_055704
4746,KLIX20001101_120305,-11,1.000,167.923,360.0,13.861418274752948,-66038.5,30500.0,6930.709137376473,20001101_060305
4748,KLIX20001101_120305,-11,1.000,334.534,320.039,8.226227003567866,17267.0,10519.5,4113.113501783933,20001101_060305
4746,KLIX20001101_120907,-5,1.000,169.923,344.0,13.861597694731367,-65038.5,22500.0,6930.798847365683,20001101_060907
4747,KLIX20001101_120907,-5,1.000,406.0,516.0,16.37936023812586,53000.0,108500.0,8189.6801190629285,20001101_060907
4748,KLIX20001101_120907,-5,1.000,334.534,320.039,18.4148112683775,17267.0,10519.5,9207.40563418875,20001101_060907
4746,KLIX20001101_121508,1,1.000,169.923,344.0,22.36681784495645,-65038.5,22500.0,11183.408922478224,20001101_061508
4747,KLIX20001101_121508,1,1.000,406.0,516.0,27.852774979127002,53000.0,108500.0,13926.387489563498,20001101_061508
4748,KLIX20001101_121508,1,1.000,334.534,320.039,19.995036042615737,17267.0,10519.5,9997.51802130787,20001101_061508
4746,KLIX20001101_122110,7,1.000,169.923,344.0,29.405552374532395,-65038.5,22500.0,14702.776187266196,20001101_062110
4747,KLIX20001101_122110,7,1.000,406.0,516.0,34.20032544480681,53000.0,108500.0,17100.162722403402,20001101_062110
4746,KLIX20001101_122713,13,1.000,169.923,334.0,33.51414105545981,-65038.5,17500.0,16757.070527729902,20001101_062713
4747,KLIX20001101_122713,13,1.000,396.0,510.0,34.19993892172903,48000.0,105500.0,17099.969460864515,20001101_062713
4746,KLIX20001101_123315,19,1.000,169.923,334.0,33.51428758851684,-65038.5,17500.0,16757.14379425842,20001101_063315
4746,KLIX20001101_123917,25,1.000,169.923,334.0,41.4986043496112,-65038.5,17500.0,20749.302174805598,20001101_063917
4746,KLIX20001101_124522,31,1.000,169.923,334.0,47.83004173412953,-65038.5,17500.0,23915.020867064763,20001101_064522
4749,KLIX20001102_115845,-16,1.000,158.855,362.481,13.546182191503972,-70572.5,31740.5,6773.091095751986,20001102_055845
4749,KLIX20001102_120447,-10,1.000,163.855,354.481,13.546182191503972,-68072.5,27740.5,6773.091095751986,20001102_060447
4749,KLIX20001102_121051,-4,1.000,170.855,351.481,19.505850003913398,-64572.5,26240.5,9752.925001956699,20001102_061051
4750,KLIX20001102_121051,-4,1.000,414.669,517.733,18.062900417820693,57334.5,109366.5,9031.450208910346,20001102_061051
4749,KLIX20001102_121652,2,1.000,170.855,351.481,29.021508710211943,-64572.5,26240.5,14510.75435510597,20001102_061652
4750,KLIX20001102_121652,2,1.000,414.669,517.733,26.833567257941098,57334.5,109366.5,13416.783628970546,20001102_061652
4749,KLIX20001102_122254,8,1.000,170.855,335.481,29.021404286877246,-64572.5,18240.5,14510.702143438624,20001102_062254
4750,KLIX20001102_122254,8,1.000,414.669,517.733,36.39657818279492,57334.5,109366.5,18198.289091397455,20001102_062254
4749,KLIX20001102_122858,14,1.000,175.855,320.481,29.021404286877246,-62072.5,10740.5,14510.702143438624,20001102_062858
4750,KLIX20001102_122858,14,1.000,414.669,508.733,36.396724479471466,57334.5,104866.5,18198.362239735732,20001102_062858
4749,KLIX20001102_123501,20,1.000,179.855,314.481,29.021404286877246,-60072.5,7740.5,14510.702143438624,20001102_063501
4750,KLIX20001102_123501,20,1.000,425.669,504.733,36.396724479471466,62834.5,102866.5,18198.362239735732,20001102_063501
4750,KLIX20001102_124103,26,1.000,425.669,504.733,38.71913922302677,62834.5,102866.5,19359.569611513387,20001102_064103
4751,KLIX20001103_115509,-21,1.000,163.167,361.83299999999997,7.167956347903158,-68416.5,31416.5,3583.9781739515784,20001103_055509
4751,KLIX20001103_120112,-15,1.000,167.167,360.83299999999997,12.596676337664913,-66416.5,30916.5,6298.338168832457,20001103_060112
4752,KLIX20001103_120112,-15,1.000,335.112,327.26,8.152338737068753,17556.0,14130.0,4076.1693685343766,20001103_060112
4751,KLIX20001103_120714,-9,1.000,167.167,360.83299999999997,17.358884316177384,-66416.5,30916.5,8679.442158088692,20001103_060714
4752,KLIX20001103_120714,-9,1.000,335.112,327.26,15.318277188853383,17556.0,14130.0,7659.138594426691,20001103_060714
4751,KLIX20001103_121315,-3,1.000,167.167,360.83299999999997,27.7888802870324,-66416.5,30916.5,13894.4401435162,20001103_061315
4752,KLIX20001103_121315,-3,1.000,335.112,327.26,23.307476491703447,17556.0,14130.0,11653.73824585172,20001103_061315
4753,KLIX20001103_121315,-3,1.000,406.955,519.326,15.943975614023563,53477.5,110163.0,7971.987807011781,20001103_061315
4751,KLIX20001103_121918,3,1.000,167.167,349.83299999999997,27.789138681069467,-66416.5,25416.5,13894.569340534736,20001103_061918
4752,KLIX20001103_121918,3,1.000,334.112,320.26,23.307378344279208,17056.0,10630.0,11653.689172139604,20001103_061918
4753,KLIX20001103_121918,3,1.000,406.955,519.326,28.066441076381096,53477.5,110163.0,14033.220538190548,20001103_061918
4751,KLIX20001103_122520,9,1.000,167.167,349.83299999999997,36.483699962058004,-66416.5,25416.5,18241.849981029,20001103_062520
4753,KLIX20001103_122520,9,1.000,400.955,517.326,32.27986004690496,50477.5,109163.0,16139.930023452482,20001103_062520
4754,KLIX20001103_122520,9,1.000,162.878,316.446,17.846928514385947,-68561.0,8723.0,8923.464257192973,20001103_062520
4751,KLIX20001103_123125,15,1.000,169.167,342.833,36.48332470579838,-65416.5,21916.5,18241.66235289919,20001103_063125
4753,KLIX20001103_123125,15,1.000,394.955,509.326,32.27963849024134,47477.5,105163.0,16139.81924512067,20001103_063125
4754,KLIX20001103_123125,15,1.000,163.878,313.446,19.442731788987917,-68061.0,7223.0,9721.36589449396,20001103_063125
4755,KLIX20001104_115458,-22,1.000,162.693,364.78200000000004,11.756973845740514,-68653.5,32891.0,5878.486922870257,20001104_055458
4755,KLIX20001104_120059,-16,1.000,166.693,360.78200000000004,14.53625974527991,-66653.5,30891.0,7268.1298726399555,20001104_060059
4757,KLIX20001104_120059,-16,1.000,331.189,330.83,7.301431926095102,15594.5,15915.0,3650.715963047551,20001104_060059
4755,KLIX20001104_120700,-10,1.000,166.693,354.78200000000004,21.087732094856417,-66653.5,27891.0,10543.866047428208,20001104_060700
4757,KLIX20001104_120700,-10,1.000,334.189,325.83,12.577791629665407,17094.5,13415.0,6288.895814832704,20001104_060700
4755,KLIX20001104_121302,-4,1.000,175.693,344.78200000000004,21.087552359348884,-62153.5,22891.0,10543.77617967444,20001104_061302
4756,KLIX20001104_121302,-4,1.000,418.55,511.926,17.200076144508476,59275.0,106463.0,8600.038072254238,20001104_061302
4757,KLIX20001104_121302,-4,1.000,334.189,325.83,19.77977446789224,17094.5,13415.0,9889.887233946118,20001104_061302
4755,KLIX20001104_121904,2,1.000,175.693,344.78200000000004,30.81712048393561,-62153.5,22891.0,15408.560241967805,20001104_061904
4756,KLIX20001104_121904,2,1.000,418.55,511.926,24.835132140127705,59275.0,106463.0,12417.566070063853,20001104_061904
4757,KLIX20001104_121904,2,1.000,334.189,325.83,19.77980949206351,17094.5,13415.0,9889.904746031756,20001104_061904
4758,KLIX20001104_121904,2,1.000,163.786,315.607,15.590424231312754,-68107.0,8303.5,7795.212115656376,20001104_061904
4755,KLIX20001104_122505,8,1.000,175.693,344.78200000000004,30.816968612554604,-62153.5,22891.0,15408.484306277303,20001104_062505
4756,KLIX20001104_122505,8,1.000,418.55,506.926,34.918105683786145,59275.0,103963.0,17459.052841893073,20001104_062505
4758,KLIX20001104_122505,8,1.000,163.786,315.607,15.590424231312754,-68107.0,8303.5,7795.212115656376,20001104_062505
4756,KLIX20001104_123106,14,1.000,415.55,493.926,34.91816465199997,57775.0,97463.0,17459.08232599999,20001104_063106
4759,KLIX20001105_115923,-18,1.000,167.071,361.214,8.705308989578242,-66464.5,31107.0,4352.654494789121,20001105_055923
4759,KLIX20001105_120524,-12,1.000,173.071,360.214,16.227693137265646,-63464.5,30607.0,8113.846568632824,20001105_060524
4760,KLIX20001105_120524,-12,1.000,202.617,391.981,5.319160690446868,-48691.5,46490.5,2659.5803452234336,20001105_060524
4759,KLIX20001105_121125,-6,1.000,173.071,360.214,20.032539114873945,-63464.5,30607.0,10016.269557436972,20001105_061125
4760,KLIX20001105_121125,-6,1.000,202.617,391.981,12.202070551114199,-48691.5,46490.5,6101.0352755571,20001105_061125
4759,KLIX20001105_121726,0,1.000,186.071,351.214,20.032459693641123,-56964.5,26107.0,10016.22984682056,20001105_061726
4760,KLIX20001105_121726,0,1.000,214.617,390.981,12.201892439713665,-42691.5,45990.5,6100.946219856833,20001105_061726
4759,KLIX20001105_122327,6,1.000,186.071,351.214,30.40548054007986,-56964.5,26107.0,15202.740270039927,20001105_062327
4760,KLIX20001105_122327,6,1.000,222.617,391.981,12.201892439713665,-38691.5,46490.5,6100.946219856833,20001105_062327
4759,KLIX20001105_122929,12,1.000,195.071,347.214,31.95844633281098,-52464.5,24107.0,15979.223166405489,20001105_062929
4760,KLIX20001105_122929,12,1.000,222.617,391.981,17.498381990339464,-38691.5,46490.5,8749.190995169733,20001105_062929
4759,KLIX20001105_123530,19,1.000,195.071,347.214,40.75588465156883,-52464.5,24107.0,20377.942325784414,20001105_063530
4760,KLIX20001105_123530,19,1.000,233.617,391.981,22.267924277955697,-33191.5,46490.5,11133.96213897785,20001105_063530
4761,KLIX20001105_123530,19,1.000,168.459,322.733,14.003812745304927,-65770.5,11866.5,7001.906372652465,20001105_063530
4759,KLIX20001105_124133,25,1.000,203.071,339.214,40.756132202919105,-48464.5,20107.0,20378.066101459553,20001105_064133
4760,KLIX20001105_124133,25,1.000,241.617,385.981,22.268175628356207,-29191.5,43490.5,11134.087814178103,20001105_064133
4761,KLIX20001105_124133,25,1.000,168.459,322.733,22.32721675344968,-65770.5,11866.5,11163.608376724838,20001105_064133
4759,KLIX20001105_124736,31,1.000,203.071,339.214,46.258703513283734,-48464.5,20107.0,23129.351756641867,20001105_064736
4762,KLIX20001106_120141,-16,1.000,156.794,359.735,14.57585093755612,-71603.0,30367.5,7287.925468778061,20001106_060141
4762,KLIX20001106_120741,-10,1.000,156.794,353.735,14.57585093755612,-71603.0,27367.5,7287.925468778061,20001106_060741
4762,KLIX20001106_121344,-4,1.000,156.794,353.735,23.201539486995518,-71603.0,27367.5,11600.769743497758,20001106_061344
4762,KLIX20001106_121947,2,1.000,161.794,341.735,23.201710178210583,-69103.0,21367.5,11600.855089105293,20001106_061947
4762,KLIX20001106_122548,8,1.000,161.794,328.735,23.201710178210583,-69103.0,14867.5,11600.855089105293,20001106_062548
4762,KLIX20001106_123148,14,1.000,162.794,323.735,28.478015936929985,-68603.0,12367.5,14239.007968464992,20001106_063148
4763,KLIX20001107_115841,-20,1.000,166.5,368.409,9.142282608659015,-66750.0,34704.5,4571.141304329508,20001107_055841
4763,KLIX20001107_120442,-14,1.000,169.5,374.409,14.760157184700525,-65250.0,37704.5,7380.078592350262,20001107_060442
4764,KLIX20001107_120442,-14,1.000,197.182,393.36400000000003,7.012234840012555,-51409.0,47182.0,3506.117420006277,20001107_060442
4763,KLIX20001107_121043,-8,1.000,169.5,374.409,20.222533002186083,-65250.0,37704.5,10111.26650109304,20001107_061043
4764,KLIX20001107_121043,-8,1.000,197.182,393.36400000000003,12.242729910735832,-51409.0,47182.0,6121.364955367916,20001107_061043
4763,KLIX20001107_121644,-2,1.000,164.5,371.409,20.22234459356895,-67750.0,36204.5,10111.172296784474,20001107_061644
4764,KLIX20001107_121644,-2,1.000,186.182,378.36400000000003,20.995873849594616,-56909.0,39682.0,10497.936924797308,20001107_061644
4765,KLIX20001107_121644,-2,1.000,84.72,412.62,19.249085169252684,-107640.0,56810.0,9624.54258462634,20001107_061644
4763,KLIX20001107_122245,4,1.000,164.5,371.409,20.22234459356895,-67750.0,36204.5,10111.172296784474,20001107_062245
4764,KLIX20001107_122245,4,1.000,186.182,378.36400000000003,24.919038789394993,-56909.0,39682.0,12459.519394697496,20001107_062245
4765,KLIX20001107_122245,4,1.000,84.72,429.62,26.7459387440448,-107640.0,65310.0,13372.969372022402,20001107_062245
4766,KLIX20001110_121220,-9,1.000,173.0,381.0,12.811272013959035,-63500.0,41000.0,6405.636006979517,20001110_061220
4766,KLIX20001110_122213,1,1.000,180.0,391.0,21.035436970596557,-60000.0,46000.0,10517.718485298277,20001110_062213
4766,KLIX20001110_123206,11,1.000,178.0,402.0,36.62452461617563,-61000.0,51500.0,18312.26230808781,20001110_063206
4767,KLIX20001112_121023,-13,1.000,169.716,364.851,7.716159615477219,-65142.0,32925.5,3858.079807738609,20001112_061023
4768,KLIX20001112_121023,-13,1.000,197.054,389.957,7.156038885564591,-51473.0,45478.5,3578.0194427822953,20001112_061023
4769,KLIX20001112_121023,-13,1.000,426.277,534.6610000000001,14.645766716609046,63138.5,117830.5,7322.8833583045225,20001112_061023
4767,KLIX20001112_122016,-3,1.000,175.716,365.851,16.665157395413885,-62142.0,33425.5,8332.578697706942,20001112_062016
4768,KLIX20001112_122016,-3,1.000,197.054,389.957,11.907043643685952,-51473.0,45478.5,5953.5218218429745,20001112_062016
4769,KLIX20001112_122016,-3,1.000,426.277,534.6610000000001,22.873631698536318,63138.5,117830.5,11436.81584926816,20001112_062016
4770,KLIX20001112_122016,-3,1.000,127.683,371.03700000000003,9.023902482762589,-86158.5,36018.5,4511.951241381294,20001112_062016
4767,KLIX20001112_123009,7,1.000,175.716,365.851,24.085238980041453,-62142.0,33425.5,12042.619490020727,20001112_063009
4768,KLIX20001112_123009,7,1.000,217.054,389.957,16.544573537723778,-41473.0,45478.5,8272.28676886189,20001112_063009
4769,KLIX20001112_123009,7,1.000,426.277,534.6610000000001,31.515800194362416,63138.5,117830.5,15757.900097181207,20001112_063009
4770,KLIX20001112_123009,7,1.000,131.683,371.03700000000003,15.352723154663465,-84158.5,36018.5,7676.361577331732,20001112_063009
4767,KLIX20001112_124003,17,1.000,189.716,368.851,32.809330144375764,-55142.0,34925.5,16404.66507218788,20001112_064003
4768,KLIX20001112_124003,17,1.000,222.054,394.957,20.680645494715886,-38973.0,47978.5,10340.322747357943,20001112_064003
4769,KLIX20001112_124003,17,1.000,426.277,534.6610000000001,41.101511017361226,63138.5,117830.5,20550.75550868061,20001112_064003
4770,KLIX20001112_124003,17,1.000,131.683,371.03700000000003,22.377087129694853,-84158.5,36018.5,11188.543564847427,20001112_064003
4771,KLIX20001114_121242,-12,1.000,171.868,376.985,7.19496926253724,-64066.0,38992.5,3597.484631268621,20001114_061242
4772,KLIX20001115_122947,4,1.000,159.5,354.711,11.496378669270527,-70250.0,27855.5,5748.189334635264,20001115_062947
4773,KLIX20001115_122947,4,1.000,406.231,537.692,28.35799888336371,53115.5,119346.0,14178.999441681855,20001115_062947
4772,KLIX20001115_123940,14,1.000,154.5,354.711,16.688145458028625,-72750.0,27855.5,8344.072729014313,20001115_063940
4773,KLIX20001115_123940,14,1.000,406.231,528.692,37.09713075233947,53115.5,114846.0,18548.565376169736,20001115_063940
4772,KLIX20001115_124933,24,1.000,154.5,354.711,21.255258327055003,-72750.0,27855.5,10627.629163527503,20001115_064933
4772,KLIX20001115_125927,33,1.000,154.5,341.711,21.25519132957805,-72750.0,21355.5,10627.595664789025,20001115_065927
4772,KLIX20001115_130918,43,1.000,156.5,325.711,23.635379217257583,-71750.0,13355.5,11817.689608628792,20001115_070918
4774,KLIX20001116_121535,-10,1.000,170.643,354.0,5.584522851852283,-64678.5,27500.0,2792.2614259261413,20001116_061535
4774,KLIX20001116_122128,-5,1.000,170.643,354.0,11.134690247399625,-64678.5,27500.0,5567.345123699812,20001116_062128
4774,KLIX20001116_122722,1,1.000,170.643,336.0,11.134882311667342,-64678.5,18500.0,5567.441155833671,20001116_062722
4774,KLIX20001116_123318,7,1.000,177.643,332.0,13.942999705190422,-61178.5,16500.0,6971.4998525952105,20001116_063318
4774,KLIX20001116_123911,13,1.000,177.643,325.0,21.45751438777365,-61178.5,13000.0,10728.757193886826,20001116_063911
4774,KLIX20001116_124504,19,1.000,187.643,320.0,21.45778818933368,-56178.5,10500.0,10728.89409466684,20001116_064504
4775,KLIX20001120_121526,-15,1.000,167.853,367.206,9.698430851125455,-66073.5,34103.0,4849.2154255627265,20001120_061526
4776,KLIX20001120_121526,-15,1.000,195.397,392.93399999999997,6.612602602925957,-52301.5,46967.0,3306.301301462978,20001120_061526
4775,KLIX20001120_122519,-5,1.000,169.853,377.206,14.784999401032007,-65073.5,39103.0,7392.499700516004,20001120_062519
4776,KLIX20001120_122519,-5,1.000,195.397,392.93399999999997,13.51416559873746,-52301.5,46967.0,6757.08279936873,20001120_062519
4775,KLIX20001120_123513,5,1.000,185.853,371.206,21.63430004467155,-57073.5,36103.0,10817.150022335774,20001120_063513
4775,KLIX20001120_124506,15,1.000,186.853,362.206,21.634166631944467,-56573.5,31603.0,10817.083315972233,20001120_064506
4775,KLIX20001120_125458,25,1.000,186.853,362.206,21.634166631944467,-56573.5,31603.0,10817.083315972233,20001120_065458
4777,KLIX20001122_121323,-18,1.000,167.871,358.443,9.373214903095,-66064.5,29721.5,4686.6074515475,20001122_061323
4777,KLIX20001122_122315,-8,1.000,167.871,358.443,22.661108727868804,-66064.5,29721.5,11330.554363934405,20001122_062315
4778,KLIX20001122_122315,-8,1.000,113.636,377.0,24.645312116155612,-93182.0,39000.0,12322.656058077806,20001122_062315
4777,KLIX20001122_123309,2,1.000,175.871,347.443,22.661451885528905,-62064.5,24221.5,11330.725942764451,20001122_063309
4778,KLIX20001122_123309,2,1.000,124.636,362.0,24.645312116155612,-87682.0,31500.0,12322.656058077806,20001122_063309
4777,KLIX20001122_124302,12,1.000,187.871,347.443,22.661451885528905,-56064.5,24221.5,11330.725942764451,20001122_064302
4778,KLIX20001122_124302,12,1.000,134.636,362.0,24.645312116155612,-82682.0,31500.0,12322.656058077806,20001122_064302
4779,KLIX20001128_122133,-14,1.000,168.566,369.084,10.405533616547068,-65717.0,35042.0,5202.7668082735345,20001128_062133
4779,KLIX20001128_122725,-9,1.000,168.566,369.084,15.963022754146738,-65717.0,35042.0,7981.5113770733715,20001128_062725
4779,KLIX20001128_123321,-3,1.000,167.566,358.084,19.343287777720256,-66217.0,29542.0,9671.643888860128,20001128_063321
4779,KLIX20001128_123914,3,1.000,167.566,358.084,24.858141812891418,-66217.0,29542.0,12429.07090644571,20001128_063914
4781,KLIX20001129_122237,-14,1.000,172.324,359.65999999999997,8.486027682548617,-63838.0,30330.0,4243.013841274308,20001129_062237
4781,KLIX20001129_122833,-8,1.000,172.324,359.65999999999997,15.72857382788635,-63838.0,30330.0,7864.286913943175,20001129_062833
4781,KLIX20001129_123427,-3,1.000,172.324,359.65999999999997,17.41027681393719,-63838.0,30330.0,8705.138406968597,20001129_063427
4780,KLIX20001130_121858,-19,1.000,156.0,366.0,15.178874531887589,-72000.0,33500.0,7589.437265943795,20001130_061858
4780,KLIX20001130_122451,-13,1.000,156.0,366.0,17.496992207133896,-72000.0,33500.0,8748.496103566948,20001130_062451
4780,KLIX20001130_123045,-7,1.000,156.0,366.0,23.09515512055028,-72000.0,33500.0,11547.57756027514,20001130_063045
4780,KLIX20001130_123638,-1,1.000,156.0,385.0,23.095247514652723,-72000.0,43000.0,11547.623757326362,20001130_063638
4780,KLIX20001130_124233,5,1.000,145.0,399.0,23.095247514652723,-77500.0,50000.0,11547.623757326362,20001130_064233
9520,KLIX20001206_122506,-18,1.000,172.801,364.942,10.520735752486546,-63599.5,32971.0,5260.367876243273,20001206_062506
9520,KLIX20001206_123059,-12,1.000,172.801,364.942,20.63285604517201,-63599.5,32971.0,10316.428022586006,20001206_063059
9520,KLIX20001206_123653,-6,1.000,172.801,364.942,26.983653859430568,-63599.5,32971.0,13491.826929715286,20001206_063653
9520,KLIX20001206_124246,0,1.000,172.801,364.942,33.33642698254147,-63599.5,32971.0,16668.213491270733,20001206_064246
9521,KLIX20001208_122923,-15,1.000,171.2,368.0,8.34222363699658,-64400.0,34500.0,4171.111818498291,20001208_062923
9521,KLIX20001208_123517,-9,1.000,171.2,368.0,16.685203921110357,-64400.0,34500.0,8342.601960555177,20001208_063517
9521,KLIX20001208_124110,-3,1.000,171.2,368.0,16.6852417714824,-64400.0,34500.0,8342.6208857412,20001208_064110
9522,KLIX20001209_123008,-15,1.000,169.238,367.098,10.184663314538968,-65381.0,34049.0,5092.331657269484,20001209_063008
9522,KLIX20001209_123601,-9,1.000,169.238,367.098,17.959830543706094,-65381.0,34049.0,8979.915271853046,20001209_063601
9523,KLIX20001212_123541,-11,1.000,173.0,373.5,9.274169191872485,-63500.0,37250.0,4637.084595936242,20001212_063541
9523,KLIX20001212_124135,-5,1.000,173.0,373.5,21.863121590746733,-63500.0,37250.0,10931.560795373367,20001212_064135
9523,KLIX20001212_124730,1,1.000,173.0,373.5,21.862981908844947,-63500.0,37250.0,10931.490954422472,20001212_064730
9524,KLIX20001218_123344,-17,1.000,168.825,356.206,11.255645930031482,-65587.5,28603.0,5627.822965015741,20001218_063344
9524,KLIX20001218_123938,-11,1.000,168.825,356.206,20.892188233430048,-65587.5,28603.0,10446.094116715023,20001218_063938
9524,KLIX20001218_124535,-5,1.000,168.825,356.206,29.567339729831716,-65587.5,28603.0,14783.669864915859,20001218_064535
9524,KLIX20001218_125128,0,1.000,168.825,356.206,42.33157673524952,-65587.5,28603.0,21165.788367624762,20001218_065128
9524,KLIX20001218_125723,6,1.000,168.825,342.206,42.3316207240776,-65587.5,21603.0,21165.810362038803,20001218_065723
9524,KLIX20001218_130317,12,1.000,168.825,342.206,42.3316207240776,-65587.5,21603.0,21165.810362038803,20001218_070317
9524,KLIX20001218_130910,18,1.000,170.825,317.206,42.3316207240776,-64587.5,9103.0,21165.810362038803,20001218_070910
9524,KLIX20001218_131503,24,1.000,170.825,317.206,42.3316207240776,-64587.5,9103.0,21165.810362038803,20001218_071503
9525,KLIX20001219_123025,-21,1.000,180.722,368.722,9.017546502848685,-59639.0,34861.0,4508.773251424343,20001219_063025
9525,KLIX20001219_123615,-15,1.000,180.722,368.722,20.648905190285753,-59639.0,34861.0,10324.452595142879,20001219_063615
9525,KLIX20001219_124205,-9,1.000,187.722,377.722,20.64898974528963,-56139.0,39361.0,10324.494872644816,20001219_064205
9525,KLIX20001219_124754,-3,1.000,204.722,390.722,20.64898974528963,-47639.0,45861.0,10324.494872644816,20001219_064754
