track_id,filename,from_sunrise,det_score,x,y,r,lon,lat,radius,local_time
13774,KTBW20000101_120502,-15,1.000,304.661,408.177,8.591469736152554,2330.5,54588.5,4295.734868076277,20000101_070502
13774,KTBW20000101_121052,-9,1.000,304.661,408.177,16.770516009264625,2330.5,54588.5,8385.258004632313,20000101_071052
13774,KTBW20000101_121643,-3,1.000,304.661,408.177,22.336883748269607,2330.5,54588.5,11168.441874134804,20000101_071643
13774,KTBW20000101_122234,3,1.000,304.661,408.177,27.271193225754022,2330.5,54588.5,13635.596612877012,20000101_072234
13774,KTBW20000101_122825,8,1.000,304.661,408.177,32.85948625167144,2330.5,54588.5,16429.743125835717,20000101_072825
13774,KTBW20000101_123415,14,1.000,309.661,399.177,32.859406653746944,4830.5,50088.5,16429.703326873474,20000101_073415
13774,KTBW20000101_124006,20,1.000,309.661,385.177,32.859406653746944,4830.5,43088.5,16429.703326873474,20000101_074006
13774,KTBW20000101_124557,26,1.000,314.661,369.177,32.859406653746944,7330.5,35088.5,16429.703326873474,20000101_074557
13774,KTBW20000101_125148,32,1.000,314.661,369.177,32.859406653746944,7330.5,35088.5,16429.703326873474,20000101_075148
13774,KTBW20000101_125738,38,1.000,314.661,369.177,42.44724587455663,7330.5,35088.5,21223.622937278316,20000101_075738
13774,KTBW20000101_130329,43,1.000,314.661,369.177,47.34339944850292,7330.5,35088.5,23671.69972425146,20000101_080329
13775,KTBW20000102_120141,-19,1.000,298.125,409.625,8.980572385864477,-937.5,55312.5,4490.286192932239,20000102_070141
13775,KTBW20000102_120732,-13,1.000,298.125,409.625,18.476739805988185,-937.5,55312.5,9238.36990299409,20000102_070732
13775,KTBW20000102_121323,-8,1.000,293.125,400.625,18.47648036662371,-3437.5,50812.5,9238.240183311855,20000102_071323
13775,KTBW20000102_121914,-2,1.000,299.125,391.625,18.47648036662371,-437.5,46312.5,9238.240183311855,20000102_071914
13775,KTBW20000102_122505,4,1.000,296.125,382.625,18.47648036662371,-1937.5,41812.5,9238.240183311855,20000102_072505
13775,KTBW20000102_123056,10,1.000,296.125,382.625,27.555654002565504,-1937.5,41812.5,13777.827001282752,20000102_073056
13776,KTBW20000102_123056,10,1.000,433.266,217.072,21.535201730669304,66633.0,-40964.0,10767.60086533465,20000102_073056
13775,KTBW20000102_123647,16,1.000,296.125,372.625,27.555542193235233,-1937.5,36812.5,13777.771096617616,20000102_073647
13776,KTBW20000102_123647,16,1.000,433.266,217.072,39.6298259055596,66633.0,-40964.0,19814.912952779796,20000102_073647
13775,KTBW20000102_124237,22,1.000,296.125,372.625,36.52320831383957,-1937.5,36812.5,18261.60415691978,20000102_074237
13776,KTBW20000102_124237,22,1.000,431.266,228.072,39.629515323690036,65633.0,-35464.0,19814.75766184502,20000102_074237
13775,KTBW20000102_124828,27,1.000,292.125,360.625,36.52293641449271,-3937.5,30812.5,18261.468207246355,20000102_074828
13776,KTBW20000102_124828,27,1.000,431.266,228.072,39.629515323690036,65633.0,-35464.0,19814.75766184502,20000102_074828
13775,KTBW20000102_125419,33,1.000,292.125,360.625,43.4899688852843,-3937.5,30812.5,21744.984442642148,20000102_075419
13776,KTBW20000102_125419,33,1.000,431.266,228.072,42.387929958059594,65633.0,-35464.0,21193.964979029795,20000102_075419
13775,KTBW20000102_130010,39,1.000,292.125,360.625,44.182708100667845,-3937.5,30812.5,22091.35405033392,20000102_080010
13777,KTBW20000103_120023,-21,1.000,299.774,406.64,13.070658527310476,-113.0,53820.0,6535.32926365524,20000103_070023
13777,KTBW20000103_121011,-11,1.000,299.774,406.64,26.813711991037568,-113.0,53820.0,13406.85599551878,20000103_071011
13777,KTBW20000103_121959,-1,1.000,289.774,391.64,26.81340344957791,-5113.0,46320.0,13406.701724788954,20000103_071959
13777,KTBW20000103_122947,9,1.000,289.774,382.64,26.81340344957791,-5113.0,41820.0,13406.701724788954,20000103_072947
13777,KTBW20000103_123935,19,1.000,296.774,366.64,26.81340344957791,-1613.0,33820.0,13406.701724788954,20000103_073935
13777,KTBW20000103_124923,28,1.000,296.774,351.64,26.81340344957791,-1613.0,26320.0,13406.701724788954,20000103_074923
13778,KTBW20000104_120526,-16,1.000,299.511,399.121,14.976637282049094,-244.49999999999,50060.5,7488.318641024546,20000104_070526
13778,KTBW20000104_121514,-6,1.000,299.511,399.121,25.074355396220575,-244.49999999999,50060.5,12537.177698110287,20000104_071514
13778,KTBW20000104_122502,4,1.000,299.511,399.121,37.5773309042389,-244.49999999999,50060.5,18788.66545211945,20000104_072502
13778,KTBW20000104_123452,14,1.000,305.511,377.121,37.57718958305264,2755.5,39060.5,18788.59479152632,20000104_073452
13778,KTBW20000104_124441,24,1.000,317.511,348.121,37.57718958305264,8755.5,24560.5,18788.59479152632,20000104_074441
13778,KTBW20000104_125429,33,1.000,317.511,348.121,47.942779330746035,8755.5,24560.5,23971.38966537302,20000104_075429
13779,KTBW20000107_120047,-21,1.000,297.0,421.885,11.114047876976551,-1500.0,61442.5,5557.023938488275,20000107_070047
13779,KTBW20000107_120639,-15,1.000,299.0,412.885,11.114047876976551,-500.0,56942.5,5557.023938488275,20000107_070639
13779,KTBW20000107_121231,-9,1.000,299.0,412.885,16.62431589414217,-500.0,56942.5,8312.157947071086,20000107_071231
13779,KTBW20000107_121824,-4,1.000,300.0,402.885,22.90334280975557,0.0,51942.5,11451.671404877785,20000107_071824
13779,KTBW20000107_122416,2,1.000,300.0,402.885,22.90365008696453,0.0,51942.5,11451.825043482266,20000107_072416
13779,KTBW20000107_123008,8,1.000,300.0,402.885,31.85548474268275,0.0,51942.5,15927.742371341377,20000107_073008
13779,KTBW20000107_123600,14,1.000,309.0,386.885,31.85578538078233,4500.0,43942.5,15927.892690391162,20000107_073600
13779,KTBW20000107_124152,20,1.000,309.0,386.885,40.89487618111486,4500.0,43942.5,20447.438090557425,20000107_074152
13779,KTBW20000107_125336,32,1.000,309.0,386.885,47.85826499476659,4500.0,43942.5,23929.132497383296,20000107_075336
13779,KTBW20000107_125928,37,1.000,315.0,374.885,47.85823873934467,7500.0,37942.5,23929.11936967233,20000107_075928
13780,KTBW20000111_120115,-21,1.000,307.486,418.399,8.802320369864542,3743.0,59699.5,4401.160184932271,20000111_070115
13780,KTBW20000111_120706,-15,1.000,307.486,418.399,14.253173038768992,3743.0,59699.5,7126.586519384496,20000111_070706
13780,KTBW20000111_121258,-9,1.000,307.486,418.399,20.416813676860798,3743.0,59699.5,10208.4068384304,20000111_071258
13780,KTBW20000111_121849,-3,1.000,307.486,418.399,23.861383572690258,3743.0,59699.5,11930.691786345125,20000111_071849
13780,KTBW20000111_122441,3,1.000,320.486,423.399,23.8614945776101,10243.0,62199.5,11930.74728880505,20000111_072441
13780,KTBW20000111_123033,9,1.000,320.486,423.399,33.02410468468043,10243.0,62199.5,16512.052342340216,20000111_073033
13780,KTBW20000111_123625,14,1.000,320.486,423.399,33.02378691752899,10243.0,62199.5,16511.893458764494,20000111_073625
13780,KTBW20000111_124217,20,1.000,320.486,423.399,37.92380397850757,10243.0,62199.5,18961.901989253784,20000111_074217
13780,KTBW20000111_124808,26,1.000,336.486,419.399,37.923983388499984,18243.0,60199.5,18961.991694249995,20000111_074808
13780,KTBW20000111_125400,32,1.000,336.486,419.399,37.923983388499984,18243.0,60199.5,18961.991694249995,20000111_075400
13781,KTBW20000113_115702,-25,1.000,298.949,421.88599999999997,11.889478825956816,-525.49999999999,61443.0,5944.739412978408,20000113_065702
13782,KTBW20000113_115702,-25,1.000,490.114,224.166,13.468084228353137,95057.0,-37417.0,6734.042114176568,20000113_065702
13781,KTBW20000113_120253,-19,1.000,298.949,421.88599999999997,11.889478825956816,-525.49999999999,61443.0,5944.739412978408,20000113_070253
13782,KTBW20000113_120253,-19,1.000,484.114,213.166,19.53574866102217,92057.0,-42917.0,9767.874330511084,20000113_070253
13781,KTBW20000113_120845,-13,1.000,298.949,421.88599999999997,25.671040789627195,-525.49999999999,61443.0,12835.5203948136,20000113_070845
13782,KTBW20000113_120845,-13,1.000,484.114,213.166,25.084414153244243,92057.0,-42917.0,12542.207076622122,20000113_070845
13781,KTBW20000113_121437,-7,1.000,298.949,421.88599999999997,25.671064654434357,-525.49999999999,61443.0,12835.532327217175,20000113_071437
13782,KTBW20000113_121437,-7,1.000,482.114,207.166,25.08428953561744,91057.0,-45917.0,12542.144767808722,20000113_071437
13783,KTBW20000113_121437,-7,1.000,546.271,406.496,23.654111881952588,123135.5,53748.0,11827.055940976294,20000113_071437
13781,KTBW20000113_122028,-2,1.000,298.949,421.88599999999997,39.512132054701745,-525.49999999999,61443.0,19756.066027350877,20000113_072028
13782,KTBW20000113_122028,-2,1.000,482.114,207.166,25.08428953561744,91057.0,-45917.0,12542.144767808722,20000113_072028
13783,KTBW20000113_122028,-2,1.000,546.271,406.496,28.806084271245155,123135.5,53748.0,14403.042135622578,20000113_072028
13781,KTBW20000113_122620,4,1.000,298.949,421.88599999999997,39.51229901744884,-525.49999999999,61443.0,19756.14950872442,20000113_072620
13782,KTBW20000113_122620,4,1.000,482.114,207.166,38.27025470564697,91057.0,-45917.0,19135.127352823485,20000113_072620
13783,KTBW20000113_122620,4,1.000,546.271,406.496,28.806080655678365,123135.5,53748.0,14403.040327839182,20000113_072620
13781,KTBW20000113_123212,10,1.000,296.949,405.88599999999997,39.51229901744884,-1525.5,53443.0,19756.14950872442,20000113_073212
13783,KTBW20000113_123212,10,1.000,546.271,406.496,39.96229754444413,123135.5,53748.0,19981.148772222066,20000113_073212
13781,KTBW20000113_123804,16,1.000,298.949,402.88599999999997,39.51229901744884,-525.49999999999,51943.0,19756.14950872442,20000113_073804
13783,KTBW20000113_123804,16,1.000,546.271,406.496,39.96243737691949,123135.5,53748.0,19981.218688459743,20000113_073804
13781,KTBW20000113_124356,22,1.000,308.949,399.88599999999997,39.51229901744884,4474.5,50443.0,19756.14950872442,20000113_074356
13783,KTBW20000113_124356,22,1.000,542.271,397.496,39.96243737691949,121135.5,49248.0,19981.218688459743,20000113_074356
13781,KTBW20000113_124948,28,1.000,308.949,399.88599999999997,39.51229901744884,4474.5,50443.0,19756.14950872442,20000113_074948
13781,KTBW20000113_125540,34,1.000,308.949,399.88599999999997,39.51229901744884,4474.5,50443.0,19756.14950872442,20000113_075540
13784,KTBW20000116_120323,-19,1.000,304.23,415.51,13.874526568337426,2115.0,58255.0,6937.263284168714,20000116_070323
13784,KTBW20000116_121311,-9,1.000,297.23,414.51,13.874526568337426,-1385.0,57755.0,6937.263284168714,20000116_071311
13784,KTBW20000116_122301,1,1.000,297.23,414.51,26.322476825453084,-1385.0,57755.0,13161.238412726541,20000116_072301
13785,KTBW20000117_120002,-21,1.000,305.953,424.43899999999996,11.538523494844101,2976.5,62719.5,5769.261747422051,20000117_070002
13785,KTBW20000117_120950,-11,1.000,305.953,424.43899999999996,17.65655193182823,2976.5,62719.5,8828.275965914114,20000117_070950
13785,KTBW20000117_121939,-1,1.000,303.953,415.43899999999996,26.670702257761015,1976.5,58219.5,13335.351128880508,20000117_071939
13785,KTBW20000117_122927,8,1.000,303.953,415.43899999999996,33.62667625268504,1976.5,58219.5,16813.33812634252,20000117_072927
13785,KTBW20000117_123918,18,1.000,321.953,411.43899999999996,33.626514551396475,10976.5,56219.5,16813.257275698237,20000117_073918
13785,KTBW20000117_124906,28,1.000,321.953,411.43899999999996,37.07174153337389,10976.5,56219.5,18535.87076668694,20000117_074906
13785,KTBW20000117_125856,38,1.000,321.953,411.43899999999996,46.08698884274056,10976.5,56219.5,23043.49442137028,20000117_075856
13786,KTBW20000118_120620,-15,1.000,307.168,418.85,11.78058557104635,3584.0,59925.0,5890.292785523175,20000118_070620
13786,KTBW20000118_121609,-5,1.000,307.168,418.85,23.512300056620255,3584.0,59925.0,11756.150028310127,20000118_071609
13786,KTBW20000118_122557,5,1.000,307.168,418.85,37.49975387245281,3584.0,59925.0,18749.876936226403,20000118_072557
13786,KTBW20000118_123547,15,1.000,327.168,409.85,37.499507770632434,13584.0,55425.0,18749.75388531622,20000118_073547
13786,KTBW20000118_124535,25,1.000,329.168,402.85,37.499507770632434,14584.0,51925.0,18749.75388531622,20000118_074535
13786,KTBW20000118_125523,34,1.000,333.168,390.85,37.499507770632434,16584.0,45925.0,18749.75388531622,20000118_075523
13786,KTBW20000118_130511,44,1.000,348.168,396.85,37.499507770632434,24084.0,48925.0,18749.75388531622,20000118_080511
13787,KTBW20000119_115836,-22,1.000,306.771,419.169,11.256926924820858,3385.5,60084.5,5628.463462410428,20000119_065836
13787,KTBW20000119_120427,-17,1.000,306.771,419.169,20.94220001256966,3385.5,60084.5,10471.10000628483,20000119_070427
13787,KTBW20000119_121018,-11,1.000,314.771,426.169,20.94218432335434,7385.5,63584.5,10471.09216167717,20000119_071018
13787,KTBW20000119_121608,-5,1.000,328.771,433.169,20.94218432335434,14385.5,67084.5,10471.09216167717,20000119_071608
13787,KTBW20000119_122159,1,1.000,336.771,430.169,20.94218432335434,18385.5,65584.5,10471.09216167717,20000119_072159
13787,KTBW20000119_122750,7,1.000,341.771,418.169,20.94218432335434,20885.5,59584.5,10471.09216167717,20000119_072750
13788,KTBW20000120_115930,-22,1.000,305.815,423.278,7.984580576619699,2907.5,62139.0,3992.2902883098495,20000120_065930
13788,KTBW20000120_120521,-16,1.000,305.815,423.278,16.983204836300235,2907.5,62139.0,8491.602418150118,20000120_070521
13788,KTBW20000120_121112,-10,1.000,329.815,421.278,16.983186240367438,14907.5,61139.0,8491.59312018372,20000120_071112
13788,KTBW20000120_121702,-4,1.000,343.815,414.278,16.983186240367438,21907.5,57639.0,8491.59312018372,20000120_071702
13788,KTBW20000120_122253,2,1.000,343.815,414.278,31.481860739851907,21907.5,57639.0,15740.930369925953,20000120_072253
13788,KTBW20000120_122844,8,1.000,343.815,414.278,38.18176494998369,21907.5,57639.0,19090.88247499185,20000120_072844
13788,KTBW20000120_123434,14,1.000,373.815,402.278,38.18199797975281,36907.5,51639.0,19090.998989876407,20000120_073434
13789,KTBW20000121_120520,-16,1.000,307.845,427.342,11.885317300291447,3922.5,64171.0,5942.658650145724,20000121_070520
13789,KTBW20000121_121508,-6,1.000,307.845,427.342,28.02060460752284,3922.5,64171.0,14010.302303761418,20000121_071508
13789,KTBW20000121_122456,4,1.000,310.845,442.342,28.020939480145568,5422.5,71671.0,14010.469740072787,20000121_072456
13790,KTBW20000122_115814,-22,1.000,298.045,424.477,11.516328691295472,-977.49999999999,62738.5,5758.164345647736,20000122_065814
13790,KTBW20000122_120405,-16,1.000,298.045,424.477,14.963556818649652,-977.49999999999,62738.5,7481.778409324826,20000122_070405
13790,KTBW20000122_120955,-10,1.000,298.045,424.477,24.617080090340263,-977.49999999999,62738.5,12308.54004517013,20000122_070955
13790,KTBW20000122_121546,-4,1.000,299.045,417.477,24.61681148587442,-477.49999999999,59238.5,12308.405742937211,20000122_071546
13791,KTBW20000122_121546,-4,1.000,478.0,218.0,20.221546795634758,89000.0,-40500.0,10110.773397817378,20000122_071546
13790,KTBW20000122_122137,2,1.000,299.045,417.477,29.461537480620834,-477.49999999999,59238.5,14730.768740310417,20000122_072137
13791,KTBW20000122_122137,2,1.000,478.0,218.0,28.437092046682388,89000.0,-40500.0,14218.546023341192,20000122_072137
13790,KTBW20000122_122728,7,1.000,299.045,417.477,35.762587572198555,-477.49999999999,59238.5,17881.293786099275,20000122_072728
13791,KTBW20000122_122728,7,1.000,478.0,213.0,28.437092046682388,89000.0,-43000.0,14218.546023341192,20000122_072728
13790,KTBW20000122_123320,13,1.000,299.045,417.477,48.365070903244714,-477.49999999999,59238.5,24182.53545162236,20000122_073320
13791,KTBW20000122_123320,13,1.000,478.0,213.0,37.556344142218585,89000.0,-43000.0,18778.172071109293,20000122_073320
13790,KTBW20000122_123910,19,1.000,299.045,417.477,48.36525128290869,-477.49999999999,59238.5,24182.625641454342,20000122_073910
13790,KTBW20000122_124501,25,1.000,312.045,400.477,48.36525128290869,6022.5,50738.5,24182.625641454342,20000122_074501
13790,KTBW20000122_125052,31,1.000,312.045,400.477,48.36525128290869,6022.5,50738.5,24182.625641454342,20000122_075052
13790,KTBW20000122_125643,37,1.000,313.045,391.477,48.36525128290869,6522.5,46238.5,24182.625641454342,20000122_075643
13790,KTBW20000122_130234,43,1.000,313.045,391.477,48.36525128290869,6522.5,46238.5,24182.625641454342,20000122_080234
13792,KTBW20000204_115532,-19,1.000,305.261,421.478,8.492286707794614,2630.5,61239.0,4246.143353897307,20000204_065532
13792,KTBW20000204_120123,-14,1.000,305.261,421.478,15.017518925280013,2630.5,61239.0,7508.759462640006,20000204_070123
13792,KTBW20000204_120713,-8,1.000,313.261,426.478,15.017558951091878,6630.5,63739.0,7508.77947554594,20000204_070713
13792,KTBW20000204_121304,-2,1.000,313.261,426.478,15.017558951091878,6630.5,63739.0,7508.77947554594,20000204_071304
13793,KTBW20000205_115220,-22,1.000,300.837,430.09000000000003,13.946659679870475,418.49999999999,65545.0,6973.329839935237,20000205_065220
13793,KTBW20000205_120208,-12,1.000,300.837,430.09000000000003,13.946659679870475,418.49999999999,65545.0,6973.329839935237,20000205_070208
13793,KTBW20000205_121156,-2,1.000,300.837,430.09000000000003,28.49973916939479,418.49999999999,65545.0,14249.869584697391,20000205_071156
13793,KTBW20000205_122146,8,1.000,309.837,442.09000000000003,28.49951493166291,4918.5,71545.0,14249.757465831455,20000205_072146
13794,KTBW20000206_115625,-18,1.000,306.773,425.13599999999997,11.727179325007459,3386.5,63068.0,5863.589662503729,20000206_065625
13794,KTBW20000206_120614,-8,1.000,297.773,423.13599999999997,20.226280384442205,-1113.5,62068.0,10113.140192221103,20000206_070614
13794,KTBW20000206_121602,2,1.000,297.773,423.13599999999997,27.838277581961936,-1113.5,62068.0,13919.13879098097,20000206_071602
13794,KTBW20000206_122550,12,1.000,297.773,423.13599999999997,27.838525938480267,-1113.5,62068.0,13919.262969240133,20000206_072550
13794,KTBW20000206_123538,22,1.000,297.773,423.13599999999997,35.53784830471244,-1113.5,62068.0,17768.92415235622,20000206_073538
13794,KTBW20000206_124526,31,1.000,297.773,423.13599999999997,40.384480522921,-1113.5,62068.0,20192.240261460505,20000206_074526
13795,KTBW20000207_115106,-22,1.000,297.462,423.615,11.932481257832288,-1269.0,62307.5,5966.240628916144,20000207_065106
13795,KTBW20000207_120054,-12,1.000,297.462,423.615,21.26096257491143,-1269.0,62307.5,10630.481287455716,20000207_070054
13795,KTBW20000207_121042,-2,1.000,304.462,408.615,21.2612346243659,2231.0,54807.5,10630.61731218295,20000207_071042
13795,KTBW20000207_122030,8,1.000,304.462,408.615,33.72028426634908,2231.0,54807.5,16860.142133174544,20000207_072030
13795,KTBW20000207_123018,17,1.000,312.462,388.615,33.720148878867256,6231.0,44807.5,16860.07443943363,20000207_073018
13795,KTBW20000207_124006,27,1.000,312.462,388.615,46.26845789363517,6231.0,44807.5,23134.228946817588,20000207_074006
13795,KTBW20000207_124954,37,1.000,316.462,377.615,46.268535935174036,8231.0,39307.5,23134.267967587017,20000207_074954
13796,KTBW20000208_115554,-16,1.000,302.0,426.125,11.444195579762424,1000.0,63562.5,5722.097789881212,20000208_065554
13796,KTBW20000208_120542,-6,1.000,302.0,426.125,25.758779607980145,1000.0,63562.5,12879.38980399007,20000208_070542
13796,KTBW20000208_121530,4,1.000,302.0,426.125,34.13596700198445,1000.0,63562.5,17067.983500992228,20000208_071530
13796,KTBW20000208_122519,13,1.000,320.0,436.125,34.13630144540407,10000.0,68562.5,17068.150722702037,20000208_072519
13797,KTBW20000209_115327,-19,1.000,300.4,428.829,11.679321779855725,199.99999999999,64914.5,5839.660889927863,20000209_065327
13797,KTBW20000209_120317,-9,1.000,300.4,428.829,24.915895564865618,199.99999999999,64914.5,12457.947782432806,20000209_070317
13797,KTBW20000209_121307,1,1.000,315.4,431.829,24.915747746170034,7700.0,66414.5,12457.873873085018,20000209_071307
13798,KTBW20000210_114911,-22,1.000,306.119,422.5,10.84216153350583,3059.5,61750.0,5421.080766752916,20000210_064911
13798,KTBW20000210_115859,-12,1.000,306.119,422.5,20.469956820954284,3059.5,61750.0,10234.978410477142,20000210_065859
13798,KTBW20000210_120848,-2,1.000,306.119,422.5,27.46948598241248,3059.5,61750.0,13734.742991206238,20000210_070848
13798,KTBW20000210_121835,8,1.000,308.119,431.5,27.469537329484286,4059.5,66250.0,13734.768664742145,20000210_071835
13799,KTBW20000216_114033,-25,1.000,303.49,413.19399999999996,9.669304883482907,1745.0,57097.0,4834.652441741453,20000216_064033
13799,KTBW20000216_114624,-20,1.000,303.49,413.19399999999996,17.643016648730253,1745.0,57097.0,8821.508324365126,20000216_064624
13799,KTBW20000216_115214,-14,1.000,303.49,413.19399999999996,17.64278805832829,1745.0,57097.0,8821.394029164145,20000216_065214
13799,KTBW20000216_115805,-8,1.000,303.49,413.19399999999996,26.674929887551198,1745.0,57097.0,13337.464943775594,20000216_065805
13799,KTBW20000216_120356,-2,1.000,306.49,404.19399999999996,26.67468592739898,3245.0,52597.0,13337.342963699486,20000216_070356
13799,KTBW20000216_120946,4,1.000,306.49,390.19399999999996,26.67468592739898,3245.0,45597.0,13337.342963699486,20000216_070946
13799,KTBW20000216_121537,10,1.000,306.49,390.19399999999996,34.13599596926596,3245.0,45597.0,17067.997984632984,20000216_071537
13799,KTBW20000216_122128,15,1.000,309.49,376.19399999999996,34.13630144540407,4745.0,38597.0,17068.150722702037,20000216_072128
13799,KTBW20000216_122719,22,1.000,309.49,376.19399999999996,43.9968691095744,4745.0,38597.0,21998.434554787196,20000216_072719
13799,KTBW20000216_123335,28,1.000,309.49,376.19399999999996,43.99703650949392,4745.0,38597.0,21998.518254746956,20000216_073335
13799,KTBW20000216_123926,33,1.000,311.49,365.19399999999996,43.99703650949392,5745.0,33097.0,21998.518254746956,20000216_073926
13799,KTBW20000216_124619,40,1.000,313.49,360.19399999999996,43.99703650949392,6745.0,30597.0,21998.518254746956,20000216_074619
13800,KTBW20000217_114710,-19,1.000,302.718,416.35900000000004,12.249450796011162,1359.0,58679.5,6124.725398005581,20000217_064710
13800,KTBW20000217_115406,-12,1.000,297.718,407.35900000000004,21.17931302584938,-1141.0,54179.5,10589.656512924688,20000217_065406
13800,KTBW20000217_115957,-6,1.000,305.718,407.35900000000004,21.179391286280325,2859.0,54179.5,10589.695643140163,20000217_065957
13800,KTBW20000217_120547,0,1.000,305.718,407.35900000000004,29.467732292254848,2859.0,54179.5,14733.866146127424,20000217_070547
13800,KTBW20000217_121138,6,1.000,305.718,407.35900000000004,35.9782446794718,2859.0,54179.5,17989.122339735903,20000217_071138
13800,KTBW20000217_121729,11,1.000,305.718,389.35900000000004,35.97847013994037,2859.0,45179.5,17989.23506997019,20000217_071729
13800,KTBW20000217_122319,17,1.000,306.718,378.35900000000004,35.97847013994037,3359.0,39679.5,17989.23506997019,20000217_072319
13800,KTBW20000217_122910,23,1.000,306.718,378.35900000000004,39.80133275345668,3359.0,39679.5,19900.666376728335,20000217_072910
13800,KTBW20000217_123501,29,1.000,306.718,378.35900000000004,50.90550539335801,3359.0,39679.5,25452.752696679006,20000217_073501
13800,KTBW20000217_124052,35,1.000,306.718,378.35900000000004,50.905169114005055,3359.0,39679.5,25452.584557002527,20000217_074052
13800,KTBW20000217_124643,41,1.000,309.718,368.35900000000004,50.905169114005055,4859.0,34679.5,25452.584557002527,20000217_074643
13801,KTBW20000218_114501,-20,1.000,303.243,409.562,10.347633566937915,1621.5,55281.0,5173.8167834689575,20000218_064501
13801,KTBW20000218_115052,-14,1.000,303.243,409.562,17.737259230554614,1621.5,55281.0,8868.629615277307,20000218_065052
13801,KTBW20000218_115643,-8,1.000,293.243,393.562,17.737115973409967,-3378.5,47281.0,8868.557986704984,20000218_065643
13801,KTBW20000218_120233,-2,1.000,290.243,385.562,17.737115973409967,-4878.5,43281.0,8868.557986704984,20000218_070233
13801,KTBW20000218_120824,3,1.000,286.243,377.562,17.737115973409967,-6878.5,39281.0,8868.557986704984,20000218_070824
13801,KTBW20000218_121414,9,1.000,286.243,377.562,25.388214277224233,-6878.5,39281.0,12694.107138612117,20000218_071414
13801,KTBW20000218_122005,15,1.000,275.243,365.562,25.38808090918932,-12378.5,33281.0,12694.040454594659,20000218_072005
13801,KTBW20000218_122556,21,1.000,282.243,361.562,25.38808090918932,-8878.5,31281.0,12694.040454594659,20000218_072556
13802,KTBW20000221_113953,-22,1.000,299.934,425.41499999999996,10.20336734387182,-32.999999999987,63207.5,5101.68367193591,20000221_063953
13802,KTBW20000221_114544,-16,1.000,299.934,425.41499999999996,14.867298879984032,-32.999999999987,63207.5,7433.649439992016,20000221_064544
13802,KTBW20000221_115135,-10,1.000,299.934,425.41499999999996,25.605020635574274,-32.999999999987,63207.5,12802.510317787137,20000221_065135
13803,KTBW20000224_114024,-19,1.000,295.755,424.99,13.979951885193417,-2122.5,62995.0,6989.9759425967095,20000224_064024
13804,KTBW20000225_115419,-4,1.000,472.384,220.45299999999997,20.4511242948409,86192.0,-39273.5,10225.562147420449,20000225_065419
13804,KTBW20000225_120010,2,1.000,472.384,220.45299999999997,28.798795503086534,86192.0,-39273.5,14399.397751543267,20000225_070010
13804,KTBW20000225_120601,8,1.000,472.384,220.45299999999997,41.93162856671755,86192.0,-39273.5,20965.814283358777,20000225_070601
13804,KTBW20000225_121151,14,1.000,472.384,220.45299999999997,41.931532604249526,86192.0,-39273.5,20965.76630212476,20000225_071151
13804,KTBW20000225_121744,20,1.000,472.384,220.45299999999997,48.867195727113284,86192.0,-39273.5,24433.597863556646,20000225_071744
13804,KTBW20000225_122335,26,1.000,472.384,220.45299999999997,48.86740871319645,86192.0,-39273.5,24433.704356598224,20000225_072335
13805,KTBW20000229_113736,-16,1.000,296.357,421.35699999999997,12.440187389007201,-1821.5,61178.5,6220.093694503601,20000229_063736
13805,KTBW20000229_114327,-11,1.000,296.357,421.35699999999997,16.99288086826915,-1821.5,61178.5,8496.440434134574,20000229_064327
13805,KTBW20000229_114917,-5,1.000,296.357,421.35699999999997,30.243815185266005,-1821.5,61178.5,15121.907592633002,20000229_064917
13805,KTBW20000229_115508,2,1.000,289.357,406.35699999999997,30.24388777306306,-5321.5,53678.5,15121.94388653153,20000229_065508
13805,KTBW20000229_120123,7,1.000,289.357,405.35699999999997,30.24388777306306,-5321.5,53178.5,15121.94388653153,20000229_070123
13805,KTBW20000229_120818,14,1.000,289.357,391.35699999999997,30.24388777306306,-5321.5,46178.5,15121.94388653153,20000229_070818
13805,KTBW20000229_121408,20,1.000,288.357,386.35699999999997,30.24388777306306,-5821.5,43678.5,15121.94388653153,20000229_071408
13806,KTBW20000304_113513,-15,1.000,310.963,419.659,10.73396186620626,5481.5,60329.5,5366.980933103129,20000304_063513
13806,KTBW20000304_114104,-9,1.000,310.963,419.659,17.608270974952664,5481.5,60329.5,8804.135487476331,20000304_064104
13807,KTBW20000305_112956,-19,1.000,301.955,425.453,11.594010503715678,977.49999999999,63226.5,5797.005251857839,20000305_062956
13807,KTBW20000305_113546,-13,1.000,301.955,425.453,17.668757893701688,977.49999999999,63226.5,8834.378946850846,20000305_063546
13807,KTBW20000305_114137,-7,1.000,301.955,425.453,24.600441209264442,977.49999999999,63226.5,12300.22060463222,20000305_064137
13808,KTBW20000306_113237,-15,1.000,292.816,432.18399999999997,17.853638692040278,-3592.0,66592.0,8926.819346020138,20000306_063237
13808,KTBW20000306_113827,-10,1.000,300.816,429.18399999999997,17.853638692040278,407.99999999999,65092.0,8926.819346020138,20000306_063827
13809,KTBW20000307_113251,-14,1.000,291.123,427.85699999999997,21.415904661595416,-4438.5,64428.5,10707.952330797707,20000307_063251
13809,KTBW20000307_113842,-8,1.000,293.123,411.85699999999997,21.415904661595416,-3438.5,56428.5,10707.952330797707,20000307_063842
13810,KTBW20000307_113842,-8,1.000,493.329,217.584,23.779651239524522,96664.5,-40708.0,11889.825619762265,20000307_063842
13809,KTBW20000307_114433,-2,1.000,293.123,412.85699999999997,21.415904661595416,-3438.5,56928.5,10707.952330797707,20000307_064433
13810,KTBW20000307_114433,-2,1.000,493.329,217.584,32.520808336832175,96664.5,-40708.0,16260.404168416086,20000307_064433
13809,KTBW20000307_115024,3,1.000,288.123,399.85699999999997,21.415904661595416,-5938.5,50428.5,10707.952330797707,20000307_065024
13810,KTBW20000307_115024,3,1.000,481.329,221.584,32.52093589963033,90664.5,-38708.0,16260.467949815167,20000307_065024
13809,KTBW20000307_115615,9,1.000,288.123,399.85699999999997,21.415904661595416,-5938.5,50428.5,10707.952330797707,20000307_065615
13810,KTBW20000307_115615,9,1.000,481.329,221.584,38.56979088393211,90664.5,-38708.0,19284.895441966055,20000307_065615
13809,KTBW20000307_120205,15,1.000,288.123,399.85699999999997,29.735287396594583,-5938.5,50428.5,14867.643698297292,20000307_070205
13810,KTBW20000307_120205,15,1.000,481.329,221.584,47.637106347260854,90664.5,-38708.0,23818.55317363043,20000307_070205
13809,KTBW20000307_120756,21,1.000,281.123,393.85699999999997,29.73548805427725,-9438.5,47428.5,14867.744027138624,20000307_070756
13810,KTBW20000307_120756,21,1.000,481.329,221.584,47.63698429146927,90664.5,-38708.0,23818.492145734628,20000307_070756
13809,KTBW20000307_121347,27,1.000,277.123,381.85699999999997,29.73548805427725,-11438.5,41428.5,14867.744027138624,20000307_071347
13810,KTBW20000307_121347,27,1.000,461.329,216.584,47.63698429146927,80664.5,-41208.0,23818.492145734628,20000307_071347
13810,KTBW20000307_121938,33,1.000,454.329,218.584,47.63698429146927,77164.5,-40208.0,23818.492145734628,20000307_071938
13810,KTBW20000307_122529,38,1.000,454.329,218.584,47.63698429146927,77164.5,-40208.0,23818.492145734628,20000307_072529
13811,KTBW20000315_113023,-9,1.000,286.997,404.592,12.489432109380726,-6501.5,52796.0,6244.716054690362,20000315_063023
13811,KTBW20000315_113614,-3,1.000,286.997,404.592,20.629637765805583,-6501.5,52796.0,10314.818882902791,20000315_063614
13812,KTBW20000315_113614,-3,1.000,475.838,221.11,23.4696175774546,87919.0,-38945.0,11734.8087887273,20000315_063614
13811,KTBW20000315_114205,3,1.000,276.997,392.592,20.629376310840833,-11501.5,46796.0,10314.688155420417,20000315_064205
13812,KTBW20000315_114205,3,1.000,475.838,221.11,27.156150299594717,87919.0,-38945.0,13578.075149797356,20000315_064205
13811,KTBW20000315_114756,9,1.000,270.997,385.592,20.629376310840833,-14501.5,43296.0,10314.688155420417,20000315_064756
13812,KTBW20000315_114756,9,1.000,475.838,221.11,38.9215408988151,87919.0,-38945.0,19460.770449407555,20000315_064756
13811,KTBW20000315_115347,15,1.000,270.997,385.592,25.531170736326303,-14501.5,43296.0,12765.585368163152,20000315_065347
13812,KTBW20000315_115347,15,1.000,466.838,216.11,38.921362372966556,83419.0,-41445.0,19460.681186483278,20000315_065347
13811,KTBW20000315_115938,21,1.000,270.997,377.592,25.530959957033623,-14501.5,39296.0,12765.479978516812,20000315_065938
13812,KTBW20000315_115938,21,1.000,466.838,216.11,45.870794817222354,83419.0,-41445.0,22935.397408611178,20000315_065938
13811,KTBW20000315_120554,27,1.000,270.997,377.592,28.855982762182027,-14501.5,39296.0,14427.991381091015,20000315_070554
13811,KTBW20000315_121145,33,1.000,270.997,377.592,28.85601896366278,-14501.5,39296.0,14428.00948183139,20000315_071145
13813,KTBW20000316_112621,-12,1.000,294.258,399.449,9.682483048089907,-2871.0,50224.5,4841.241524044953,20000316_062621
13813,KTBW20000316_113212,-6,1.000,293.258,389.449,18.527387765985328,-3371.0,45224.5,9263.693882992662,20000316_063212
13813,KTBW20000316_113802,0,1.000,285.258,394.449,28.761750768172295,-7371.0,47724.5,14380.87538408615,20000316_063802
13813,KTBW20000316_114353,6,1.000,285.258,388.449,37.09124818789016,-7371.0,44724.5,18545.62409394508,20000316_064353
13813,KTBW20000316_115008,12,1.000,285.258,384.449,37.09098466781546,-7371.0,42724.5,18545.492333907732,20000316_065008
13813,KTBW20000316_115558,18,1.000,289.258,375.449,37.09098466781546,-5371.0,38224.5,18545.492333907732,20000316_065558
13813,KTBW20000316_120149,24,1.000,289.258,366.449,44.024023244707244,-5371.0,33724.5,22012.01162235362,20000316_070149
13813,KTBW20000316_120740,30,1.000,294.258,359.449,44.02408642631881,-2871.0,30224.5,22012.043213159403,20000316_070740
13814,KTBW20000317_112227,-15,1.000,313.531,419.09000000000003,13.120596835294897,6765.5,60045.0,6560.298417647448,20000317_062227
13814,KTBW20000317_112728,-10,1.000,313.531,419.09000000000003,23.666344172783525,6765.5,60045.0,11833.172086391762,20000317_062728
13814,KTBW20000317_113228,-5,1.000,320.531,419.09000000000003,23.666596458948693,10265.5,60045.0,11833.298229474347,20000317_063228
13814,KTBW20000317_113728,0,1.000,320.531,419.09000000000003,29.35719712426254,10265.5,60045.0,14678.598562131274,20000317_063728
13814,KTBW20000317_114229,5,1.000,320.531,419.09000000000003,40.13787405882227,10265.5,60045.0,20068.937029411132,20000317_064229
13814,KTBW20000317_114729,10,1.000,344.531,418.09000000000003,40.137915042475846,22265.5,59545.0,20068.957521237924,20000317_064729
13814,KTBW20000317_115229,15,1.000,344.531,418.09000000000003,40.137915042475846,22265.5,59545.0,20068.957521237924,20000317_065229
5702,KTBW20001102_112856,-13,1.000,386.456,296.811,6.908970531620808,43228.0,-1094.5,3454.4852658104037,20001102_062856
5702,KTBW20001102_113447,-7,1.000,386.456,296.811,11.238490027405044,43228.0,-1094.5,5619.245013702522,20001102_063447
5700,KTBW20001103_111822,-24,1.000,497.0,227.13600000000002,4.933694957835092,98500.0,-35932.0,2466.847478917546,20001103_061822
5700,KTBW20001103_112412,-18,1.000,495.333,229.63600000000002,12.946341683520041,97666.5,-34682.0,6473.17084176002,20001103_062412
5701,KTBW20001103_112412,-18,1.000,389.958,299.336,4.658525311924447,44979.0,168.00000000001,2329.2626559622236,20001103_062412
5700,KTBW20001103_113003,-12,1.000,495.333,229.63600000000002,19.272501282764782,97666.5,-34682.0,9636.250641382392,20001103_063003
5701,KTBW20001103_113003,-12,1.000,389.958,299.336,11.596289363697986,44979.0,168.00000000001,5798.144681848993,20001103_063003
5696,KTBW20001104_111851,-24,1.000,496.021,228.19099999999997,4.33357623258273,98010.5,-35404.5,2166.788116291365,20001104_061851
5696,KTBW20001104_112442,-18,1.000,494.021,234.19099999999997,11.277459169172673,97010.5,-32404.5,5638.729584586336,20001104_062442
5697,KTBW20001104_112442,-18,1.000,388.792,299.283,4.423455765166609,44396.0,141.50000000001,2211.7278825833046,20001104_062442
5698,KTBW20001104_112442,-18,1.000,539.071,495.071,10.517979455373494,119535.5,98035.5,5258.989727686748,20001104_062442
5697,KTBW20001104_113032,-12,1.000,388.792,299.283,10.599332238493442,44396.0,141.50000000001,5299.66611924672,20001104_063032
5698,KTBW20001104_113032,-12,1.000,539.071,495.071,13.876795272731272,119535.5,98035.5,6938.397636365637,20001104_063032
5697,KTBW20001104_113623,-7,1.000,388.792,299.283,14.79363710577634,44396.0,141.50000000001,7396.81855288817,20001104_063623
5698,KTBW20001104_113623,-7,1.000,539.071,495.071,19.523553133253188,119535.5,98035.5,9761.776566626595,20001104_063623
5699,KTBW20001104_113623,-7,1.000,436.016,450.01599999999996,8.42378634616911,68008.0,75508.0,4211.893173084555,20001104_063623
5698,KTBW20001104_114213,-1,1.000,539.071,495.071,24.94707444791545,119535.5,98035.5,12473.537223957725,20001104_064213
5699,KTBW20001104_114213,-1,1.000,436.016,450.01599999999996,13.166053409383453,68008.0,75508.0,6583.026704691726,20001104_064213
5698,KTBW20001104_114804,5,1.000,536.071,500.071,30.476621821428342,118035.5,100535.5,15238.310910714172,20001104_064804
5698,KTBW20001104_115354,11,1.000,536.071,500.071,35.30955418770235,118035.5,100535.5,17654.77709385118,20001104_065354
5698,KTBW20001104_115945,17,1.000,536.071,500.071,40.149217213746404,118035.5,100535.5,20074.6086068732,20001104_065945
5695,KTBW20001105_112405,-20,1.000,391.456,298.919,2.413218661129032,45728.0,-40.500000000009,1206.609330564516,20001105_062405
5695,KTBW20001105_113356,-10,1.000,393.317,299.617,8.808885574240039,46658.5,308.50000000001,4404.442787120019,20001105_063356
5695,KTBW20001105_114348,0,1.000,394.945,300.78,15.444618240673504,47472.5,889.99999999999,7722.309120336753,20001105_064348
5692,KTBW20001106_112626,-18,1.000,392.122,296.581,4.550669872823792,46061.0,-1209.5,2275.334936411896,20001106_062626
5693,KTBW20001106_112626,-18,1.000,442.756,445.953,6.987096586866794,71378.0,73476.5,3493.5482934333972,20001106_062626
5694,KTBW20001106_112626,-18,1.000,540.449,480.835,9.318433385888646,120224.5,90917.5,4659.216692944323,20001106_062626
5692,KTBW20001106_113617,-8,1.000,392.122,296.581,11.635193749714718,46061.0,-1209.5,5817.59687485736,20001106_063617
5693,KTBW20001106_113617,-8,1.000,442.756,445.953,15.870165183588048,71378.0,73476.5,7935.082591794025,20001106_063617
5694,KTBW20001106_113617,-8,1.000,540.449,480.835,17.203899778932204,120224.5,90917.5,8601.949889466103,20001106_063617
5693,KTBW20001106_114609,2,1.000,434.756,448.953,26.976015989526037,67378.0,74976.5,13488.007994763017,20001106_064609
5694,KTBW20001106_114609,2,1.000,540.449,480.835,26.1803711356775,120224.5,90917.5,13090.185567838751,20001106_064609
5694,KTBW20001106_115600,12,1.000,535.449,481.835,35.14841864627493,117724.5,91417.5,17574.209323137467,20001106_065600
5694,KTBW20001106_120551,22,1.000,535.449,481.835,45.52969917058553,117724.5,91417.5,22764.849585292763,20001106_070551
5690,KTBW20001107_112824,-17,1.000,388.0,287.346,5.811748853077605,44000.0,-5827.0,2905.8744265388027,20001107_062824
5691,KTBW20001107_112824,-17,1.000,440.296,440.14599999999996,10.59126584348035,70148.0,70573.0,5295.632921740175,20001107_062824
5690,KTBW20001107_113816,-7,1.000,388.0,287.346,18.22824080343286,44000.0,-5827.0,9114.120401716431,20001107_063816
5691,KTBW20001107_113816,-7,1.000,440.296,440.14599999999996,18.146413199267336,70148.0,70573.0,9073.206599633666,20001107_063816
5691,KTBW20001107_114807,3,1.000,440.296,440.14599999999996,33.38559273357998,70148.0,70573.0,16692.796366789993,20001107_064807
5691,KTBW20001107_115758,13,1.000,440.296,440.14599999999996,42.97590680111851,70148.0,70573.0,21487.953400559254,20001107_065758
5686,KTBW20001108_113027,-16,1.000,490.72,218.61,14.515544512296493,95360.0,-40195.0,7257.772256148246,20001108_063027
5687,KTBW20001108_113027,-16,1.000,387.371,290.79,4.3259710413640935,43685.5,-4105.0,2162.985520682047,20001108_063027
5688,KTBW20001108_113027,-16,1.000,439.186,443.102,12.355670206203886,69593.0,72051.0,6177.835103101944,20001108_063027
5686,KTBW20001108_114019,-6,1.000,490.72,218.61,29.460381301116914,95360.0,-40195.0,14730.19065055846,20001108_064019
5687,KTBW20001108_114019,-6,1.000,387.371,290.79,18.523873517492177,43685.5,-4105.0,9261.936758746087,20001108_064019
5688,KTBW20001108_114019,-6,1.000,439.186,443.102,27.03468649160903,69593.0,72051.0,13517.343245804515,20001108_064019
5687,KTBW20001108_115010,4,1.000,387.371,290.79,36.50059476638154,43685.5,-4105.0,18250.29738319077,20001108_065010
5688,KTBW20001108_115010,4,1.000,439.186,443.102,47.084605826981026,69593.0,72051.0,23542.302913490512,20001108_065010
5689,KTBW20001108_115010,4,1.000,556.51,479.153,51.969844785228524,128255.0,90076.5,25984.92239261427,20001108_065010
5689,KTBW20001108_120001,14,1.000,556.51,479.153,64.4126770331644,128255.0,90076.5,32206.3385165822,20001108_070001
5683,KTBW20001109_112242,-24,1.000,434.91,448.06,10.296737529013178,67455.0,74530.0,5148.368764506588,20001109_062242
5683,KTBW20001109_113233,-14,1.000,434.91,448.06,22.212725086008355,67455.0,74530.0,11106.362543004176,20001109_063233
5684,KTBW20001109_113233,-14,1.000,385.762,287.698,6.136006551399445,42881.0,-5651.0,3068.003275699723,20001109_063233
5683,KTBW20001109_114225,-5,1.000,434.91,448.06,40.833010444838756,67455.0,74530.0,20416.50522241938,20001109_064225
5684,KTBW20001109_114225,-5,1.000,385.762,287.698,21.224652407265207,42881.0,-5651.0,10612.326203632605,20001109_064225
5685,KTBW20001109_114225,-5,1.000,555.674,468.558,38.505083139953726,127837.0,84779.0,19252.541569976864,20001109_064225
5685,KTBW20001109_115216,5,1.000,555.674,468.558,53.6346179533735,127837.0,84779.0,26817.308976686756,20001109_065216
5685,KTBW20001109_120207,15,1.000,554.674,449.558,64.01954409643311,127337.0,75279.0,32009.772048216553,20001109_070207
5680,KTBW20001115_113044,-20,1.000,392.84,305.846,6.086227117968376,46420.0,3423.0,3043.113558984187,20001115_063044
5681,KTBW20001115_113044,-20,1.000,495.499,227.74900000000002,13.425236643952049,97749.5,-35625.5,6712.618321976024,20001115_063044
5682,KTBW20001115_113044,-20,1.000,437.465,456.923,6.065485687372094,68732.5,78961.5,3032.7428436860473,20001115_063044
5680,KTBW20001115_113634,-14,1.000,392.84,309.463,13.89365812703489,46420.0,5231.5,6946.829063517444,20001115_063634
5681,KTBW20001115_113634,-14,1.000,495.499,227.74900000000002,20.130415109840847,97749.5,-35625.5,10065.207554920422,20001115_063634
5682,KTBW20001115_113634,-14,1.000,437.465,456.923,13.534943832556756,68732.5,78961.5,6767.471916278378,20001115_063634
5680,KTBW20001115_114225,-9,1.000,392.84,309.463,22.657651720929874,46420.0,5231.5,11328.825860464935,20001115_064225
5681,KTBW20001115_114225,-9,1.000,495.499,227.74900000000002,32.41979847885502,97749.5,-35625.5,16209.899239427512,20001115_064225
5682,KTBW20001115_114225,-9,1.000,437.465,456.923,19.94261326029002,68732.5,78961.5,9971.306630145013,20001115_064225
5680,KTBW20001115_114815,-3,1.000,392.84,309.463,33.241480001138804,46420.0,5231.5,16620.740000569403,20001115_064815
5681,KTBW20001115_114815,-3,1.000,495.499,227.74900000000002,41.54857350617622,97749.5,-35625.5,20774.286753088112,20001115_064815
5682,KTBW20001115_114815,-3,1.000,437.465,456.923,26.684230276363312,68732.5,78961.5,13342.115138181658,20001115_064815
5680,KTBW20001115_115406,3,1.000,392.84,309.463,41.861963967765824,46420.0,5231.5,20930.98198388291,20001115_065406
5682,KTBW20001115_115406,3,1.000,437.465,456.923,31.463065095599568,68732.5,78961.5,15731.532547799781,20001115_065406
5680,KTBW20001115_115956,9,1.000,392.84,309.463,50.052349746860436,46420.0,5231.5,25026.174873430216,20001115_065956
5682,KTBW20001115_115956,9,1.000,437.465,456.923,37.22452461197749,68732.5,78961.5,18612.262305988745,20001115_065956
5680,KTBW20001115_120546,15,1.000,392.84,309.463,53.864918419742075,46420.0,5231.5,26932.45920987104,20001115_070546
5682,KTBW20001115_120546,15,1.000,437.465,456.923,38.67331019342565,68732.5,78961.5,19336.655096712824,20001115_070546
5676,KTBW20001116_112445,-27,1.000,490.822,220.921,9.535527026129708,95411.0,-39039.5,4767.763513064854,20001116_062445
5676,KTBW20001116_113436,-17,1.000,490.822,220.921,15.847622201914637,95411.0,-39039.5,7923.81110095732,20001116_063436
5677,KTBW20001116_113436,-17,1.000,390.029,310.724,10.39283949077594,45014.5,5862.0,5196.41974538797,20001116_063436
5678,KTBW20001116_113436,-17,1.000,437.447,447.447,10.726776523376046,68723.5,74223.5,5363.388261688023,20001116_063436
5676,KTBW20001116_114427,-8,1.000,490.822,220.921,23.500628959247422,95411.0,-39039.5,11750.314479623712,20001116_064427
5677,KTBW20001116_114427,-8,1.000,390.029,310.724,17.837215171183935,45014.5,5862.0,8918.607585591968,20001116_064427
5678,KTBW20001116_114427,-8,1.000,437.447,447.447,19.67143173994071,68723.5,74223.5,9835.715869970358,20001116_064427
5677,KTBW20001116_115419,2,1.000,390.029,310.724,28.155807792357987,45014.5,5862.0,14077.903896178992,20001116_065419
5678,KTBW20001116_115419,2,1.000,437.447,447.447,28.67577787335837,68723.5,74223.5,14337.888936679186,20001116_065419
5679,KTBW20001116_115419,2,1.000,539.512,474.658,24.17897702710326,119756.0,87829.0,12089.48851355163,20001116_065419
5677,KTBW20001116_120410,12,1.000,390.029,310.724,35.17691335198437,45014.5,5862.0,17588.456675992184,20001116_070410
5678,KTBW20001116_120410,12,1.000,437.447,447.447,41.82613818743017,68723.5,74223.5,20913.069093715083,20001116_070410
5679,KTBW20001116_120410,12,1.000,539.512,474.658,38.494634343397685,119756.0,87829.0,19247.31717169884,20001116_070410
5677,KTBW20001116_121401,22,1.000,390.029,310.724,48.916216205424085,45014.5,5862.0,24458.108102712038,20001116_071401
5678,KTBW20001116_121401,22,1.000,437.447,447.447,52.16353930314493,68723.5,74223.5,26081.769651572467,20001116_071401
5679,KTBW20001116_121401,22,1.000,539.512,474.658,57.84053740798503,119756.0,87829.0,28920.268703992515,20001116_071401
5675,KTBW20001117_113625,-17,1.000,393.106,306.024,3.3393703260010508,46553.0,3512.0,1669.6851630005253,20001117_063625
5671,KTBW20001118_113048,-23,1.000,489.673,232.32100000000003,6.704321749737512,94836.5,-33339.5,3352.1608748687563,20001118_063048
5672,KTBW20001118_113048,-23,1.000,389.5,314.667,3.244651126278039,44750.0,7833.5,1622.3255631390198,20001118_063048
5673,KTBW20001118_113048,-23,1.000,433.27,446.164,5.183974887030202,66635.0,73582.0,2591.9874435151014,20001118_063048
5671,KTBW20001118_113638,-17,1.000,489.673,232.32100000000003,11.32126592893948,94836.5,-33339.5,5660.63296446974,20001118_063638
5672,KTBW20001118_113638,-17,1.000,389.5,314.667,8.073746402974338,44750.0,7833.5,4036.8732014871694,20001118_063638
5673,KTBW20001118_113638,-17,1.000,433.27,446.164,13.30350385609276,66635.0,73582.0,6651.751928046379,20001118_063638
5671,KTBW20001118_114229,-12,1.000,489.673,232.32100000000003,21.414894794130397,94836.5,-33339.5,10707.447397065198,20001118_064229
5672,KTBW20001118_114229,-12,1.000,389.5,314.667,19.13156209369601,44750.0,7833.5,9565.781046848006,20001118_064229
5673,KTBW20001118_114229,-12,1.000,433.27,446.164,22.386612043757495,66635.0,73582.0,11193.306021878747,20001118_064229
5674,KTBW20001118_114229,-12,1.000,551.705,481.885,24.81104622090344,125852.5,91442.5,12405.523110451719,20001118_064229
5671,KTBW20001118_114819,-6,1.000,489.673,232.32100000000003,29.994495788025656,94836.5,-33339.5,14997.247894012828,20001118_064819
5672,KTBW20001118_114819,-6,1.000,389.5,314.667,26.0445431603429,44750.0,7833.5,13022.27158017145,20001118_064819
5673,KTBW20001118_114819,-6,1.000,433.27,446.164,31.93931731223394,66635.0,73582.0,15969.65865611697,20001118_064819
5674,KTBW20001118_114819,-6,1.000,551.705,481.885,32.45421048939942,125852.5,91442.5,16227.10524469971,20001118_064819
5671,KTBW20001118_115410,0,1.000,484.673,241.32100000000003,40.32266626362001,92336.5,-28839.5,20161.333131810003,20001118_065410
5672,KTBW20001118_115410,0,1.000,389.5,314.667,34.38229462569731,44750.0,7833.5,17191.147312848658,20001118_065410
5673,KTBW20001118_115410,0,1.000,433.27,446.164,38.831172298638045,66635.0,73582.0,19415.58614931902,20001118_065410
5674,KTBW20001118_115410,0,1.000,551.705,481.885,38.64820055709004,125852.5,91442.5,19324.100278545026,20001118_065410
5671,KTBW20001118_120000,6,1.000,484.673,241.32100000000003,45.16226548332241,92336.5,-28839.5,22581.132741661204,20001118_070000
5672,KTBW20001118_120000,6,1.000,389.5,314.667,38.4886596951195,44750.0,7833.5,19244.329847559748,20001118_070000
5673,KTBW20001118_120000,6,1.000,433.27,446.164,43.67078971232928,66635.0,73582.0,21835.39485616464,20001118_070000
5674,KTBW20001118_120000,6,1.000,551.705,481.885,45.560436789214364,125852.5,91442.5,22780.218394607185,20001118_070000
5671,KTBW20001118_120551,12,1.000,484.673,241.32100000000003,52.07600055319978,92336.5,-28839.5,26038.000276599887,20001118_070551
5672,KTBW20001118_120551,12,1.000,389.5,314.667,50.38428397265206,44750.0,7833.5,25192.14198632603,20001118_070551
5673,KTBW20001118_120551,12,1.000,433.27,446.164,50.58671875965175,66635.0,73582.0,25293.359379825873,20001118_070551
5674,KTBW20001118_120551,12,1.000,551.705,481.885,52.47308774482198,125852.5,91442.5,26236.543872410988,20001118_070551
5671,KTBW20001118_121141,18,1.000,484.673,241.32100000000003,59.065129968469705,92336.5,-28839.5,29532.564984234854,20001118_071141
5672,KTBW20001118_121141,18,1.000,389.5,314.667,55.08133649809558,44750.0,7833.5,27540.668249047787,20001118_071141
5673,KTBW20001118_121141,18,1.000,433.27,446.164,54.7791605283185,66635.0,73582.0,27389.58026415925,20001118_071141
5674,KTBW20001118_121141,18,1.000,551.705,481.885,58.68990195019458,125852.5,91442.5,29344.95097509729,20001118_071141
5671,KTBW20001118_121731,24,1.000,484.673,241.32100000000003,64.52204592635213,92336.5,-28839.5,32261.02296317607,20001118_071731
5673,KTBW20001118_121731,24,1.000,433.27,446.164,60.27540382341717,66635.0,73582.0,30137.701911708587,20001118_071731
5674,KTBW20001118_121731,24,1.000,551.705,481.885,61.453740407365096,125852.5,91442.5,30726.87020368255,20001118_071731
5671,KTBW20001118_122322,29,1.000,484.673,241.32100000000003,70.7522528574,92336.5,-28839.5,35376.126428699994,20001118_072322
5674,KTBW20001118_122322,29,1.000,551.705,481.885,67.67758640049654,125852.5,91442.5,33838.79320024826,20001118_072322
5671,KTBW20001118_122912,35,1.000,484.673,241.32100000000003,76.97391767311125,92336.5,-28839.5,38486.95883655563,20001118_072912
5670,KTBW20001119_113652,-17,1.000,435.692,442.154,12.808524774222665,67846.0,71577.0,6404.262387111332,20001119_063652
5670,KTBW20001119_114243,-11,1.000,435.692,442.154,20.162199533798002,67846.0,71577.0,10081.099766899002,20001119_064243
5670,KTBW20001119_114833,-5,1.000,435.692,442.154,29.83661644197889,67846.0,71577.0,14918.308220989447,20001119_064833
5670,KTBW20001119_115424,0,1.000,435.692,442.154,38.13302334776681,67846.0,71577.0,19066.5116738834,20001119_065424
5670,KTBW20001119_120014,6,1.000,435.692,442.154,43.67284080228577,67846.0,71577.0,21836.420401142885,20001119_070014
5670,KTBW20001119_120605,12,1.000,435.692,442.154,47.83838383446019,67846.0,71577.0,23919.1919172301,20001119_070605
5668,KTBW20001121_113749,-18,1.000,439.064,459.698,2.957036622009626,69532.0,80349.0,1478.518311004813,20001121_063749
5669,KTBW20001121_113749,-18,1.000,398.181,317.973,5.976297535808091,49090.5,9486.5,2988.1487679040456,20001121_063749
5668,KTBW20001121_114340,-12,1.000,439.064,459.698,14.208578996061417,69532.0,80349.0,7104.289498030708,20001121_064340
5669,KTBW20001121_114340,-12,1.000,398.181,317.973,16.90865960695177,49090.5,9486.5,8454.329803475885,20001121_064340
5667,KTBW20001122_113933,-17,1.000,394.007,320.046,7.139891792259388,47003.5,10523.0,3569.9458961296946,20001122_063933
5667,KTBW20001122_114523,-12,1.000,394.007,320.046,15.659584071321161,47003.5,10523.0,7829.79203566058,20001122_064523
5667,KTBW20001122_115114,-6,1.000,394.007,320.046,23.983192084947696,47003.5,10523.0,11991.596042473848,20001122_065114
5667,KTBW20001122_115705,0,1.000,394.007,320.046,32.60749457820259,47003.5,10523.0,16303.747289101295,20001122_065705
5667,KTBW20001122_120255,6,1.000,394.007,320.046,39.817203458703034,47003.5,10523.0,19908.601729351518,20001122_070255
5666,KTBW20001123_113450,-22,1.000,494.972,232.803,4.242313937959098,97486.0,-33098.5,2121.156968979549,20001123_063450
5666,KTBW20001123_114041,-16,1.000,491.623,230.12400000000002,10.941382207174975,95811.5,-34438.0,5470.691103587487,20001123_064041
5666,KTBW20001123_114632,-10,1.000,491.623,230.12400000000002,13.723443478207189,95811.5,-34438.0,6861.721739103595,20001123_064632
5666,KTBW20001123_115223,-5,1.000,494.637,229.789,17.260587165316167,97318.5,-34605.5,8630.293582658083,20001123_065223
5666,KTBW20001123_115814,1,1.000,494.637,229.789,20.6826465616166,97318.5,-34605.5,10341.3232808083,20001123_065814
5664,KTBW20001124_113551,-22,1.000,431.635,443.743,4.668896027222587,65817.5,72371.5,2334.4480136112934,20001124_063551
5664,KTBW20001124_114542,-12,1.000,431.635,443.743,20.0080850122641,65817.5,72371.5,10004.04250613205,20001124_064542
5664,KTBW20001124_115533,-2,1.000,431.635,443.743,40.6161680777054,65817.5,72371.5,20308.084038852703,20001124_065533
5665,KTBW20001124_115533,-2,1.000,533.869,469.307,38.87773750966689,116934.5,85153.5,19438.868754833446,20001124_065533
5664,KTBW20001124_120524,7,1.000,431.635,443.743,55.87263555112578,65817.5,72371.5,27936.31777556289,20001124_070524
5665,KTBW20001124_120524,7,1.000,533.869,469.307,52.801603669958496,116934.5,85153.5,26400.801834979244,20001124_070524
5664,KTBW20001124_121515,17,1.000,431.635,443.743,72.41865294377659,65817.5,72371.5,36209.3264718883,20001124_071515
5665,KTBW20001124_121515,17,1.000,533.869,469.307,69.38413261302209,116934.5,85153.5,34692.06630651104,20001124_071515
5665,KTBW20001124_122506,27,1.000,533.869,469.307,89.42660955657708,116934.5,85153.5,44713.30477828853,20001124_072506
5703,KTBW20001201_114549,-18,1.000,485.695,221.83499999999998,14.47475303212381,92847.5,-38582.5,7237.376516061904,20001201_064549
5704,KTBW20001201_114549,-18,1.000,531.963,494.37,18.93667584474378,115981.5,97685.0,9468.337922371891,20001201_064549
5705,KTBW20001201_114549,-18,1.000,302.833,420.16700000000003,2.9376779534530977,1416.5,60583.5,1468.838976726549,20001201_064549
5752,KTBW20001201_114549,-18,1.000,488.203,280.44,6.807337521699036,94101.5,-9280.0,3403.668760849518,20001201_064549
5703,KTBW20001201_115540,-8,1.000,485.695,221.83499999999998,26.20689992928449,92847.5,-38582.5,13103.449964642243,20001201_065540
5704,KTBW20001201_115540,-8,1.000,531.963,494.37,27.989920553269172,115981.5,97685.0,13994.960276634589,20001201_065540
5705,KTBW20001201_115540,-8,1.000,302.833,420.16700000000003,14.63491751200455,1416.5,60583.5,7317.458756002274,20001201_065540
5752,KTBW20001201_115540,-8,1.000,488.203,280.44,16.433909329431472,94101.5,-9280.0,8216.954664715735,20001201_065540
5703,KTBW20001201_120531,2,1.000,485.695,221.83499999999998,35.182465471477485,92847.5,-38582.5,17591.232735738744,20001201_070531
5704,KTBW20001201_120531,2,1.000,531.963,494.37,34.13997380472878,115981.5,97685.0,17069.98690236439,20001201_070531
5705,KTBW20001201_120531,2,1.000,302.833,420.16700000000003,22.23995298027211,1416.5,60583.5,11119.976490136054,20001201_070531
5752,KTBW20001201_120531,2,1.000,488.203,280.44,32.54885975210617,94101.5,-9280.0,16274.429876053084,20001201_070531
5703,KTBW20001201_121522,11,1.000,480.695,235.83499999999998,51.78993153033294,90347.5,-31582.5,25894.965765166475,20001201_071522
5704,KTBW20001201_121522,11,1.000,527.963,497.37,41.071444351871584,113981.5,99185.0,20535.722175935793,20001201_071522
5752,KTBW20001201_121522,11,1.000,488.203,280.44,40.33065114692786,94101.5,-9280.0,20165.32557346393,20001201_071522
5704,KTBW20001201_122514,21,1.000,527.963,497.37,45.88696541965457,113981.5,99185.0,22943.482709827287,20001201_072514
5719,KTBW20001202_114746,-16,1.000,485.079,224.12,10.454372401544903,92539.5,-37440.0,5227.186200772452,20001202_064746
5720,KTBW20001202_114746,-16,1.000,301.914,417.776,4.063246253811216,956.99999999999,59388.0,2031.6231269056082,20001202_064746
5719,KTBW20001202_115737,-6,1.000,485.079,224.12,18.074274058175938,92539.5,-37440.0,9037.13702908797,20001202_065737
5720,KTBW20001202_115737,-6,1.000,298.914,416.776,13.003066108476737,-543.00000000001,58888.0,6501.533054238368,20001202_065737
5720,KTBW20001202_120728,3,1.000,298.914,416.776,19.93914059964736,-543.00000000001,58888.0,9969.57029982368,20001202_070728
5720,KTBW20001202_121719,13,1.000,298.914,416.776,26.15111188224643,-543.00000000001,58888.0,13075.555941123215,20001202_071719
5720,KTBW20001202_122711,23,1.000,298.914,416.776,33.031473120433354,-543.00000000001,58888.0,16515.736560216676,20001202_072711
5720,KTBW20001202_123702,33,1.000,298.914,416.776,42.04411607751992,-543.00000000001,58888.0,21022.058038759955,20001202_073702
5722,KTBW20001203_115005,-15,1.000,301.5,426.5,7.267797280936449,750.0,63750.0,3633.8986404682237,20001203_065005
5722,KTBW20001203_115956,-5,1.000,301.5,426.5,17.714741450675852,750.0,63750.0,8857.370725337927,20001203_065956
5722,KTBW20001203_120947,5,1.000,301.5,426.5,21.912524942613114,750.0,63750.0,10956.262471306558,20001203_070947
5722,KTBW20001203_121939,15,1.000,301.5,426.5,28.257952638400795,750.0,63750.0,14128.976319200397,20001203_071939
5723,KTBW20001203_121939,15,1.000,536.459,475.661,23.99576105683612,118229.5,88330.5,11997.88052841806,20001203_071939
5722,KTBW20001203_122930,25,1.000,301.5,426.5,36.29914965144955,750.0,63750.0,18149.574825724776,20001203_072930
5723,KTBW20001203_122930,25,1.000,536.459,475.661,28.11473184589695,118229.5,88330.5,14057.365922948477,20001203_072930
5724,KTBW20001205_115333,-13,1.000,305.0,423.438,4.195300028607531,2500.0,62219.0,2097.6500143037656,20001205_065333
5724,KTBW20001205_120324,-4,1.000,305.0,423.438,9.316467477321911,2500.0,62219.0,4658.233738660955,20001205_070324
5725,KTBW20001206_114556,-21,1.000,489.2,225.928,10.721245475217037,94600.0,-36536.0,5360.622737608519,20001206_064556
5751,KTBW20001206_114556,-21,1.000,492.401,272.587,8.149999462298215,96200.5,-13206.5,4074.999731149108,20001206_064556
5725,KTBW20001206_115548,-11,1.000,489.2,225.928,21.419215912888298,94600.0,-36536.0,10709.60795644415,20001206_065548
5726,KTBW20001206_115548,-11,1.000,307.372,419.30899999999997,9.49197002187752,3686.0,60154.5,4745.985010938761,20001206_065548
5727,KTBW20001206_115548,-11,1.000,533.251,488.05899999999997,17.47050699124649,116625.5,94529.5,8735.253495623245,20001206_065548
5751,KTBW20001206_115548,-11,1.000,492.401,272.587,20.242536646577364,96200.5,-13206.5,10121.268323288683,20001206_065548
5726,KTBW20001206_120539,-1,1.000,307.372,419.30899999999997,18.96814714697991,3686.0,60154.5,9484.073573489955,20001206_070539
5727,KTBW20001206_120539,-1,1.000,533.251,488.05899999999997,25.62712176155619,116625.5,94529.5,12813.560880778094,20001206_070539
5751,KTBW20001206_120539,-1,1.000,492.401,272.587,28.572721400892735,96200.5,-13206.5,14286.360700446368,20001206_070539
5727,KTBW20001206_121530,9,1.000,533.251,488.05899999999997,38.067143126026366,116625.5,94529.5,19033.571563013185,20001206_071530
5727,KTBW20001206_122521,18,1.000,533.251,488.05899999999997,49.83489777539528,116625.5,94529.5,24917.44888769764,20001206_072521
5727,KTBW20001206_123512,28,1.000,533.251,488.05899999999997,60.88452349381385,116625.5,94529.5,30442.26174690693,20001206_073512
5727,KTBW20001206_124504,38,1.000,520.251,490.05899999999997,67.10497479549043,110125.5,95529.5,33552.48739774521,20001206_074504
5729,KTBW20001207_115007,-18,1.000,302.284,423.842,2.2103451205435523,1142.0,62421.0,1105.1725602717763,20001207_065007
5729,KTBW20001207_115557,-12,1.000,303.892,425.45,5.567651822791548,1946.0,63225.0,2783.8259113957743,20001207_065557
5729,KTBW20001207_120148,-6,1.000,305.098,427.459,9.467267325887045,2549.0,64229.5,4733.633662943522,20001207_070148
5729,KTBW20001207_120738,0,1.000,305.098,426.253,13.601434227894844,2549.0,63626.5,6800.71711394742,20001207_070738
5729,KTBW20001207_121329,5,1.000,305.098,426.253,17.231595810069408,2549.0,63626.5,8615.797905034704,20001207_071329
5729,KTBW20001207_121919,11,1.000,305.098,426.253,20.297949220250214,2549.0,63626.5,10148.974610125108,20001207_071919
5729,KTBW20001207_122510,17,1.000,305.098,426.253,25.877842937043052,2549.0,63626.5,12938.921468521525,20001207_072510
5729,KTBW20001207_123100,23,1.000,305.098,426.253,30.87088275281744,2549.0,63626.5,15435.441376408717,20001207_073100
5730,KTBW20001208_115026,-19,1.000,302.892,420.821,2.8229087041536833,1446.0,60910.5,1411.4543520768416,20001208_065026
5730,KTBW20001208_115617,-13,1.000,300.548,419.147,6.072217187725105,274.0,60073.5,3036.1085938625524,20001208_065617
5730,KTBW20001208_120207,-7,1.000,298.204,415.464,11.865100541370897,-898.0,58232.0,5932.550270685449,20001208_070207
5730,KTBW20001208_120758,-1,1.000,296.53,413.78999999999996,17.660854831072253,-1735.0,57395.0,8830.427415536127,20001208_070758
5730,KTBW20001208_121349,5,1.000,296.53,413.78999999999996,20.89793852821389,-1735.0,57395.0,10448.969264106945,20001208_071349
5730,KTBW20001208_121939,11,1.000,296.195,412.78499999999997,25.534288442486847,-1902.5,56892.5,12767.144221243421,20001208_071939
5730,KTBW20001208_122530,17,1.000,295.86,409.77099999999996,28.75533530618046,-2070.0,55385.5,14377.66765309023,20001208_072530
5730,KTBW20001208_123120,22,1.000,295.86,409.77099999999996,30.633264234347816,-2070.0,55385.5,15316.632117173907,20001208_073120
5731,KTBW20001209_114451,-24,1.000,486.734,221.35199999999998,11.030984172121482,93367.0,-38824.0,5515.492086060742,20001209_064451
5750,KTBW20001209_114451,-24,1.000,486.98,269.869,11.450207308719042,93490.0,-14565.5,5725.103654359521,20001209_064451
5731,KTBW20001209_115041,-18,1.000,486.734,221.35199999999998,17.54973259714606,93367.0,-38824.0,8774.86629857303,20001209_065041
5732,KTBW20001209_115041,-18,1.000,296.088,416.91200000000003,5.657570885645258,-1956.0,58956.0,2828.7854428226287,20001209_065041
5750,KTBW20001209_115041,-18,1.000,486.98,269.869,20.44313778521489,93490.0,-14565.5,10221.568892607444,20001209_065041
5731,KTBW20001209_115631,-12,1.000,486.734,221.35199999999998,23.075546218353665,93367.0,-38824.0,11537.773109176833,20001209_065631
5732,KTBW20001209_115631,-12,1.000,296.088,416.91200000000003,11.001423026504359,-1956.0,58956.0,5500.711513252179,20001209_065631
5750,KTBW20001209_115631,-12,1.000,486.98,269.869,29.18318495205318,93490.0,-14565.5,14591.59247602659,20001209_065631
5731,KTBW20001209_120222,-7,1.000,486.734,221.35199999999998,28.59057942706039,93367.0,-38824.0,14295.289713530197,20001209_070222
5732,KTBW20001209_120222,-7,1.000,296.088,416.91200000000003,18.606545480005177,-1956.0,58956.0,9303.272740002589,20001209_070222
5750,KTBW20001209_120222,-7,1.000,486.98,269.869,38.44395860356405,93490.0,-14565.5,19221.979301782023,20001209_070222
5732,KTBW20001209_120813,-1,1.000,296.088,416.91200000000003,26.910406365599844,-1956.0,58956.0,13455.203182799924,20001209_070813
5732,KTBW20001209_121403,5,1.000,296.088,416.91200000000003,32.466177089277174,-1956.0,58956.0,16233.088544638587,20001209_071403
5732,KTBW20001209_121954,11,1.000,296.088,416.91200000000003,39.3479236411658,-1956.0,58956.0,19673.961820582903,20001209_071954
5732,KTBW20001209_122544,17,1.000,296.088,416.91200000000003,43.51624576421526,-1956.0,58956.0,21758.12288210763,20001209_072544
5747,KTBW20001210_114515,-25,1.000,487.256,266.497,9.28813731801088,93628.0,-16251.5,4644.06865900544,20001210_064515
5748,KTBW20001210_114515,-25,1.000,486.402,218.192,10.23242946843735,93201.0,-40404.0,5116.214734218675,20001210_064515
5747,KTBW20001210_115105,-19,1.000,487.256,266.497,18.358692884724302,93628.0,-16251.5,9179.346442362152,20001210_065105
5748,KTBW20001210_115105,-19,1.000,486.402,218.192,17.402688935079578,93201.0,-40404.0,8701.34446753979,20001210_065105
5749,KTBW20001210_115105,-19,1.000,300.046,421.022,2.8042414166170313,22.999999999996,61011.0,1402.1207083085158,20001210_065105
5747,KTBW20001210_115655,-13,1.000,487.256,266.497,27.42122776438992,93628.0,-16251.5,13710.613882194957,20001210_065655
5748,KTBW20001210_115655,-13,1.000,486.402,218.192,24.718928971392632,93201.0,-40404.0,12359.464485696317,20001210_065655
5749,KTBW20001210_115655,-13,1.000,296.362,421.022,9.976692209093597,-1819.0,61011.0,4988.346104546798,20001210_065655
5747,KTBW20001210_120246,-7,1.000,487.256,266.497,32.82497803558667,93628.0,-16251.5,16412.489017793334,20001210_070246
5748,KTBW20001210_120246,-7,1.000,486.402,218.192,29.914208856193728,93201.0,-40404.0,14957.104428096865,20001210_070246
5749,KTBW20001210_120246,-7,1.000,296.362,421.022,16.45824164504105,-1819.0,61011.0,8229.120822520525,20001210_070246
5748,KTBW20001210_120837,-1,1.000,486.402,218.192,36.08754831863543,93201.0,-40404.0,18043.774159317716,20001210_070837
5749,KTBW20001210_120837,-1,1.000,296.362,421.022,23.403086924409468,-1819.0,61011.0,11701.543462204736,20001210_070837
5748,KTBW20001210_121428,4,1.000,486.402,218.192,43.81430874318941,93201.0,-40404.0,21907.154371594705,20001210_071428
5749,KTBW20001210_121428,4,1.000,296.362,421.022,29.192436749342665,-1819.0,61011.0,14596.218374671333,20001210_071428
5748,KTBW20001210_122018,10,1.000,486.402,218.192,50.951855130965285,93201.0,-40404.0,25475.92756548264,20001210_072018
5749,KTBW20001210_122018,10,1.000,296.362,421.022,35.9127843635526,-1819.0,61011.0,17956.3921817763,20001210_072018
5749,KTBW20001210_122609,16,1.000,296.362,421.022,42.62162608968697,-1819.0,61011.0,21310.813044843482,20001210_072609
5749,KTBW20001210_123159,22,1.000,296.362,421.022,49.56795368071547,-1819.0,61011.0,24783.97684035774,20001210_073159
5753,KTBW20001211_115125,-20,1.000,486.739,214.197,9.694544660701187,93369.5,-42401.5,4847.272330350594,20001211_065125
5754,KTBW20001211_115125,-20,1.000,487.568,267.943,8.100220028867145,93784.0,-15528.5,4050.1100144335724,20001211_065125
5753,KTBW20001211_115716,-14,1.000,486.739,214.197,20.192716637844374,93369.5,-42401.5,10096.358318922186,20001211_065716
5754,KTBW20001211_115716,-14,1.000,487.568,267.943,16.558393168907088,93784.0,-15528.5,8279.196584453543,20001211_065716
5755,KTBW20001211_115716,-14,1.000,300.722,415.83299999999997,5.487491154755764,360.99999999999,58416.5,2743.745577377882,20001211_065716
5753,KTBW20001211_120307,-8,1.000,486.739,214.197,24.339900942225075,93369.5,-42401.5,12169.950471112536,20001211_070307
5754,KTBW20001211_120307,-8,1.000,487.568,267.943,21.4162999056562,93784.0,-15528.5,10708.1499528281,20001211_070307
5755,KTBW20001211_120307,-8,1.000,300.722,415.83299999999997,13.050724176802717,360.99999999999,58416.5,6525.362088401361,20001211_070307
5755,KTBW20001211_120857,-2,1.000,300.722,415.83299999999997,20.644887003539516,360.99999999999,58416.5,10322.443501769758,20001211_070857
5755,KTBW20001211_121448,4,1.000,300.722,415.83299999999997,29.627101969139815,360.99999999999,58416.5,14813.550984569907,20001211_071448
5755,KTBW20001211_122039,10,1.000,300.722,415.83299999999997,37.22960115650168,360.99999999999,58416.5,18614.80057825084,20001211_072039
5755,KTBW20001211_122629,15,1.000,300.722,415.83299999999997,43.470084311352906,360.99999999999,58416.5,21735.042155676452,20001211_072629
5755,KTBW20001211_123220,21,1.000,300.722,415.83299999999997,48.334373288543446,360.99999999999,58416.5,24167.18664427173,20001211_073220
5756,KTBW20001212_115151,-19,1.000,305.75,415.0,5.533813683087455,2875.0,58000.0,2766.9068415437278,20001212_065151
5756,KTBW20001212_115742,-13,1.000,305.75,415.0,10.406662426023066,2875.0,58000.0,5203.331213011533,20001212_065742
5756,KTBW20001212_120332,-7,1.000,305.75,415.0,19.421070061582796,2875.0,58000.0,9710.535030791398,20001212_070332
5756,KTBW20001212_120923,-2,1.000,305.75,415.0,29.814178185288867,2875.0,58000.0,14907.089092644434,20001212_070923
5756,KTBW20001212_121513,4,1.000,305.75,415.0,41.51201858229182,2875.0,58000.0,20756.00929114591,20001212_071513
5756,KTBW20001212_122103,10,1.000,305.75,415.0,50.47347809178007,2875.0,58000.0,25236.739045890037,20001212_072103
5756,KTBW20001212_122654,16,1.000,305.75,415.0,62.91780959563696,2875.0,58000.0,31458.904797818483,20001212_072654
5756,KTBW20001212_123244,22,1.000,305.75,415.0,70.52277038307142,2875.0,58000.0,35261.38519153571,20001212_073244
5756,KTBW20001212_123834,28,1.000,305.75,415.0,78.81914195716115,2875.0,58000.0,39409.570978580574,20001212_073834
5756,KTBW20001212_124425,33,1.000,305.75,415.0,87.80692062044331,2875.0,58000.0,43903.46031022165,20001212_074425
5764,KTBW20001213_115751,-14,1.000,293.545,416.818,5.5096153473917955,-3227.5,58909.0,2754.807673695898,20001213_065751
5764,KTBW20001213_120341,-8,1.000,293.545,416.818,9.558680757887398,-3227.5,58909.0,4779.340378943699,20001213_070341
5765,KTBW20001213_120341,-8,1.000,509.503,520.685,17.070199256904395,104751.5,110842.5,8535.099628452197,20001213_070341
5764,KTBW20001213_120932,-2,1.000,293.545,416.818,11.633749677687561,-3227.5,58909.0,5816.874838843782,20001213_070932
5765,KTBW20001213_120932,-2,1.000,511.503,515.685,26.075242763290944,105751.5,108342.5,13037.621381645471,20001213_070932
5764,KTBW20001213_121522,3,1.000,293.545,416.818,15.812053957430297,-3227.5,58909.0,7906.026978715149,20001213_071522
5765,KTBW20001213_121522,3,1.000,505.503,510.685,28.822266167442326,102751.5,105842.5,14411.13308372116,20001213_071522
5764,KTBW20001213_122112,9,1.000,293.545,416.818,19.952831590355125,-3227.5,58909.0,9976.415795177561,20001213_072112
5765,KTBW20001213_122112,9,1.000,501.503,506.685,35.05792817360421,100751.5,103842.5,17528.964086802105,20001213_072112
5764,KTBW20001213_122703,15,1.000,293.545,416.818,25.477668718712042,-3227.5,58909.0,12738.83435935602,20001213_072703
5765,KTBW20001213_122703,15,1.000,501.503,506.685,42.02628667418217,100751.5,103842.5,21013.143337091085,20001213_072703
5764,KTBW20001213_123254,21,1.000,293.545,416.818,29.620639348909705,-3227.5,58909.0,14810.319674454853,20001213_073254
5765,KTBW20001213_123254,21,1.000,501.503,506.685,48.930417538663846,100751.5,103842.5,24465.208769331923,20001213_073254
5764,KTBW20001213_123844,27,1.000,293.545,416.818,35.869165474291414,-3227.5,58909.0,17934.58273714571,20001213_073844
5765,KTBW20001213_123844,27,1.000,501.503,506.685,58.558589621456925,100751.5,103842.5,29279.29481072847,20001213_073844
5764,KTBW20001213_124434,33,1.000,293.545,416.818,40.667394491997165,-3227.5,58909.0,20333.69724599859,20001213_074434
5765,KTBW20001213_124434,33,1.000,501.503,506.685,67.53824630760634,100751.5,103842.5,33769.12315380317,20001213_074434
5806,KTBW20001214_115715,-16,1.000,298.836,413.951,6.492067776635583,-581.99999999999,57475.5,3246.0338883177915,20001214_065715
5806,KTBW20001214_120305,-10,1.000,298.836,413.951,12.500836053947312,-581.99999999999,57475.5,6250.418026973656,20001214_070305
5806,KTBW20001214_120855,-4,1.000,298.836,413.951,22.277121478124336,-581.99999999999,57475.5,11138.56073906217,20001214_070855
5806,KTBW20001214_121446,2,1.000,298.836,413.951,29.22304328077502,-581.99999999999,57475.5,14611.521640387513,20001214_071446
5806,KTBW20001214_122036,8,1.000,298.836,413.951,38.68362561834202,-581.99999999999,57475.5,19341.812809171013,20001214_072036
5807,KTBW20001214_122036,8,1.000,505.774,516.315,25.475316439370747,102887.0,108657.5,12737.658219685374,20001214_072036
5806,KTBW20001214_122626,13,1.000,298.836,413.951,45.60437094765645,-581.99999999999,57475.5,22802.185473828224,20001214_072626
5807,KTBW20001214_122626,13,1.000,505.774,516.315,27.186911865613016,102887.0,108657.5,13593.455932806506,20001214_072626
5806,KTBW20001214_123217,19,1.000,298.836,413.951,54.585340665449955,-581.99999999999,57475.5,27292.670332724974,20001214_073217
5807,KTBW20001214_123217,19,1.000,505.774,516.315,30.777548892368927,102887.0,108657.5,15388.774446184467,20001214_073217
5806,KTBW20001214_123807,25,1.000,298.836,413.951,61.50429840955205,-581.99999999999,57475.5,30752.149204776026,20001214_073807
5806,KTBW20001214_124358,31,1.000,298.836,413.951,66.34358145309918,-581.99999999999,57475.5,33171.79072654959,20001214_074358
5806,KTBW20001214_124948,37,1.000,298.836,413.951,69.10431734006278,-581.99999999999,57475.5,34552.15867003139,20001214_074948
5793,KTBW20001215_115142,-21,1.000,299.202,421.73199999999997,2.69915150159588,-399.0,61366.0,1349.5757507979401,20001215_065142
5793,KTBW20001215_115732,-15,1.000,297.341,420.337,7.362673235166809,-1329.5,60668.5,3681.3366175834044,20001215_065732
5793,KTBW20001215_120323,-10,1.000,295.248,416.151,12.337508306599686,-2376.0,58575.5,6168.754153299844,20001215_070323
5793,KTBW20001215_120914,-4,1.000,293.62,411.5,16.196496635455134,-3190.0,56250.0,8098.248317727566,20001215_070914
5803,KTBW20001215_120914,-4,1.000,501.611,524.826,16.454288875485474,100805.5,112913.0,8227.144437742736,20001215_070914
5793,KTBW20001215_121504,2,1.000,290.131,408.942,20.384692512129522,-4934.5,54971.0,10192.346256064762,20001215_071504
5801,KTBW20001215_121504,2,1.000,472.399,212.233,16.54949337421224,86199.5,-43383.5,8274.74668710612,20001215_071504
5802,KTBW20001215_121504,2,1.000,473.1,266.214,17.862581930330148,86550.0,-16393.0,8931.290965165073,20001215_071504
5803,KTBW20001215_121504,2,1.000,497.291,521.946,20.41705796908401,98645.5,111473.0,10208.528984542005,20001215_071504
5793,KTBW20001215_122054,8,1.000,286.642,405.919,25.20223968458961,-6679.0,53459.5,12601.119842294804,20001215_072054
5801,KTBW20001215_122054,8,1.000,475.279,205.03300000000002,20.494607572184087,87639.5,-46983.5,10247.303786092043,20001215_072054
5802,KTBW20001215_122054,8,1.000,465.9,256.134,27.724378897027357,82950.0,-21433.0,13862.189448513678,20001215_072054
5803,KTBW20001215_122054,8,1.000,494.411,514.746,26.402458387024456,97205.5,107873.0,13201.229193512228,20001215_072054
5793,KTBW20001215_122645,14,1.000,287.982,400.56100000000004,29.29528417758403,-6009.0,50780.5,14647.642088792012,20001215_072645
5803,KTBW20001215_122645,14,1.000,494.411,514.746,36.36462841199312,97205.5,107873.0,18182.314205996558,20001215_072645
5793,KTBW20001215_123236,20,1.000,287.982,400.56100000000004,35.77604727774869,-6009.0,50780.5,17888.023638874347,20001215_073236
5803,KTBW20001215_123236,20,1.000,494.411,514.746,44.325937848532114,97205.5,107873.0,22162.968924266057,20001215_073236
5793,KTBW20001215_123826,25,1.000,287.982,400.56100000000004,42.72173104792404,-6009.0,50780.5,21360.865523962024,20001215_073826
5803,KTBW20001215_123826,25,1.000,494.411,514.746,46.316447874875564,97205.5,107873.0,23158.223937437782,20001215_073826
5793,KTBW20001215_124417,31,1.000,287.982,400.56100000000004,49.21018571923513,-6009.0,50780.5,24605.09285961757,20001215_074417
5793,KTBW20001215_125007,37,1.000,287.982,400.56100000000004,55.22970448677204,-6009.0,50780.5,27614.85224338602,20001215_075007
5804,KTBW20001216_114606,-28,1.000,300.731,418.885,2.6922376913971204,365.5,59942.5,1346.11884569856,20001216_064606
5804,KTBW20001216_115157,-22,1.000,300.731,418.885,9.61312007423446,365.5,59942.5,4806.560037117231,20001216_065157
5804,KTBW20001216_115748,-16,1.000,300.731,418.885,19.285783077999486,365.5,59942.5,9642.891538999744,20001216_065748
5804,KTBW20001216_120338,-10,1.000,300.731,418.885,32.41593264157706,365.5,59942.5,16207.966320788531,20001216_070338
5804,KTBW20001216_120928,-5,1.000,300.731,418.885,37.94690303540439,365.5,59942.5,18973.451517702197,20001216_070928
5805,KTBW20001216_120928,-5,1.000,511.5,517.5,24.604811939894677,105750.0,109250.0,12302.40596994734,20001216_070928
5804,KTBW20001216_121518,1,1.000,300.731,418.885,46.298218289791336,365.5,59942.5,23149.109144895665,20001216_071518
5805,KTBW20001216_121518,1,1.000,511.5,517.5,33.53376132648661,105750.0,109250.0,16766.880663243304,20001216_071518
5804,KTBW20001216_122109,7,1.000,300.731,418.885,49.70766813679132,365.5,59942.5,24853.83406839566,20001216_072109
5805,KTBW20001216_122109,7,1.000,511.5,517.5,43.21269648216656,105750.0,109250.0,21606.34824108328,20001216_072109
5804,KTBW20001216_122659,13,1.000,300.731,418.885,52.465778329350314,365.5,59942.5,26232.889164675154,20001216_072659
5805,KTBW20001216_122659,13,1.000,511.5,517.5,55.708752340464564,105750.0,109250.0,27854.376170232277,20001216_072659
5804,KTBW20001216_123250,19,1.000,300.731,418.885,57.30541762943091,365.5,59942.5,28652.708814715457,20001216_073250
5805,KTBW20001216_123250,19,1.000,511.5,517.5,63.26230782119233,105750.0,109250.0,31631.153910596164,20001216_073250
5805,KTBW20001216_123840,25,1.000,511.5,517.5,68.81412227972207,105750.0,109250.0,34407.061139861034,20001216_073840
5808,KTBW20001220_120029,-16,1.000,302.737,422.842,2.7046825497548883,1368.5,61921.0,1352.3412748774442,20001220_070029
5808,KTBW20001220_120619,-10,1.000,302.737,422.842,6.115894639869112,1368.5,61921.0,3057.947319934556,20001220_070619
5808,KTBW20001220_121209,-4,1.000,302.737,422.842,14.436196834233714,1368.5,61921.0,7218.098417116857,20001220_071209
5808,KTBW20001220_121800,2,1.000,302.737,422.842,22.032265472676706,1368.5,61921.0,11016.132736338353,20001220_071800
5809,KTBW20001221_120131,-14,1.000,305.0,422.75,3.5633777764408725,2500.0,61875.0,1781.6888882204364,20001221_070131
5809,KTBW20001221_121122,-5,1.000,305.0,422.75,8.92290087194269,2500.0,61875.0,4461.4504359713455,20001221_071122
5809,KTBW20001221_122113,5,1.000,305.0,422.75,13.724609832421407,2500.0,61875.0,6862.304916210705,20001221_072113
5809,KTBW20001221_123104,15,1.000,305.0,422.75,19.985127496912227,2500.0,61875.0,9992.563748456114,20001221_073104
5810,KTBW20001222_120511,-12,1.000,307.022,424.19100000000003,7.769739901366419,3511.0,62595.5,3884.86995068321,20001222_070511
5810,KTBW20001222_121502,-2,1.000,307.022,424.19100000000003,16.781014692149636,3511.0,62595.5,8390.507346074819,20001222_071502
5810,KTBW20001222_122454,8,1.000,307.022,424.19100000000003,26.4399231403522,3511.0,62595.5,13219.9615701761,20001222_072454
5811,KTBW20001222_122454,8,1.000,503.106,533.866,12.674396856366721,101553.0,117433.0,6337.19842818336,20001222_072454
5810,KTBW20001222_123445,18,1.000,313.022,427.19100000000003,31.25151547846461,6511.0,64095.5,15625.757739232307,20001222_073445
5811,KTBW20001222_123445,18,1.000,503.106,533.866,17.89393979604654,101553.0,117433.0,8946.96989802327,20001222_073445
5929,KTBW20001225_120053,-17,1.000,297.156,430.08000000000004,4.203596600846043,-1422.0,65540.0,2101.7983004230214,20001225_070053
5930,KTBW20001226_115243,-26,1.000,490.621,284.109,10.500694929876596,95310.5,-7445.5,5250.347464938298,20001226_065243
5930,KTBW20001226_120234,-16,1.000,490.621,284.109,26.451207071623116,95310.5,-7445.5,13225.603535811557,20001226_070234
5930,KTBW20001226_121225,-7,1.000,490.621,284.109,46.54669262730579,95310.5,-7445.5,23273.34631365289,20001226_071225
5931,KTBW20001226_123207,13,1.000,482.969,535.699,44.73733970673074,91484.5,118349.5,22368.66985336537,20001226_073207
5931,KTBW20001226_124158,23,1.000,482.969,535.699,65.4730947092847,91484.5,118349.5,32736.547354642345,20001226_074158
5934,KTBW20001227_120213,-17,1.000,297.813,420.094,10.436396495028129,-1093.5,60547.0,5218.198247514064,20001227_070213
5934,KTBW20001227_121204,-7,1.000,297.813,420.094,21.498190199700556,-1093.5,60547.0,10749.095099850278,20001227_071204
5934,KTBW20001227_122155,3,1.000,297.813,420.094,33.28564008571321,-1093.5,60547.0,16642.82004285661,20001227_072155
5935,KTBW20001227_122155,3,1.000,518.644,525.907,34.517486570542566,109322.0,113453.5,17258.743285271285,20001227_072155
5934,KTBW20001227_123146,13,1.000,297.813,420.094,42.29666454793135,-1093.5,60547.0,21148.332273965672,20001227_073146
5935,KTBW20001227_123146,13,1.000,518.644,525.907,48.34146466126775,109322.0,113453.5,24170.732330633877,20001227_073146
5935,KTBW20001227_124137,23,1.000,518.644,525.907,55.994271350674225,109322.0,113453.5,27997.13567533711,20001227_074137
5936,KTBW20001229_120917,-11,1.000,305.537,424.164,7.107396884325216,2768.5,62582.0,3553.6984421626084,20001229_070917
5936,KTBW20001229_121508,-5,1.000,305.537,424.164,14.637097335161394,2768.5,62582.0,7318.548667580698,20001229_071508
5936,KTBW20001229_122058,1,1.000,305.537,424.164,20.18879062221487,2768.5,62582.0,10094.395311107435,20001229_072058
5937,KTBW20001230_121141,-8,1.000,305.457,427.022,9.701458470899947,2728.5,64011.0,4850.729235449973,20001230_071141
5937,KTBW20001230_122132,2,1.000,305.457,427.022,18.686269520517346,2728.5,64011.0,9343.134760258672,20001230_072132
5937,KTBW20001230_123123,11,1.000,305.457,427.022,27.0001535321218,2728.5,64011.0,13500.076766060902,20001230_073123
