track_id,filename,from_sunrise,det_score,x,y,r,lon,lat,radius,local_time
7,KDTX20150401_115824_V06,42,0.157,484.17,514.020264,48.830833,-82.36,41.730940,24415.416718,20150401_075824
7,KDTX20150401_120805_V06,52,0.114,499.50,519.865835,65.887074,-82.27,41.703693,32943.537002,20150401_080805
7,KDTX20150401_121748_V06,61,-1.000,512.51,524.829056,81.178788,-82.20,41.680500,40589.393848,20150401_081748
7,KDTX20150401_122731_V06,71,0.317,489.38,507.418732,41.818672,-82.33,41.760345,20909.336090,20150401_082731
1,KDTX20150401_105024_V06,-26,0.563,469.44,340.220459,6.614304,-82.44,42.514038,3307.151794,20150401_065024
3,KDTX20150401_105024_V06,-26,0.158,290.78,345.696899,7.145435,-83.53,42.494022,3572.717667,20150401_065024
6,KDTX20150401_110007_V06,-16,0.127,550.45,407.149841,27.374794,-81.96,42.207334,13687.397003,20150401_070007
9,KDTX20150401_122731_V06,71,0.200,457.55,479.133667,12.198044,-82.52,41.889422,6099.021912,20150401_082731
11,KDTX20150402_121626_V06,62,0.139,396.91,320.492584,11.560120,-82.88,42.605959,5780.059814,20150402_081626
7,KDTX20150403_104319_V06,-30,0.169,416.45,307.420288,12.012115,-82.76,42.664119,6006.057739,20150403_064319
7,KDTX20150403_104814_V06,-25,0.217,416.71,308.270053,18.446987,-82.76,42.660284,9223.493273,20150403_064814
7,KDTX20150403_105310_V06,-20,0.146,409.93,317.284992,24.168892,-82.80,42.619959,12084.446098,20150403_065310
7,KDTX20150403_105805_V06,-15,0.144,415.89,313.979662,24.139437,-82.77,42.634618,12069.718651,20150403_065805
7,KDTX20150403_110300_V06,-10,-1.000,418.11,314.175718,26.100295,-82.75,42.633651,13050.147401,20150403_070300
7,KDTX20150403_110756_V06,-6,0.213,411.60,295.153015,12.385193,-82.79,42.719511,6192.596436,20150403_070756
7,KDTX20150403_111250_V06,-1,0.192,413.32,306.157440,6.720917,-82.78,42.669919,3360.458374,20150403_071250
10,KDTX20150403_105310_V06,-20,0.285,143.84,155.116119,21.076326,-84.43,43.347781,10538.163185,20150403_065310
10,KDTX20150403_105805_V06,-15,0.296,148.61,158.963904,30.167341,-84.40,43.330707,15083.670366,20150403_065805
17,KDTX20150403_105805_V06,-15,0.328,309.73,456.963379,26.624954,-83.41,41.993172,13312.477112,20150403_065805
17,KDTX20150403_110300_V06,-10,0.206,310.26,457.217284,31.707373,-83.41,41.992027,15853.686456,20150403_070300
19,KDTX20150403_105805_V06,-15,0.108,389.08,446.758667,10.864868,-82.93,42.037853,5432.434082,20150403_065805
19,KDTX20150403_110300_V06,-10,0.136,387.85,445.079770,17.964646,-82.94,42.045445,8982.322982,20150403_070300
35,KDTX20150403_120207_V06,49,0.201,291.85,575.960327,24.700094,-83.52,41.457482,12350.047112,20150403_080207
35,KDTX20150403_120702_V06,54,0.246,291.22,576.179779,30.110500,-83.52,41.456493,15055.250087,20150403_080702
8,KDTX20150403_104319_V06,-30,0.152,466.87,526.889038,32.467327,-82.47,41.673980,16233.663559,20150403_064319
9,KDTX20150403_104319_V06,-30,0.121,183.71,174.898773,49.556664,-84.19,43.260545,24778.331757,20150403_064319
11,KDTX20150403_105310_V06,-20,0.221,403.93,581.331116,19.811487,-82.85,41.431606,9905.743599,20150403_065310
14,KDTX20150403_105310_V06,-20,0.102,400.16,393.885132,11.504242,-82.86,42.275514,5752.120972,20150403_065310
21,KDTX20150403_110300_V06,-10,0.419,270.66,486.155060,3.299881,-83.65,41.861641,1649.940491,20150403_070300
27,KDTX20150403_112242_V06,9,0.265,414.70,289.616638,10.557587,-82.77,42.744315,5278.793335,20150403_072242
28,KDTX20150403_112737_V06,14,0.246,538.65,581.275940,21.491520,-82.04,41.424559,10745.759964,20150403_072737
29,KDTX20150403_113233_V06,19,0.381,290.29,524.866638,23.317341,-83.53,41.687495,11658.670425,20150403_073233
29,KDTX20150403_113729_V06,24,0.405,299.76,527.874573,9.157271,-83.47,41.673969,4578.635693,20150403_073729
30,KDTX20150403_113233_V06,19,0.111,147.97,159.537079,26.718069,-84.41,43.328096,13359.034538,20150403_073233
31,KDTX20150403_113729_V06,24,0.449,292.49,577.219543,24.027504,-83.52,41.451815,12013.751984,20150403_073729
39,KDTX20150403_122646_V06,73,0.100,222.01,526.466003,3.196144,-83.94,41.679343,1598.072052,20150403_082646
23,KDTX20150404_110100_V06,-10,0.115,289.45,343.055023,11.533649,-83.54,42.505909,5766.824722,20150404_070100
95,KDTX20150405_120316_V06,54,0.270,42.31,361.494598,51.069244,-85.04,42.412200,25534.622192,20150405_080316
95,KDTX20150405_120839_V06,59,-1.000,42.31,361.494598,59.019244,-85.04,42.412200,29509.622192,20150405_080839
95,KDTX20150405_121429_V06,65,-1.000,42.31,361.494598,68.559244,-85.04,42.412200,34279.622192,20150405_081429
95,KDTX20150405_122019_V06,71,0.138,60.39,357.858002,81.667556,-84.93,42.430019,40833.777948,20150405_082019
95,KDTX20150405_122542_V06,76,0.209,72.54,368.804197,82.021508,-84.85,42.381674,41010.754090,20150405_082542
95,KDTX20150405_123132_V06,82,0.379,81.51,382.472913,81.432950,-84.80,42.320803,40716.474928,20150405_083132
95,KDTX20150405_123722_V06,88,0.430,82.70,392.520430,81.019953,-84.79,42.275667,40509.976591,20150405_083722
93,KDTX20150405_115725_V06,48,0.101,426.04,513.771423,32.523563,-82.71,41.734930,16261.781693,20150405_075725
93,KDTX20150405_120316_V06,54,0.735,435.24,516.271410,36.232040,-82.66,41.723294,18116.019866,20150405_080316
93,KDTX20150405_120839_V06,59,-1.000,441.81,518.057115,40.016666,-82.62,41.714966,20008.332847,20150405_080839
93,KDTX20150405_121429_V06,65,0.296,431.43,523.897461,30.121288,-82.68,41.689126,15060.644150,20150405_081429
93,KDTX20150405_122019_V06,71,0.796,440.72,527.117538,35.392480,-82.63,41.674229,17696.240162,20150405_082019
93,KDTX20150405_122542_V06,76,0.799,455.87,526.584473,29.665909,-82.54,41.675915,14832.954407,20150405_082542
93,KDTX20150405_123132_V06,82,0.595,463.96,528.395198,36.918070,-82.49,41.667353,18459.034988,20150405_083132
25,KDTX20150405_104408_V06,-25,0.721,471.55,547.653931,43.486866,-82.44,41.580258,21743.432999,20150405_064408
32,KDTX20150405_104930_V06,-20,0.297,302.40,292.558929,6.322647,-83.46,42.733211,3161.323547,20150405_064930
38,KDTX20150405_105521_V06,-14,0.643,521.35,556.459595,44.762974,-82.15,41.537519,22381.486893,20150405_065521
38,KDTX20150405_110110_V06,-8,0.289,531.13,554.239075,39.883114,-82.09,41.546813,19941.556931,20150405_070110
45,KDTX20150405_105521_V06,-14,0.108,26.49,456.711853,28.408030,-85.12,41.982349,14204.014778,20150405_065521
46,KDTX20150405_110110_V06,-8,0.646,43.15,379.242065,49.115005,-85.03,42.332403,24557.502747,20150405_070110
72,KDTX20150405_112231_V06,13,0.226,430.15,509.850464,16.341629,-82.69,41.752412,8170.814514,20150405_072231
73,KDTX20150405_112231_V06,13,0.168,360.65,327.131500,3.293900,-83.10,42.577004,1646.949768,20150405_072231
75,KDTX20150405_112231_V06,13,0.113,262.89,350.132294,23.987411,-83.70,42.473848,11993.705750,20150405_072231
86,KDTX20150405_115136_V06,42,0.287,28.92,133.326385,31.003855,-85.15,43.437720,15501.927376,20150405_075136
91,KDTX20150405_115725_V06,48,0.128,443.97,564.761414,29.003126,-82.61,41.504628,14501.563072,20150405_075725
102,KDTX20150405_120839_V06,59,0.383,461.49,521.772461,33.643753,-82.50,41.697292,16821.876526,20150405_080839
39,KDTX20150406_122526_V06,78,0.215,166.61,189.655884,38.933784,-84.29,43.193431,19466.892242,20150406_082526
39,KDTX20150406_123508_V06,88,0.238,165.31,181.572191,44.675643,-84.30,43.229752,22337.821579,20150406_083508
38,KDTX20150406_121544_V06,68,0.133,264.62,328.194183,2.806305,-83.69,42.572614,1403.152466,20150406_081544
42,KDTX20150407_105637_V06,-10,0.223,296.90,344.304260,6.335693,-83.49,42.500302,3167.846680,20150407_065637
42,KDTX20150407_110340_V06,-3,0.107,297.60,344.466948,13.188343,-83.49,42.499571,6594.171305,20150407_070340
49,KDTX20150407_110340_V06,-3,0.104,179.89,45.734192,39.536583,-84.22,43.841645,19768.291473,20150407_070340
49,KDTX20150407_110836_V06,2,0.267,183.41,47.679100,45.074172,-84.20,43.833032,22537.086187,20150407_070836
54,KDTX20150407_112326_V06,17,0.163,212.12,95.361877,13.063171,-84.02,43.619437,6531.585693,20150407_072326
54,KDTX20150407_112822_V06,22,0.636,215.05,96.486630,18.371822,-84.00,43.614459,9185.910778,20150407_072822
54,KDTX20150407_113414_V06,28,0.348,232.21,98.581818,14.622772,-83.89,43.605465,7311.386108,20150407_073414
54,KDTX20150407_113937_V06,33,0.138,244.03,100.672058,12.997887,-83.82,43.596301,6498.943329,20150407_073937
56,KDTX20150407_112822_V06,22,0.521,333.95,310.457642,16.189896,-83.26,42.652463,8094.947815,20150407_072822
56,KDTX20150407_113414_V06,28,0.123,341.12,307.705564,28.413216,-83.22,42.664763,14206.607943,20150407_073414
40,KDTX20150407_104149_V06,-25,0.277,263.15,343.382416,3.113190,-83.70,42.504233,1556.594849,20150407_064149
41,KDTX20150407_104645_V06,-20,0.125,384.23,124.409088,24.966507,-82.95,43.488823,12483.253479,20150407_064645
48,KDTX20150407_110340_V06,-3,0.124,177.51,88.515198,14.284676,-84.23,43.649039,7142.337799,20150407_070340
51,KDTX20150407_111331_V06,7,0.240,397.74,463.926086,12.576920,-82.88,41.960316,6288.459778,20150407_071331
60,KDTX20150407_112822_V06,22,0.128,70.41,100.714020,7.368134,-84.89,43.587891,3684.067249,20150407_072822
65,KDTX20150407_113937_V06,33,0.188,455.74,391.486877,26.537308,-82.53,42.284018,13268.653870,20150407_073937
72,KDTX20150407_120134_V06,55,0.307,530.12,477.633911,7.762058,-82.09,41.891680,3881.029129,20150407_080134
73,KDTX20150407_120134_V06,55,0.169,473.44,519.483826,35.895782,-82.43,41.706958,17947.891235,20150407_080134
78,KDTX20150407_121313_V06,67,0.147,534.97,513.129700,32.586300,-82.06,41.731561,16293.149948,20150407_081313
53,KDTX20150408_105740_V06,-7,0.385,479.88,424.816254,11.102882,-82.38,42.132702,5551.441193,20150408_065740
56,KDTX20150408_105740_V06,-7,0.119,88.90,286.397827,15.561333,-84.76,42.753690,7780.666351,20150408_065740
89,KDTX20150408_115813_V06,54,0.418,28.97,282.853760,14.969345,-85.13,42.764935,7484.672546,20150408_075813
90,KDTX20150408_115813_V06,54,0.234,498.60,445.015015,6.557281,-82.27,42.040654,3278.640747,20150408_075813
56,KDTX20150410_103721_V06,-24,0.142,255.62,263.092987,3.250740,-83.74,42.865514,1625.370026,20150410_063721
56,KDTX20150410_104217_V06,-19,-1.000,255.62,263.092987,11.200740,-83.74,42.865514,5600.370026,20150410_064217
56,KDTX20150410_104712_V06,-14,0.122,255.94,263.685089,3.382633,-83.74,42.862854,1691.316605,20150410_064712
57,KDTX20150410_104712_V06,-14,0.124,295.99,343.788696,3.268402,-83.50,42.502622,1634.201050,20150410_064712
59,KDTX20150410_110654_V06,5,0.244,421.21,427.775055,32.960205,-82.74,42.122220,16480.102539,20150410_070654
60,KDTX20150410_110654_V06,5,0.127,146.88,290.870361,54.049484,-84.41,42.736998,27024.742126,20150410_070654
63,KDTX20150411_120118_V06,62,0.163,162.15,178.710022,42.197685,-84.32,43.242491,21098.842621,20150411_080118
63,KDTX20150411_121101_V06,72,0.104,170.03,176.662202,52.712184,-84.27,43.252054,26356.092098,20150411_081101
60,KDTX20150411_111038_V06,11,0.180,116.73,421.709351,7.089039,-84.58,42.146489,3544.519424,20150411_071038
62,KDTX20150412_103612_V06,-21,0.246,295.91,342.908264,3.141071,-83.50,42.506585,1570.535660,20150412_063612
63,KDTX20150412_104555_V06,-12,0.194,318.28,146.051056,40.557388,-83.36,43.392544,20278.694153,20150412_064555
64,KDTX20150412_111503_V06,18,0.266,316.26,146.596039,46.673553,-83.37,43.390103,23336.776733,20150412_071503
65,KDTX20150412_114412_V06,47,0.140,143.93,160.555206,27.914497,-84.43,43.323309,13957.248688,20150412_074412
81,KDTX20150413_113348_V06,37,0.370,19.13,393.639832,26.024212,-85.17,42.265531,13012.105942,20150413_073348
81,KDTX20150413_113845_V06,42,-1.000,19.13,393.639832,33.974212,-85.17,42.265531,16987.105942,20150413_073845
81,KDTX20150413_114341_V06,47,0.257,26.69,398.575378,38.076671,-85.13,42.243995,19038.335723,20150413_074341
84,KDTX20150413_115831_V06,62,0.142,540.44,420.721375,42.637268,-82.02,42.147045,21318.634033,20150413_075831
84,KDTX20150413_120327_V06,67,0.115,541.81,419.629694,47.575880,-82.01,42.151852,23787.939758,20150413_080327
85,KDTX20150413_121318_V06,77,0.178,22.11,428.590729,24.301180,-85.15,42.108515,12150.589943,20150413_081318
85,KDTX20150413_121815_V06,82,0.188,22.35,424.790093,29.680383,-85.15,42.125640,14840.191615,20150413_081815
68,KDTX20150413_103924_V06,-17,0.182,11.43,414.861084,13.600121,-85.22,42.169329,6800.060749,20150413_063924
72,KDTX20150413_104419_V06,-12,0.148,514.98,467.560669,76.298019,-82.18,41.938095,38149.009705,20150413_064419
75,KDTX20150413_105412_V06,-2,0.707,195.77,340.426788,8.139736,-84.11,42.515998,4069.868088,20150413_065412
76,KDTX20150413_105412_V06,-2,0.149,303.68,415.675995,3.388062,-83.45,42.179039,1694.030762,20150413_065412
77,KDTX20150413_105412_V06,-2,0.137,205.59,342.025513,7.254841,-84.05,42.509118,3627.420425,20150413_065412
83,KDTX20150413_114838_V06,52,0.197,463.53,391.527466,2.962303,-82.48,42.283434,1481.151581,20150413_074838
79,KDTX20150414_104006_V06,-14,0.266,303.69,485.034393,13.135025,-83.45,41.866821,6567.512512,20150414_064006
79,KDTX20150414_104948_V06,-5,0.181,304.51,480.939081,20.970016,-83.44,41.885255,10485.008203,20150414_064948
75,KDTX20150414_103023_V06,-24,0.418,299.94,301.126251,6.795044,-83.47,42.694651,3397.521973,20150414_063023
76,KDTX20150414_103023_V06,-24,0.169,343.61,268.090485,6.582657,-83.20,42.843032,3291.328430,20150414_063023
77,KDTX20150414_103023_V06,-24,0.137,393.75,418.531067,33.333397,-82.90,42.164777,16666.698456,20150414_063023
80,KDTX20150414_104006_V06,-14,0.191,140.56,431.198181,27.783775,-84.44,42.105090,13891.887665,20150414_064006
80,KDTX20150414_104948_V06,-5,0.167,133.60,412.162598,7.237692,-84.48,42.190405,3618.845940,20150414_064948
83,KDTX20150414_113819_V06,44,0.268,362.64,387.286194,6.187996,-83.09,42.306201,3093.997955,20150414_073819
84,KDTX20150414_113819_V06,44,0.131,176.96,178.421875,47.951126,-84.23,43.244424,23975.563049,20150414_073819
86,KDTX20150414_120727_V06,73,0.541,361.09,390.324097,6.753403,-83.10,42.292557,3376.701355,20150414_080727
84,KDTX20150415_112121_V06,29,0.396,419.61,430.416260,6.003777,-82.75,42.110393,3001.888275,20150415_072121
85,KDTX20150415_112121_V06,29,0.135,158.76,169.793640,34.263756,-84.34,43.282461,17131.877899,20150415_072121
86,KDTX20150416_103155_V06,-20,0.793,334.34,269.688202,3.911270,-83.26,42.835959,1955.635071,20150416_063155
86,KDTX20150416_103651_V06,-15,0.247,333.52,269.382669,10.727348,-83.27,42.837343,5363.674120,20150416_063651
100,KDTX20150416_114104_V06,50,0.282,19.63,283.030334,22.487396,-85.18,42.763302,11243.698120,20150416_074104
100,KDTX20150416_114600_V06,55,0.183,19.67,281.283916,28.484605,-85.18,42.771165,14242.302594,20150416_074600
100,KDTX20150416_115057_V06,59,0.277,19.70,270.001068,22.548763,-85.19,42.821935,11274.381638,20150416_075057
100,KDTX20150416_115553_V06,64,0.208,20.03,266.981764,28.314341,-85.18,42.835552,14157.170306,20150416_075553
85,KDTX20150416_102201_V06,-29,0.140,264.62,342.311859,2.895275,-83.69,42.509069,1447.637558,20150416_062201
91,KDTX20150416_110629_V06,15,0.142,19.67,342.182617,31.317398,-85.18,42.497136,15658.699036,20150416_070629
92,KDTX20150416_111126_V06,20,0.113,24.05,567.729187,21.665852,-85.12,41.482495,10832.925797,20150416_071126
103,KDTX20150416_120049_V06,69,0.507,339.74,580.620728,23.526682,-83.23,41.436262,11763.340950,20150416_080049
91,KDTX20150417_103007_V06,-19,0.359,244.18,287.018524,6.389572,-83.81,42.757642,3194.786072,20150417_063007
93,KDTX20150418_102208_V06,-26,0.279,356.36,390.664124,6.790535,-83.13,42.291116,3395.267487,20150418_062208
93,KDTX20150418_103150_V06,-17,0.314,356.48,390.987152,13.476829,-83.13,42.289660,6738.414634,20150418_063150
93,KDTX20150418_104133_V06,-7,0.338,372.34,390.068542,16.419644,-83.03,42.293466,8209.822053,20150418_064133
94,KDTX20150418_102208_V06,-26,0.259,170.54,176.998718,45.212845,-84.27,43.250561,22606.422424,20150418_062208
98,KDTX20150418_103150_V06,-17,0.306,482.31,346.031952,11.929062,-82.36,42.487150,5964.530945,20150418_063150
95,KDTX20150419_102405_V06,-22,0.177,331.27,271.498688,7.522659,-83.28,42.827843,3761.329651,20150419_062405
96,KDTX20150419_120110_V06,75,0.699,331.74,300.906982,7.265228,-83.28,42.695474,3632.614136,20150419_080110
113,KDTX20150420_111739_V06,33,0.182,188.90,97.845215,37.423073,-84.16,43.607495,18711.536407,20150420_071739
113,KDTX20150420_112236_V06,38,0.285,185.70,95.696968,46.308797,-84.18,43.617042,23154.398649,20150420_072236
113,KDTX20150420_113217_V06,48,0.283,191.64,73.299211,46.198813,-84.14,43.718052,23099.406496,20150420_073217
112,KDTX20150420_111739_V06,33,0.286,175.40,288.908722,33.631111,-84.23,42.747115,16815.555573,20150420_071739
112,KDTX20150420_112236_V06,38,0.142,176.99,287.040285,39.839081,-84.22,42.755588,19919.540255,20150420_072236
99,KDTX20150420_102321_V06,-21,0.116,302.49,385.695892,28.958961,-83.46,42.313990,14479.480743,20150420_062321
107,KDTX20150420_105258_V06,8,0.260,353.16,105.421967,46.453400,-83.14,43.574976,23226.699829,20150420_065258
108,KDTX20150420_105258_V06,8,0.114,263.12,348.952698,3.014526,-83.70,42.479161,1507.263184,20150420_065258
119,KDTX20150420_113217_V06,48,0.136,584.77,431.656647,19.607101,-81.75,42.094097,9803.550720,20150420_073217
121,KDTX20150420_114158_V06,57,0.846,516.73,225.998566,15.446350,-82.14,43.025099,7723.175049,20150420_074158
122,KDTX20150420_114158_V06,57,0.509,500.30,305.370544,33.199356,-82.25,42.669030,16599.678040,20150420_074158
123,KDTX20150420_114158_V06,57,0.252,366.78,182.077026,24.392853,-83.06,43.229731,12196.426392,20150420_074158
125,KDTX20150420_115140_V06,67,0.445,317.16,289.068451,11.936752,-83.37,42.748875,5968.376160,20150420_075140
126,KDTX20150420_115140_V06,67,0.152,166.03,378.101196,20.280609,-84.28,42.345283,10140.304565,20150420_075140
132,KDTX20150420_120121_V06,77,0.113,357.34,305.861786,6.826080,-83.12,42.672802,3413.040161,20150420_080121
133,KDTX20150420_120121_V06,77,0.101,138.00,67.032166,14.171835,-84.48,43.743840,7085.917473,20150420_080121
146,KDTX20150421_112103_V06,38,0.276,21.75,219.027130,27.616642,-85.18,43.051480,13808.320999,20150421_072103
146,KDTX20150421_113046_V06,47,0.197,19.14,219.203366,34.331048,-85.20,43.050448,17165.524208,20150421_073046
146,KDTX20150421_114029_V06,57,0.806,28.14,218.032207,34.503081,-85.14,43.056533,17251.540573,20150421_074029
146,KDTX20150421_115011_V06,67,0.781,41.75,218.318199,38.722373,-85.06,43.056428,19361.186446,20150421_075011
146,KDTX20150421_115955_V06,76,0.660,46.50,224.234726,43.938153,-85.03,43.030204,21969.076530,20150421_075955
146,KDTX20150421_120936_V06,86,0.932,30.50,231.474749,40.426306,-85.12,42.996257,20213.153143,20150421_080936
136,KDTX20150421_110138_V06,18,0.332,395.58,460.561005,25.779800,-82.90,41.975531,12889.900208,20150421_070138
136,KDTX20150421_111120_V06,28,0.267,406.95,458.462043,32.913964,-82.83,41.984611,16456.981858,20150421_071120
137,KDTX20150421_110138_V06,18,0.298,129.70,364.758484,7.189865,-84.51,42.403552,3594.932556,20150421_070138
137,KDTX20150421_111120_V06,28,0.130,142.74,358.348330,16.397414,-84.43,42.433093,8198.707014,20150421_071120
151,KDTX20150421_113046_V06,47,0.637,502.54,425.052765,30.008751,-82.25,42.130247,15004.375458,20150421_073046
151,KDTX20150421_114029_V06,57,0.495,512.25,421.636298,38.063647,-82.19,42.144977,19031.823734,20150421_074029
151,KDTX20150421_115011_V06,67,-1.000,521.41,418.413217,46.562606,-82.13,42.158845,23281.303241,20150421_075011
151,KDTX20150421_115955_V06,76,0.127,516.03,410.646912,23.726906,-82.16,42.194176,11863.452911,20150421_075955
112,KDTX20150421_102248_V06,-21,0.675,517.65,512.956909,15.745968,-82.16,41.733586,7872.983932,20150421_062248
121,KDTX20150421_102248_V06,-21,0.124,310.26,245.873627,6.210815,-83.41,42.943319,3105.407715,20150421_062248
130,KDTX20150421_105155_V06,8,0.274,263.64,381.280060,3.430176,-83.69,42.333655,1715.087891,20150421_065155
144,KDTX20150421_112103_V06,38,0.695,574.68,249.824219,23.730591,-81.79,42.913232,11865.295410,20150421_072103
154,KDTX20150421_113046_V06,47,0.426,540.42,435.318420,30.592064,-82.02,42.081353,15296.031952,20150421_073046
156,KDTX20150421_113046_V06,47,0.208,376.18,335.468384,10.050854,-83.01,42.539135,5025.426865,20150421_073046
158,KDTX20150421_113046_V06,47,0.113,298.94,374.088287,6.399620,-83.48,42.366240,3199.810028,20150421_073046
163,KDTX20150421_114029_V06,57,0.190,238.81,286.498596,9.880638,-83.85,42.759880,4940.319061,20150421_074029
169,KDTX20150421_115955_V06,76,0.217,548.51,447.862793,12.141975,-81.97,42.024263,6070.987701,20150421_075955
127,KDTX20150422_103025_V06,-11,0.124,86.62,426.451355,83.860970,-84.76,42.123228,41930.484772,20150422_063025
127,KDTX20150422_104008_V06,-1,-1.000,86.62,426.451355,99.760970,-84.76,42.123228,49880.484772,20150422_064008
127,KDTX20150422_104949_V06,8,0.195,93.25,437.861252,92.569430,-84.72,42.072322,46284.714952,20150422_064949
127,KDTX20150422_105931_V06,18,0.355,105.58,438.950973,96.632969,-84.65,42.068211,48316.484530,20150422_065931
142,KDTX20150422_112839_V06,47,0.261,455.56,87.458374,24.146263,-82.51,43.652267,12073.131561,20150422_072839
142,KDTX20150422_113821_V06,57,0.575,464.44,90.517436,29.711107,-82.45,43.638030,14855.553322,20150422_073821
123,KDTX20150422_102043_V06,-21,0.747,531.36,573.007019,20.938339,-82.09,41.462320,10469.169617,20150422_062043
126,KDTX20150422_103025_V06,-11,0.189,176.33,124.929626,36.017715,-84.24,43.485124,18008.857727,20150422_063025
141,KDTX20150422_111857_V06,37,0.125,434.19,91.947693,28.813774,-82.64,43.633094,14406.887054,20150422_071857
144,KDTX20150422_113821_V06,57,0.531,72.18,127.642456,7.473553,-84.88,43.466862,3736.776352,20150422_073821
130,KDTX20150423_101553_V06,-25,0.275,454.91,529.927856,31.903522,-82.54,41.660912,15951.761246,20150423_061553
138,KDTX20150423_103516_V06,-5,0.185,293.71,138.202667,28.287567,-83.51,43.427914,14143.783569,20150423_063516
146,KDTX20150423_111407_V06,34,0.254,352.56,390.620117,15.602837,-83.15,42.291381,7801.418304,20150423_071407
147,KDTX20150423_111407_V06,34,0.130,281.08,147.948456,32.428574,-83.59,43.384001,16214.286804,20150423_071407
148,KDTX20150423_111407_V06,34,0.108,326.83,137.650055,33.320175,-83.31,43.430288,16660.087585,20150423_071407
155,KDTX20150423_113331_V06,53,0.311,561.62,281.715332,35.421432,-81.87,42.770874,17710.716248,20150423_073331
160,KDTX20150423_114314_V06,63,0.196,316.51,374.277161,6.561760,-83.37,42.365346,3280.879974,20150423_074314
149,KDTX20150427_104048_V06,6,0.510,278.12,77.309937,14.708870,-83.61,43.701876,7354.434967,20150427_064048
149,KDTX20150427_105030_V06,16,-1.000,278.12,77.309937,30.608870,-83.61,43.701876,15304.434967,20150427_065030
149,KDTX20150427_110012_V06,26,0.428,290.34,50.075634,34.659314,-83.53,43.824498,17329.656968,20150427_070012
149,KDTX20150427_111204_V06,38,0.361,270.67,59.284426,51.308320,-83.65,43.782930,25654.159844,20150427_071204
138,KDTX20150427_101141_V06,-23,0.196,246.70,181.364502,3.133514,-83.80,43.233204,1566.757202,20150427_061141
138,KDTX20150427_102123_V06,-13,-1.000,246.70,181.364502,19.033514,-83.80,43.233204,9516.757202,20150427_062123
138,KDTX20150427_103105_V06,-3,0.155,257.49,183.112595,29.118775,-83.73,43.225506,14559.387561,20150427_063105
147,KDTX20150427_103105_V06,-3,0.183,209.19,43.587708,30.144211,-84.04,43.852335,15072.105408,20150427_063105
147,KDTX20150427_104048_V06,6,0.170,197.72,52.427479,40.546998,-84.11,43.812187,20273.498880,20150427_064048
160,KDTX20150427_110012_V06,26,0.147,260.04,269.694122,5.992146,-83.72,42.835864,2996.072769,20150427_070012
160,KDTX20150427_111204_V06,38,0.123,273.50,254.752058,13.105675,-83.63,42.903262,6552.837657,20150427_071204
165,KDTX20150427_111204_V06,38,0.481,441.90,84.586853,29.947647,-82.59,43.665864,14973.823547,20150427_071204
165,KDTX20150427_112147_V06,47,0.441,441.19,92.854934,36.459096,-82.60,43.628691,18229.548230,20150427_072147
168,KDTX20150427_112147_V06,47,0.558,231.76,213.088043,15.114182,-83.89,43.090132,7557.090759,20150427_072147
168,KDTX20150427_113128_V06,57,0.114,241.43,209.401700,35.600058,-83.83,43.106924,17800.028991,20150427_073128
136,KDTX20150427_101141_V06,-23,0.287,248.52,342.272308,3.304379,-83.78,42.509021,1652.189255,20150427_061141
141,KDTX20150427_101141_V06,-23,0.115,447.46,534.526550,40.476818,-82.59,41.640569,20238.409042,20150427_061141
142,KDTX20150427_102123_V06,-13,0.493,522.22,546.055542,35.836826,-82.14,41.584288,17918.413162,20150427_062123
144,KDTX20150427_102123_V06,-13,0.172,560.62,522.460205,40.399132,-81.91,41.687544,20199.565887,20150427_062123
154,KDTX20150427_105030_V06,16,0.196,394.92,563.947144,33.673203,-82.90,41.510149,16836.601257,20150427_065030
154,KDTX20150427_110012_V06,26,0.277,402.08,574.499817,28.490681,-82.86,41.462419,14245.340347,20150427_070012
155,KDTX20150427_105030_V06,16,0.187,240.56,299.716492,14.928482,-83.83,42.700422,7464.241028,20150427_065030
156,KDTX20150427_105030_V06,16,0.168,439.53,56.152649,25.950043,-82.60,43.793923,12975.021362,20150427_065030
157,KDTX20150427_105030_V06,16,0.153,226.32,173.934509,15.262352,-83.93,43.266216,7631.175995,20150427_065030
162,KDTX20150427_110012_V06,26,0.118,246.87,320.569733,10.604507,-83.80,42.606677,5302.253723,20150427_070012
164,KDTX20150427_110012_V06,26,0.102,470.99,119.495056,58.947258,-82.41,43.507272,29473.628998,20150427_070012
167,KDTX20150427_111204_V06,38,0.109,464.39,574.582825,24.002668,-82.49,41.459419,12001.334190,20150427_071204
178,KDTX20150427_113128_V06,57,0.296,297.53,270.504486,3.387970,-83.49,42.832476,1693.984985,20150427_073128
154,KDTX20150429_101138_V06,-20,0.102,338.56,270.242371,6.939392,-83.24,42.833415,3469.696045,20150429_061138
155,KDTX20150429_102121_V06,-10,0.161,437.90,508.624268,49.081734,-82.64,41.757601,24540.866852,20150429_062121
155,KDTX20150429_103104_V06,0,0.124,431.98,504.957886,40.444382,-82.68,41.774360,20222.190857,20150429_063104
156,KDTX20150502_103021_V06,3,0.321,439.39,506.804993,36.310936,-82.63,41.765724,18155.467987,20150502_063021
159,KDTX20150503_102152_V06,-5,0.516,532.62,484.905396,59.851913,-82.07,41.858768,29925.956726,20150503_062152
159,KDTX20150503_103134_V06,5,0.328,528.29,500.041708,71.830404,-82.10,41.790961,35915.202039,20150503_063134
159,KDTX20150503_104116_V06,15,0.521,532.74,495.582996,70.853695,-82.07,41.810702,35426.847359,20150503_064116
159,KDTX20150503_105059_V06,24,0.235,530.02,505.825779,73.625974,-82.09,41.764801,36812.986797,20150503_065059
159,KDTX20150503_110041_V06,34,0.128,527.61,507.607816,72.869889,-82.10,41.756956,36434.944537,20150503_070041
162,KDTX20150503_104116_V06,15,0.424,492.68,166.075592,49.831490,-82.28,43.296363,24915.744781,20150503_064116
162,KDTX20150503_105059_V06,24,0.192,495.19,162.139725,60.288877,-82.27,43.313914,30144.438627,20150503_065059
162,KDTX20150503_110041_V06,34,0.131,489.07,160.140737,58.699693,-82.31,43.323297,29349.846343,20150503_070041
162,KDTX20150503_111022_V06,44,0.125,484.29,158.401408,59.184231,-82.34,43.331418,29592.115647,20150503_071022
158,KDTX20150503_100228_V06,-24,0.257,531.00,486.785767,61.721886,-82.08,41.850425,30860.942841,20150503_060228
158,KDTX20150503_101210_V06,-14,0.352,531.92,495.948602,70.045777,-82.08,41.809117,35022.888253,20150503_061210
161,KDTX20150503_102152_V06,-5,0.104,521.99,159.466156,58.879082,-82.10,43.324102,29439.540863,20150503_062152
161,KDTX20150503_103134_V06,5,0.303,515.02,159.867431,63.512946,-82.15,43.322799,31756.472939,20150503_063134
157,KDTX20150503_100228_V06,-24,0.269,444.71,345.371765,41.627975,-82.59,42.492110,20813.987732,20150503_060228
160,KDTX20150503_102152_V06,-5,0.180,417.03,518.494629,73.581573,-82.77,41.714016,36790.786743,20150503_062152
163,KDTX20150503_105059_V06,24,0.573,440.70,345.392822,44.004295,-82.62,42.492201,22002.147675,20150503_065059
163,KDTX20150503_110041_V06,34,0.799,437.40,341.076752,39.372532,-82.64,42.511775,19686.265945,20150503_070041
167,KDTX20150504_100725_V06,-17,0.171,155.07,389.458496,6.744301,-84.35,42.293671,3372.150421,20150504_060725
167,KDTX20150504_101315_V06,-11,0.496,160.64,386.842735,13.791509,-84.32,42.305700,6895.754648,20150504_061315
167,KDTX20150504_101903_V06,-5,0.336,180.06,388.650097,15.093866,-84.20,42.298376,7546.932921,20150504_061903
167,KDTX20150504_102453_V06,0,0.749,192.71,378.343327,14.618582,-84.12,42.345231,7309.291105,20150504_062453
183,KDTX20150504_105358_V06,29,0.319,163.98,411.534973,7.440125,-84.30,42.194707,3720.062256,20150504_065358
183,KDTX20150504_105946_V06,35,0.365,167.63,411.257460,13.305303,-84.27,42.196114,6652.651598,20150504_065946
183,KDTX20150504_110536_V06,41,0.157,185.05,406.441920,15.915191,-84.17,42.218482,7957.595324,20150504_070536
177,KDTX20150504_103631_V06,12,0.335,212.89,369.552155,11.215805,-84.00,42.385434,5607.902527,20150504_063631
177,KDTX20150504_104220_V06,18,0.141,216.33,370.586107,17.481335,-83.98,42.380875,8740.667698,20150504_064220
181,KDTX20150504_103631_V06,12,0.111,453.91,337.200226,40.385269,-82.54,42.528444,20192.634583,20150504_063631
181,KDTX20150504_104220_V06,18,-1.000,453.91,337.200226,49.925269,-82.54,42.528444,24962.634583,20150504_064220
181,KDTX20150504_104810_V06,24,0.214,457.27,343.777315,50.501160,-82.52,42.498673,25250.580228,20150504_064810
187,KDTX20150504_111715_V06,53,0.300,205.08,397.566986,10.763847,-84.05,42.259106,5381.923676,20150504_071715
187,KDTX20150504_112304_V06,59,0.276,208.45,395.562771,16.679663,-84.03,42.268228,8339.831594,20150504_072304
190,KDTX20150504_114500_V06,81,0.270,153.53,168.491150,31.292664,-84.37,43.288075,15646.331787,20150504_074500
190,KDTX20150504_115024_V06,86,0.102,157.03,170.241462,39.498074,-84.35,43.280365,19749.036870,20150504_075024
165,KDTX20150504_095547_V06,-29,0.106,409.84,296.023224,35.653976,-82.80,42.715657,17826.988220,20150504_055547
166,KDTX20150504_100725_V06,-17,0.366,451.51,357.691681,41.630871,-82.55,42.436335,20815.435410,20150504_060725
166,KDTX20150504_101315_V06,-11,-1.000,451.51,357.691681,51.170871,-82.55,42.436335,25585.435410,20150504_061315
166,KDTX20150504_101903_V06,-5,0.127,463.36,391.618286,71.219109,-82.48,42.283035,35609.554291,20150504_061903
166,KDTX20150504_102453_V06,0,-1.000,463.36,391.618286,79.169109,-82.48,42.283035,39584.554291,20150504_062453
166,KDTX20150504_103041_V06,6,0.161,457.77,349.483429,46.474659,-82.51,42.472966,23237.329483,20150504_063041
173,KDTX20150504_101903_V06,-5,0.102,530.04,485.413086,66.371925,-82.09,41.856674,33185.962677,20150504_061903
178,KDTX20150504_103631_V06,12,0.186,139.50,366.823425,10.221382,-84.45,42.394782,5110.691071,20150504_063631
180,KDTX20150504_103631_V06,12,0.140,214.78,380.637085,6.402191,-83.99,42.335592,3201.095581,20150504_063631
184,KDTX20150504_105358_V06,29,0.218,180.84,342.746216,9.639168,-84.20,42.505019,4819.583893,20150504_065358
185,KDTX20150504_105358_V06,29,0.129,527.27,511.100586,72.900047,-82.11,41.741260,36450.023651,20150504_065358
191,KDTX20150504_114500_V06,81,0.235,259.58,317.531464,15.837906,-83.72,42.620546,7918.952942,20150504_074500
192,KDTX20150504_114500_V06,81,0.144,322.89,287.981659,16.623688,-83.33,42.753729,8311.843872,20150504_074500
180,KDTX20150505_101521_V06,-8,0.274,25.63,219.865906,32.371452,-85.16,43.048058,16185.726166,20150505_061521
180,KDTX20150505_102016_V06,-3,0.283,24.98,220.036594,37.858824,-85.16,43.047231,18929.411934,20150505_062016
183,KDTX20150505_111934_V06,56,0.122,20.44,355.110168,21.941277,-85.17,42.439032,10970.638275,20150505_071934
183,KDTX20150505_112431_V06,61,0.266,21.17,355.952266,28.701065,-85.17,42.435309,14350.532361,20150505_072431
183,KDTX20150505_112926_V06,66,0.220,24.63,351.424835,25.100740,-85.15,42.455993,12550.370216,20150505_072926
181,KDTX20150505_104500_V06,22,0.174,288.02,337.719208,6.659027,-83.54,42.529921,3329.513550,20150505_064500
183,KDTX20150506_100424_V06,-18,0.130,431.13,489.940460,36.941547,-82.68,41.841995,18470.773697,20150506_060424
190,KDTX20150506_104420_V06,22,0.296,447.36,454.419678,32.855682,-82.58,42.001162,16427.841187,20150506_064420
192,KDTX20150506_104917_V06,27,0.155,477.27,523.812317,37.230000,-82.41,41.687261,18614.999771,20150506_064917
187,KDTX20150507_100756_V06,-13,0.156,140.24,152.011322,21.309992,-84.46,43.361565,10654.995918,20150507_060756
187,KDTX20150507_101739_V06,-3,0.207,140.78,153.645520,30.415952,-84.45,43.354239,15207.976198,20150507_061739
185,KDTX20150507_095814_V06,-22,0.140,509.29,492.397552,81.314369,-82.21,41.826692,40657.184601,20150507_055814
186,KDTX20150507_095814_V06,-22,0.129,176.15,109.696625,3.804161,-84.24,43.553666,1902.080536,20150507_055814
188,KDTX20150507_100756_V06,-13,0.116,394.12,67.481995,2.789612,-82.89,43.744709,1394.805908,20150507_060756
189,KDTX20150507_100756_V06,-13,0.105,275.75,114.069031,6.295258,-83.62,43.536433,3147.628784,20150507_060756
190,KDTX20150507_103216_V06,12,0.517,393.61,67.822266,2.928329,-82.89,43.743194,1464.164734,20150507_063216
194,KDTX20150507_113535_V06,75,0.229,139.29,155.967010,27.902489,-84.46,43.343714,13951.244354,20150507_073535
195,KDTX20150507_113535_V06,75,0.102,321.23,354.334381,55.443913,-83.34,42.455084,27721.956253,20150507_073535
203,KDTX20150508_101711_V06,-2,0.539,530.80,509.016266,70.843887,-82.08,41.750383,35421.943665,20150508_061711
203,KDTX20150508_102207_V06,3,0.119,530.18,508.385962,76.879932,-82.09,41.753266,38439.965924,20150508_062207
203,KDTX20150508_102703_V06,8,0.170,527.79,508.275392,74.542800,-82.10,41.753938,37271.399796,20150508_062703
203,KDTX20150508_103158_V06,12,-1.000,526.21,508.116373,74.224300,-82.11,41.754768,37112.150086,20150508_063158
203,KDTX20150508_103654_V06,17,-1.000,524.24,507.917599,73.826176,-82.12,41.755804,36913.087948,20150508_063654
203,KDTX20150508_104151_V06,22,-1.000,522.27,507.718825,73.428052,-82.14,41.756838,36714.025811,20150508_064151
203,KDTX20150508_104647_V06,27,-1.000,520.30,507.520051,73.029927,-82.15,41.757872,36514.963673,20150508_064647
203,KDTX20150508_105143_V06,32,-1.000,518.33,507.321277,72.631803,-82.16,41.758904,36315.901536,20150508_065143
203,KDTX20150508_105639_V06,37,-1.000,516.36,507.122503,72.233679,-82.17,41.759935,36116.839398,20150508_065639
203,KDTX20150508_110135_V06,42,-1.000,514.39,506.923729,71.835555,-82.18,41.760965,35917.777261,20150508_070135
203,KDTX20150508_110631_V06,47,-1.000,512.42,506.724955,71.437430,-82.19,41.761994,35718.715123,20150508_070631
203,KDTX20150508_111128_V06,52,0.117,527.95,493.400088,73.938758,-82.10,41.820878,36969.378941,20150508_071128
203,KDTX20150508_111624_V06,57,0.237,462.66,523.305969,28.196949,-82.49,41.690329,14098.474503,20150508_071624
203,KDTX20150508_112122_V06,62,0.101,464.47,521.275953,34.908403,-82.48,41.699373,17454.201543,20150508_072122
199,KDTX20150508_100222_V06,-17,0.150,471.13,533.100220,35.964046,-82.44,41.645792,17982.023239,20150508_060222
199,KDTX20150508_100718_V06,-12,0.166,472.00,532.580367,42.193240,-82.44,41.648085,21096.620164,20150508_060718
193,KDTX20150508_095228_V06,-27,0.297,523.83,506.955688,74.088936,-82.13,41.760163,37044.467926,20150508_055228
195,KDTX20150508_095725_V06,-22,0.185,414.92,89.044617,10.727554,-82.76,43.646954,5363.777161,20150508_055725
197,KDTX20150508_095725_V06,-22,0.140,343.37,326.865906,32.911865,-83.21,42.578491,16455.932617,20150508_055725
198,KDTX20150508_095725_V06,-22,0.115,457.04,418.848694,31.125931,-82.52,42.160798,15562.965393,20150508_055725
200,KDTX20150508_100222_V06,-17,0.125,429.57,346.463287,35.552227,-82.68,42.487870,17776.113510,20150508_060222
208,KDTX20150508_111624_V06,57,0.153,301.49,376.206421,11.634193,-83.46,42.356706,5817.096710,20150508_071624
202,KDTX20150509_100420_V06,-14,0.133,519.52,519.877930,68.231766,-82.15,41.702304,34115.882874,20150509_060420
202,KDTX20150509_100805_V06,-10,-1.000,519.52,519.877930,74.591766,-82.15,41.702304,37295.882874,20150509_060805
202,KDTX20150509_101150_V06,-7,0.127,519.41,518.252304,73.182308,-82.15,41.709628,36591.153887,20150509_061150
202,KDTX20150509_101535_V06,-3,-1.000,519.32,516.889875,74.363333,-82.15,41.715767,37181.666737,20150509_061535
202,KDTX20150509_101921_V06,1,-1.000,519.23,515.527446,75.544359,-82.15,41.721906,37772.179587,20150509_061921
202,KDTX20150509_102305_V06,5,0.251,522.83,517.154277,70.187376,-82.13,41.714330,35093.687754,20150509_062305
212,KDTX20150509_104921_V06,31,0.306,359.11,396.318054,3.494072,-83.11,42.265615,1747.035980,20150509_064921
212,KDTX20150509_105306_V06,35,0.113,359.77,395.922822,9.133421,-83.11,42.267382,4566.710720,20150509_065306
205,KDTX20150509_101921_V06,1,0.377,517.79,520.157898,65.878128,-82.16,41.701164,32939.064026,20150509_061921
208,KDTX20150509_102305_V06,5,0.114,347.39,359.752625,6.639656,-83.18,42.430405,3319.828033,20150509_062305
213,KDTX20150509_105306_V06,35,0.236,494.80,414.053467,3.101707,-82.29,42.180246,1550.853729,20150509_065306
216,KDTX20150509_111922_V06,61,0.146,296.37,282.736603,7.036560,-83.49,42.777420,3518.280029,20150509_071922
217,KDTX20150509_112307_V06,65,0.136,235.84,373.943542,6.605667,-83.86,42.366228,3302.833557,20150509_072307
218,KDTX20150509_112307_V06,65,0.109,29.61,486.249054,38.446854,-85.10,41.849690,19223.426819,20150509_072307
219,KDTX20150509_112652_V06,68,0.137,253.01,382.772339,7.155025,-83.76,42.326795,3577.512741,20150509_072652
220,KDTX20150509_113808_V06,80,0.173,294.46,295.448822,15.978851,-83.51,42.720200,7989.425659,20150509_073808
217,KDTX20150512_112004_V06,65,0.400,149.81,224.964813,24.894396,-84.39,43.033748,12447.197914,20150512_072004
219,KDTX20150513_100442_V06,-9,0.204,329.14,371.514648,39.415489,-83.29,42.377688,19707.744598,20150513_060442
219,KDTX20150513_101424_V06,1,0.534,330.73,377.154947,46.014216,-83.29,42.352284,23007.108080,20150513_061424
219,KDTX20150513_102407_V06,11,0.455,341.84,378.064453,48.249288,-83.22,42.348060,24124.643927,20150513_062407
221,KDTX20150513_100442_V06,-9,0.115,431.33,170.178314,23.216278,-82.66,43.281175,11608.139038,20150513_060442
221,KDTX20150513_101424_V06,1,0.281,434.60,177.496917,29.691384,-82.64,43.248096,14845.692053,20150513_061424
221,KDTX20150513_102407_V06,11,0.538,439.64,179.566247,31.088193,-82.61,43.238556,15544.096459,20150513_062407
214,KDTX20150513_095500_V06,-18,0.208,452.76,206.713318,41.663879,-82.53,43.115758,20831.939697,20150513_055500
232,KDTX20150513_110256_V06,49,0.152,481.65,262.719391,36.117203,-82.36,42.862134,18058.601379,20150513_070256
216,KDTX20150514_095143_V06,-21,0.848,367.25,390.121216,15.874763,-83.06,42.293343,7937.381744,20150514_055143
216,KDTX20150514_100125_V06,-11,0.559,362.16,390.656379,19.978757,-83.09,42.291040,9989.378390,20150514_060125
222,KDTX20150514_104012_V06,28,0.327,303.92,398.973022,3.484604,-83.45,42.254224,1742.301941,20150514_064012
222,KDTX20150514_104954_V06,37,-1.000,303.92,398.973022,17.794604,-83.45,42.254224,8897.301941,20150514_064954
222,KDTX20150514_105936_V06,47,0.399,304.84,398.747925,3.294121,-83.44,42.255236,1647.060394,20150514_065936
224,KDTX20150514_104954_V06,37,0.220,326.32,562.994934,31.960270,-83.31,41.515752,15980.134964,20150514_064954
219,KDTX20150515_094528_V06,-26,0.758,358.09,306.628326,31.176529,-83.12,42.669338,15588.264465,20150515_054528
223,KDTX20150515_095050_V06,-21,0.107,339.08,365.147156,10.123222,-83.23,42.406240,5061.611176,20150515_055050
221,KDTX20150516_094457_V06,-26,0.242,399.51,295.891541,36.990585,-82.86,42.716602,18495.292664,20150516_054457
221,KDTX20150516_095020_V06,-20,0.283,400.73,295.549843,42.222053,-82.86,42.718100,21111.026573,20150516_055020
224,KDTX20150516_103530_V06,25,0.389,30.94,350.484955,33.729988,-85.11,42.460777,16864.994049,20150516_063530
224,KDTX20150516_104118_V06,31,0.550,30.02,351.306684,39.793079,-85.11,42.456999,19896.539373,20150516_064118
227,KDTX20150516_105259_V06,42,0.471,338.43,405.954590,33.054909,-83.24,42.222563,16527.454376,20150516_065259
229,KDTX20150516_110435_V06,54,0.332,313.34,326.722717,6.516769,-83.39,42.579411,3258.384705,20150516_070435
230,KDTX20150516_110435_V06,54,0.102,348.40,560.229065,35.255623,-83.18,41.527943,17627.811432,20150516_070435
231,KDTX20150516_111612_V06,66,0.342,308.73,377.716492,28.295837,-83.42,42.349897,14147.918701,20150516_071612
227,KDTX20150520_101739_V06,11,0.337,345.20,342.464081,3.040344,-83.20,42.508256,1520.172119,20150520_061739
228,KDTX20150520_101739_V06,11,0.123,302.38,326.307281,6.722076,-83.46,42.581309,3361.038208,20150520_061739
231,KDTX20150521_094256_V06,-24,0.139,466.84,519.038818,38.896847,-82.47,41.709318,19448.423386,20150521_054256
232,KDTX20150521_095238_V06,-14,0.134,548.78,451.188080,44.022537,-81.97,42.009275,22011.268616,20150521_055238
235,KDTX20150522_095951_V06,-6,0.114,259.81,358.142517,9.972233,-83.72,42.437755,4986.116409,20150522_055951
237,KDTX20150522_101937_V06,14,0.139,89.32,454.021515,3.206348,-84.74,41.999325,1603.174210,20150522_061937
239,KDTX20150522_102432_V06,19,0.141,308.87,302.475037,10.286728,-83.42,42.688567,5143.363953,20150522_062432
252,KDTX20150523_104237_V06,38,0.146,292.99,128.427185,24.592361,-83.51,43.471906,12296.180725,20150523_064237
252,KDTX20150523_105218_V06,48,0.212,298.76,136.978223,40.495927,-83.48,43.433431,20247.963475,20150523_065218
253,KDTX20150523_110201_V06,58,0.230,139.27,153.897156,22.707375,-84.46,43.353027,11353.687286,20150523_070201
253,KDTX20150523_111142_V06,67,0.127,136.38,153.896777,29.410654,-84.48,43.352874,14705.327210,20150523_071142
234,KDTX20150523_093441_V06,-30,0.490,147.75,159.374207,28.136360,-84.41,43.328818,14068.180084,20150523_053441
234,KDTX20150523_094424_V06,-20,0.131,137.40,156.174011,23.950844,-84.47,43.342681,11975.421906,20150523_054424
246,KDTX20150523_103254_V06,28,0.369,363.30,385.786499,6.182373,-83.09,42.312938,3091.186523,20150523_063254
249,KDTX20150523_103254_V06,28,0.138,369.11,379.749115,6.894966,-83.05,42.339989,3447.483063,20150523_063254
250,KDTX20150523_104237_V06,38,0.275,393.14,67.511292,2.942429,-82.89,43.744608,1471.214294,20150523_064237
254,KDTX20150523_110201_V06,58,0.171,470.23,531.201782,36.967213,-82.45,41.654387,18483.606339,20150523_070201
249,KDTX20150524_101641_V06,13,0.180,376.92,405.534851,7.175064,-83.01,42.223738,3587.532043,20150524_061641
249,KDTX20150524_102136_V06,18,0.376,375.70,408.059363,14.220989,-83.01,42.212405,7110.494727,20150524_062136
249,KDTX20150524_102633_V06,23,0.326,380.39,395.795393,21.437964,-82.98,42.267490,10718.981851,20150524_062633
249,KDTX20150524_103129_V06,28,-1.000,383.88,386.536590,28.655765,-82.96,42.309073,14327.882274,20150524_063129
249,KDTX20150524_103625_V06,33,0.275,372.75,407.020172,11.158897,-83.03,42.217153,5579.448700,20150524_063625
249,KDTX20150524_104121_V06,38,0.732,372.17,403.974263,15.033233,-83.03,42.230877,7516.616695,20150524_064121
245,KDTX20150524_094708_V06,-16,0.617,426.53,376.422760,57.428844,-82.70,42.353150,28714.422226,20150524_054708
245,KDTX20150524_095203_V06,-11,0.205,427.65,376.194096,64.117910,-82.70,42.354133,32058.954992,20150524_055203
241,KDTX20150524_093715_V06,-26,0.231,454.14,414.843384,26.562302,-82.54,42.178971,13281.150818,20150524_053715
242,KDTX20150524_094211_V06,-21,0.218,470.63,523.306213,34.098892,-82.45,41.689906,17049.446106,20150524_054211
243,KDTX20150524_094211_V06,-21,0.188,557.53,249.592010,2.945038,-81.89,42.915768,1472.518921,20150524_054211
247,KDTX20150524_100649_V06,3,0.222,473.98,531.540649,38.397041,-82.43,41.652656,19198.520660,20150524_060649
253,KDTX20150524_103625_V06,33,0.235,445.02,421.179108,17.477058,-82.59,42.150892,8738.529205,20150524_063625
256,KDTX20150524_105101_V06,48,0.109,22.27,276.043610,32.084099,-85.17,42.794981,16042.049408,20150524_065101
249,KDTX20150526_102016_V06,18,0.298,481.20,517.889221,36.034206,-82.38,41.713698,18017.103195,20150526_062016
253,KDTX20150527_095207_V06,-9,0.245,446.05,342.870941,31.943954,-82.58,42.503303,15971.977234,20150527_055207
254,KDTX20150527_095207_V06,-9,0.157,510.46,361.282196,39.218315,-82.19,42.416728,19609.157562,20150527_055207
255,KDTX20150527_100149_V06,0,0.157,510.12,514.181152,50.599869,-82.21,41.728588,25299.934387,20150527_060149
254,KDTX20150528_093357_V06,-27,0.325,375.99,389.809387,23.230049,-83.01,42.294545,11615.024567,20150528_053357
254,KDTX20150528_094337_V06,-17,0.909,381.89,392.963235,23.634156,-82.98,42.280199,11817.078165,20150528_054337
254,KDTX20150528_095319_V06,-7,0.627,380.42,392.020821,26.829735,-82.98,42.284479,13414.867631,20150528_055319
254,KDTX20150528_100511_V06,5,0.298,373.29,396.202077,27.615069,-83.03,42.265835,13807.534603,20150528_060511
254,KDTX20150528_101452_V06,14,-1.000,368.33,398.992549,28.403519,-83.06,42.253388,14201.759376,20150528_061452
254,KDTX20150528_101948_V06,19,0.142,374.44,407.201660,11.202766,-83.02,42.216296,5601.383209,20150528_061948
254,KDTX20150528_102446_V06,24,0.536,373.74,404.335603,17.517253,-83.03,42.229213,8758.626650,20150528_062446
254,KDTX20150528_102943_V06,29,-1.000,373.17,402.024267,24.148291,-83.03,42.239631,12074.145554,20150528_062943
254,KDTX20150528_103443_V06,34,0.197,367.81,401.607239,12.353386,-83.06,42.241630,6176.692963,20150528_063443
254,KDTX20150528_104424_V06,44,0.217,367.44,400.565938,20.443044,-83.06,42.246325,10221.521929,20150528_064424
254,KDTX20150528_105405_V06,54,0.260,368.58,410.677246,15.606003,-83.06,42.200786,7803.001404,20150528_065405
258,KDTX20150528_094337_V06,-17,0.100,456.72,400.053528,11.249954,-82.52,42.245410,5624.977112,20150528_054337
259,KDTX20150528_095319_V06,-7,0.546,400.68,498.055756,41.877193,-82.87,41.806590,20938.596725,20150528_055319
262,KDTX20150528_095319_V06,-7,0.132,183.65,342.029510,3.328442,-84.18,42.508351,1664.220810,20150528_055319
263,KDTX20150528_100511_V06,5,0.502,302.52,483.951477,12.717001,-83.46,41.871697,6358.500481,20150528_060511
263,KDTX20150528_101452_V06,14,-1.000,302.52,483.951477,27.027001,-83.46,41.871697,13513.500481,20150528_061452
263,KDTX20150528_101948_V06,19,0.221,302.73,483.433716,13.028126,-83.46,41.874027,6514.062881,20150528_061948
263,KDTX20150528_102446_V06,24,-1.000,302.73,483.433716,20.978126,-83.46,41.874027,10489.062881,20150528_062446
263,KDTX20150528_102943_V06,29,0.190,301.73,484.278259,15.758053,-83.46,41.870226,7879.026413,20150528_062943
263,KDTX20150528_103443_V06,34,0.176,311.42,476.711029,6.938549,-83.40,41.904271,3469.274521,20150528_063443
276,KDTX20150528_103443_V06,34,0.156,134.69,154.915497,23.089760,-84.49,43.348199,11544.879913,20150528_063443
280,KDTX20150528_105405_V06,54,0.208,273.84,115.489838,7.159424,-83.63,43.530023,3579.711914,20150528_065405
281,KDTX20150528_110347_V06,63,0.307,314.77,73.624756,3.120499,-83.38,43.718503,1560.249329,20150528_070347
283,KDTX20150528_111825_V06,78,0.104,432.99,315.109985,5.989746,-82.66,42.628840,2994.873047,20150528_071825
284,KDTX20150528_112319_V06,83,0.657,311.22,97.900665,3.364594,-83.40,43.609272,1682.296753,20150528_072319
268,KDTX20150529_095612_V06,-4,0.327,319.57,280.222290,10.352966,-83.35,42.788676,5176.483154,20150529_055612
268,KDTX20150529_100554_V06,5,0.598,312.52,281.191308,15.416876,-83.40,42.784351,7708.438177,20150529_060554
263,KDTX20150529_093648_V06,-24,0.179,345.58,355.974548,6.399597,-83.19,42.447438,3199.798584,20150529_053648
265,KDTX20150529_094629_V06,-14,0.145,366.89,406.712738,9.936630,-83.07,42.218668,4968.315125,20150529_054629
275,KDTX20150529_100554_V06,5,0.140,326.64,333.044891,3.372574,-83.31,42.550869,1686.286926,20150529_060554
267,KDTX20150602_102242_V06,24,0.212,150.04,163.342529,29.668596,-84.40,43.311074,14834.298134,20150602_062242
273,KDTX20150603_101935_V06,22,0.217,440.59,482.173889,33.164284,-82.62,41.876545,16582.141876,20150603_061935
275,KDTX20150603_105822_V06,61,0.102,28.42,227.591461,30.243538,-85.14,43.013546,15121.768951,20150603_065822
271,KDTX20150604_100058_V06,3,0.320,398.79,277.877167,3.254623,-82.87,42.797704,1627.311707,20150604_060058
274,KDTX20150604_104928_V06,52,0.162,470.84,238.325500,3.321136,-82.42,42.972536,1660.568237,20150604_064928
285,KDTX20150605_094702_V06,-9,0.504,383.36,391.000153,16.032501,-82.97,42.288996,8016.250610,20150605_054702
285,KDTX20150605_095158_V06,-5,0.294,383.19,391.275595,21.928926,-82.97,42.287761,10964.463187,20150605_055158
285,KDTX20150605_095655_V06,0,0.331,381.11,395.525986,25.918510,-82.98,42.268684,12959.255084,20150605_055655
276,KDTX20150605_093713_V06,-19,0.168,215.10,270.241852,3.235069,-83.99,42.832484,1617.534637,20150605_053713
276,KDTX20150605_094207_V06,-14,0.320,216.40,270.259282,9.555036,-83.98,42.832441,4777.518072,20150605_054207
280,KDTX20150605_094207_V06,-14,0.286,304.19,142.957947,34.757874,-83.45,43.406517,17378.936768,20150605_054207
280,KDTX20150605_094702_V06,-9,0.163,305.35,143.677505,41.445189,-83.44,43.403276,20722.594425,20150605_054702
289,KDTX20150605_095655_V06,0,0.263,463.64,528.743958,29.821266,-82.49,41.665800,14910.633087,20150605_055655
289,KDTX20150605_100151_V06,5,0.273,463.74,528.376848,36.153312,-82.49,41.667447,18076.656192,20150605_060151
289,KDTX20150605_100646_V06,10,0.293,446.95,523.471680,27.367111,-82.59,41.690357,13683.555603,20150605_060646
298,KDTX20150605_101637_V06,20,0.153,481.41,556.059265,22.515205,-82.38,41.541870,11257.602692,20150605_061637
298,KDTX20150605_102132_V06,25,0.136,482.87,555.766549,29.951981,-82.38,41.543104,14975.990418,20150605_062132
298,KDTX20150605_102627_V06,30,-1.000,484.04,555.530487,37.488090,-82.37,41.544098,18744.045037,20150605_062627
298,KDTX20150605_103122_V06,35,0.464,456.42,557.988281,32.223061,-82.53,41.534525,16111.530304,20150605_063122
305,KDTX20150605_105602_V06,60,0.162,303.28,398.868011,3.770332,-83.45,42.254698,1885.166168,20150605_065602
305,KDTX20150605_110059_V06,64,0.224,303.65,398.863011,8.684696,-83.45,42.254720,4342.347916,20150605_070059
272,KDTX20150605_092722_V06,-29,0.666,392.71,68.001587,3.224884,-82.90,43.742415,1612.442017,20150605_052722
273,KDTX20150605_093217_V06,-24,0.241,370.16,216.807831,3.321365,-83.04,43.073347,1660.682678,20150605_053217
275,KDTX20150605_093217_V06,-24,0.142,460.59,315.537018,24.738174,-82.49,42.625602,12369.087219,20150605_053217
277,KDTX20150605_093713_V06,-19,0.141,242.64,366.173004,6.930077,-83.82,42.401337,3465.038300,20150605_053713
278,KDTX20150605_094207_V06,-14,0.743,384.06,389.804443,24.531914,-82.96,42.294359,12265.956879,20150605_054207
279,KDTX20150605_094207_V06,-14,0.350,252.52,240.854401,7.361725,-83.76,42.965558,3680.862427,20150605_054207
282,KDTX20150605_094207_V06,-14,0.104,472.14,527.272827,32.955143,-82.44,41.671968,16477.571487,20150605_054207
287,KDTX20150605_095158_V06,-5,0.413,461.11,423.424774,29.587685,-82.50,42.139993,14793.842316,20150605_055158
288,KDTX20150605_095158_V06,-5,0.218,392.85,67.799255,2.900925,-82.90,43.743321,1450.462341,20150605_055158
295,KDTX20150605_101141_V06,15,0.103,533.60,490.077087,68.350113,-82.07,41.835418,34175.056458,20150605_061141
297,KDTX20150605_101637_V06,20,0.298,262.31,117.925049,10.815594,-83.70,43.518942,5407.796860,20150605_061637
300,KDTX20150605_102627_V06,30,0.420,378.74,390.279236,24.440613,-82.99,42.292362,12220.306396,20150605_062627
301,KDTX20150605_102627_V06,30,0.103,550.00,201.720093,13.949066,-81.94,43.131800,6974.533081,20150605_062627
303,KDTX20150605_103618_V06,40,0.171,496.84,557.046448,40.016182,-82.29,41.536502,20008.090973,20150605_063618
306,KDTX20150605_105602_V06,60,0.122,327.05,486.450989,2.964176,-83.31,41.860329,1482.088089,20150605_065602
310,KDTX20150605_111546_V06,79,0.135,415.99,364.363617,58.574184,-82.77,42.407841,29287.092209,20150605_071546
294,KDTX20150606_100436_V06,8,0.139,251.81,398.138916,6.050045,-83.76,42.257608,3025.022507,20150606_060436
314,KDTX20150607_100337_V06,7,0.150,464.75,275.326569,6.460510,-82.46,42.806351,3230.255127,20150607_060337
314,KDTX20150607_100835_V06,12,0.201,465.09,277.270644,12.126005,-82.46,42.797583,6063.002374,20150607_060835
295,KDTX20150607_092905_V06,-27,0.153,142.28,159.001129,24.409315,-84.44,43.330217,12204.657555,20150607_052905
296,KDTX20150607_092905_V06,-27,0.109,415.15,476.941498,34.115856,-82.78,41.901136,17057.928085,20150607_052905
297,KDTX20150607_093401_V06,-22,0.146,536.10,476.544922,62.786156,-82.05,41.896136,31393.077850,20150607_053401
298,KDTX20150607_093401_V06,-22,0.135,133.26,350.621857,11.574120,-84.49,42.467371,5787.059784,20150607_053401
304,KDTX20150607_094850_V06,-8,0.215,511.62,479.024231,82.063072,-82.20,41.886727,41031.536102,20150607_054850
306,KDTX20150607_094850_V06,-8,0.101,298.65,101.796204,6.309860,-83.48,43.591761,3154.930115,20150607_054850
309,KDTX20150607_095841_V06,2,0.160,150.33,373.792969,2.981422,-84.38,42.363955,1490.711212,20150607_055841
313,KDTX20150607_100337_V06,7,0.183,488.25,346.546936,15.749718,-82.33,42.484476,7874.858856,20150607_060337
315,KDTX20150607_100835_V06,12,0.574,94.75,237.168518,3.434391,-84.73,42.975626,1717.195511,20150607_060835
316,KDTX20150607_100835_V06,12,0.129,364.49,288.676392,10.165497,-83.08,42.750010,5082.748413,20150607_060835
318,KDTX20150607_101827_V06,22,0.237,271.38,88.943176,31.633133,-83.65,43.649468,15816.566467,20150607_061827
320,KDTX20150607_102818_V06,32,0.586,230.22,96.262726,3.196350,-83.90,43.615856,1598.175049,20150607_062818
321,KDTX20150607_104304_V06,47,0.842,251.71,110.020294,21.270409,-83.77,43.554365,10635.204315,20150607_064304
312,KDTX20150608_103539_V06,39,0.582,342.93,309.072174,19.382843,-83.21,42.658587,9691.421509,20150608_063539
317,KDTX20150608_105304_V06,57,0.198,91.76,158.818298,37.760307,-84.76,43.327992,18880.153656,20150608_065304
321,KDTX20150608_105853_V06,62,0.234,291.66,375.469391,6.202827,-83.52,42.360012,3101.413727,20150608_065853
325,KDTX20150609_102506_V06,30,0.134,264.97,334.893768,2.884933,-83.68,42.542463,1442.466736,20150609_062506
325,KDTX20150609_103001_V06,35,0.277,264.93,334.637354,8.476840,-83.69,42.543617,4238.420206,20150609_063001
314,KDTX20150609_094044_V06,-15,0.138,421.94,85.186890,7.063416,-82.72,43.664038,3531.707764,20150609_054044
319,KDTX20150609_095530_V06,0,0.418,235.37,177.893707,65.918221,-83.87,43.248604,32959.110260,20150609_055530
328,KDTX20150609_103456_V06,39,0.110,298.67,383.405243,6.143753,-83.48,42.324302,3071.876526,20150609_063456
329,KDTX20150609_105441_V06,59,0.254,265.04,334.744354,2.957184,-83.68,42.543136,1478.591919,20150609_065441
330,KDTX20150609_110926_V06,74,0.684,265.35,333.919922,3.167709,-83.68,42.546850,1583.854675,20150609_070926
330,KDTX20150609_111422_V06,79,-1.000,265.35,333.919922,11.117709,-83.68,42.546850,5558.854675,20150609_071422
330,KDTX20150609_111917_V06,84,0.126,264.36,333.798065,3.151642,-83.69,42.547388,1575.820923,20150609_071917
331,KDTX20150609_110926_V06,74,0.129,269.78,334.418610,3.304367,-83.66,42.544652,1652.183533,20150609_070926
341,KDTX20150610_101823_V06,23,0.128,500.89,291.963867,10.096786,-82.25,42.729326,5048.393250,20150610_061823
342,KDTX20150610_102302_V06,28,0.247,534.46,335.168427,12.430408,-82.04,42.532522,6215.204239,20150610_062302
345,KDTX20150610_103141_V06,36,0.124,487.14,293.535889,10.436234,-82.33,42.723119,5218.116760,20150610_063141
360,KDTX20150610_110020_V06,65,0.125,311.94,286.546021,3.817841,-83.40,42.760253,1908.920288,20150610_070020
362,KDTX20150610_111931_V06,84,0.359,305.44,286.473541,3.711685,-83.44,42.760597,1855.842590,20150610_071931
363,KDTX20150610_111931_V06,84,0.273,310.43,286.004272,3.743332,-83.41,42.762696,1871.665955,20150610_071931
325,KDTX20150611_092707_V06,-28,0.113,290.86,349.631561,12.198013,-83.53,42.476311,6099.006653,20150611_052707
326,KDTX20150611_093658_V06,-19,0.185,255.13,390.723358,2.903744,-83.74,42.291037,1451.871872,20150611_053658
327,KDTX20150611_094153_V06,-14,0.125,320.80,328.109955,67.922653,-83.34,42.573126,33961.326599,20150611_054153
328,KDTX20150611_100135_V06,6,0.101,528.69,466.614990,64.528221,-82.09,41.941379,32264.110565,20150611_060135
329,KDTX20150611_102056_V06,25,0.696,35.34,408.941833,39.961182,-85.07,42.198092,19980.590820,20150611_062056
340,KDTX20150612_105236_V06,57,0.147,409.23,277.641235,3.021103,-82.80,42.798412,1510.551453,20150612_065236
340,KDTX20150612_105730_V06,62,0.135,409.22,277.630919,8.899756,-82.80,42.798459,4449.878231,20150612_065730
340,KDTX20150612_110222_V06,67,0.136,408.93,277.607300,3.213257,-82.81,42.798575,1606.628418,20150612_070222
342,KDTX20150612_105730_V06,62,0.116,369.19,247.097198,3.122467,-83.05,42.937047,1561.233521,20150612_065730
342,KDTX20150612_110222_V06,67,0.343,369.22,247.193529,8.627880,-83.05,42.936613,4313.940123,20150612_070222
342,KDTX20150612_110714_V06,72,0.172,370.48,248.831940,3.045883,-83.04,42.929210,1522.941589,20150612_070714
342,KDTX20150612_111207_V06,77,0.397,370.62,248.816570,8.317039,-83.04,42.929276,4158.519689,20150612_071207
351,KDTX20150612_111659_V06,81,0.152,413.75,278.040039,3.209564,-82.78,42.796453,1604.782104,20150612_071659
351,KDTX20150612_112151_V06,86,0.116,413.61,278.039183,9.092054,-82.78,42.796462,4546.026795,20150612_072151
341,KDTX20150613_102436_V06,29,0.177,264.04,329.947784,3.222366,-83.69,42.564714,1611.183167,20150613_062436
341,KDTX20150613_102931_V06,34,0.124,264.16,331.089832,9.042387,-83.69,42.559575,4521.193627,20150613_062931
341,KDTX20150613_103427_V06,39,-1.000,264.25,332.010838,15.274662,-83.69,42.555431,7637.331095,20150613_063427
341,KDTX20150613_103922_V06,44,0.207,264.66,334.920990,3.099121,-83.69,42.542337,1549.560547,20150613_063922
336,KDTX20150613_100949_V06,14,0.188,467.31,299.861786,19.546951,-82.45,42.695792,9773.475647,20150613_060949
337,KDTX20150613_101445_V06,19,0.128,265.10,332.976166,5.643311,-83.68,42.551096,2821.655273,20150613_061445
337,KDTX20150613_101941_V06,24,-1.000,265.10,332.976166,13.593311,-83.68,42.551096,6796.655273,20150613_061941
337,KDTX20150613_102436_V06,29,0.748,264.38,334.225006,3.439743,-83.69,42.545466,1719.871521,20150613_062436
347,KDTX20150613_111848_V06,83,0.115,439.03,295.602051,34.579971,-82.62,42.716372,17289.985657,20150613_071848
337,KDTX20150615_092817_V06,-27,0.214,301.99,287.018921,3.727966,-83.46,42.758147,1863.983154,20150615_052817
340,KDTX20150615_095252_V06,-3,0.220,546.14,472.241364,38.197163,-81.99,41.914732,19098.581314,20150615_055252
352,KDTX20150615_101727_V06,22,0.167,438.11,566.258667,23.859554,-82.64,41.498149,11929.777145,20150615_061727
357,KDTX20150615_102223_V06,27,0.108,40.95,404.622162,12.775490,-85.04,42.218004,6387.744904,20150615_062223
348,KDTX20150616_104712_V06,52,0.637,265.97,333.963898,3.318802,-83.68,42.546660,1659.400940,20150616_064712
348,KDTX20150616_105208_V06,57,0.521,265.93,334.345330,8.266806,-83.68,42.544942,4133.402903,20150616_065208
343,KDTX20150616_102730_V06,32,0.129,61.09,567.923462,10.600691,-84.90,41.484640,5300.345421,20150616_062730
346,KDTX20150616_103720_V06,42,0.600,528.28,480.228699,34.794010,-82.10,41.880137,17397.005081,20150616_063720
346,KDTX20150616_104216_V06,47,-1.000,528.28,480.228699,42.744010,-82.10,41.880137,21372.005081,20150616_064216
346,KDTX20150616_104712_V06,52,0.111,535.46,493.027527,34.756889,-82.05,41.822001,17378.444672,20150616_064712
346,KDTX20150616_105208_V06,57,0.112,542.56,489.627380,31.228148,-82.01,41.836762,15614.073753,20150616_065208
350,KDTX20150616_104712_V06,52,0.108,440.44,287.837463,18.812546,-82.61,42.751253,9406.272888,20150616_064712
351,KDTX20150616_105208_V06,57,0.712,239.04,405.618225,3.274193,-83.84,42.223717,1637.096405,20150616_065208
358,KDTX20150616_110200_V06,67,0.124,238.99,399.803131,2.807678,-83.84,42.249891,1403.839111,20150616_070200
347,KDTX20150617_092754_V06,-28,0.404,263.63,116.940796,11.449738,-83.70,43.523388,5724.868774,20150617_052754
347,KDTX20150617_093251_V06,-23,0.105,263.12,116.246942,17.542058,-83.70,43.526504,8771.028808,20150617_053251
350,KDTX20150617_093251_V06,-23,0.168,460.77,307.347687,33.846756,-82.49,42.662450,16923.377991,20150617_053251
350,KDTX20150617_093747_V06,-18,0.144,461.14,308.746724,39.589084,-82.49,42.656134,19794.541835,20150617_053747
350,KDTX20150617_094244_V06,-13,0.828,461.64,312.888641,35.073334,-82.49,42.637467,17536.666870,20150617_054244
351,KDTX20150617_093251_V06,-23,0.124,175.18,210.603180,7.260788,-84.24,43.099524,3630.393982,20150617_053251
351,KDTX20150617_093747_V06,-18,0.305,175.26,211.100709,12.730266,-84.24,43.097288,6365.133087,20150617_053747
351,KDTX20150617_094244_V06,-13,0.178,175.12,215.167969,10.994705,-84.24,43.078978,5497.352600,20150617_054244
351,KDTX20150617_094741_V06,-8,0.253,176.72,214.984636,16.873770,-84.23,43.079868,8436.885074,20150617_054741
362,KDTX20150617_100723_V06,12,0.272,373.11,246.778412,3.211761,-83.02,42.938391,1605.880737,20150617_060723
362,KDTX20150617_101219_V06,17,0.278,373.09,246.762021,8.727620,-83.02,42.938465,4363.810160,20150617_061219
362,KDTX20150617_101717_V06,22,0.315,373.76,246.305878,2.942017,-83.02,42.940502,1471.008301,20150617_061717
362,KDTX20150617_102214_V06,27,0.123,373.63,246.460590,8.845463,-83.02,42.939809,4422.731406,20150617_062214
353,KDTX20150617_093747_V06,-18,0.108,317.56,500.337555,32.944931,-83.37,41.797884,16472.465515,20150617_053747
353,KDTX20150617_094244_V06,-13,-1.000,317.56,500.337555,40.894931,-83.37,41.797884,20447.465515,20150617_054244
353,KDTX20150617_094741_V06,-8,0.107,314.33,496.411316,33.427898,-83.39,41.815575,16713.949203,20150617_054741
357,KDTX20150617_094741_V06,-8,0.161,399.86,431.666718,3.278793,-82.87,42.105460,1639.396667,20150617_054741
360,KDTX20150617_100227_V06,7,0.202,408.20,451.726929,5.977623,-82.82,42.014885,2988.811493,20150617_060227
364,KDTX20150617_102711_V06,32,0.212,265.12,334.324402,3.310745,-83.68,42.545027,1655.372620,20150617_062711
368,KDTX20150617_104158_V06,46,0.205,276.17,564.600403,14.416609,-83.61,41.508545,7208.304405,20150617_064158
371,KDTX20150617_110140_V06,66,0.443,375.75,396.912384,8.098053,-83.01,42.262579,4049.026489,20150617_070140
373,KDTX20150617_110635_V06,71,0.119,476.36,349.587372,10.938812,-82.40,42.471493,5469.406128,20150617_070635
363,KDTX20150618_104955_V06,54,0.111,198.17,282.505798,24.780449,-84.09,42.776772,12390.224457,20150618_064955
362,KDTX20150619_103912_V06,44,0.179,264.54,333.280823,6.670273,-83.69,42.549718,3335.136414,20150619_063912
362,KDTX20150619_104854_V06,53,0.108,264.99,333.183839,13.865759,-83.68,42.550160,6932.879317,20150619_064854
362,KDTX20150619_105835_V06,63,0.206,266.06,334.021393,6.295563,-83.68,42.546402,3147.781372,20150619_065835
362,KDTX20150619_110816_V06,73,0.200,266.05,334.190011,13.382291,-83.68,42.545643,6691.145443,20150619_070816
364,KDTX20150619_110816_V06,73,0.146,337.40,269.240479,6.053528,-83.24,42.837938,3026.763916,20150619_070816
364,KDTX20150619_111758_V06,82,0.210,337.53,267.593413,12.830844,-83.24,42.845350,6415.421752,20150619_071758
359,KDTX20150619_101008_V06,15,0.122,361.20,399.419067,3.129242,-83.10,42.251616,1564.620972,20150619_061008
360,KDTX20150619_101950_V06,24,0.224,264.13,335.774261,3.362381,-83.69,42.538490,1681.190491,20150619_061950
365,KDTX20150621_092919_V06,-26,0.112,23.34,331.168976,27.894386,-85.16,42.547026,13947.193146,20150621_052919
365,KDTX20150621_093414_V06,-21,0.596,25.94,330.676690,33.414014,-85.14,42.549473,16707.006817,20150621_053414
365,KDTX20150621_093910_V06,-16,0.455,33.82,329.832072,35.917892,-85.09,42.553964,17958.946019,20150621_053910
383,KDTX20150621_110747_V06,72,0.907,335.22,269.300232,3.452850,-83.26,42.837695,1726.425171,20150621_070747
383,KDTX20150621_111242_V06,77,0.841,334.97,269.220359,6.251353,-83.26,42.838058,3125.676321,20150621_071242
383,KDTX20150621_111738_V06,82,0.172,334.46,270.032734,9.442426,-83.26,42.834407,4721.212841,20150621_071738
377,KDTX20150621_104803_V06,53,0.407,263.68,333.811401,3.532043,-83.69,42.547320,1766.021729,20150621_064803
377,KDTX20150621_105259_V06,57,0.391,263.99,333.964962,8.255875,-83.69,42.546632,4127.937577,20150621_065259
377,KDTX20150621_105754_V06,62,-1.000,264.27,334.104563,14.718449,-83.69,42.546007,7359.224713,20150621_065754
377,KDTX20150621_110251_V06,67,0.246,265.08,333.514801,3.380981,-83.68,42.548671,1690.490723,20150621_070251
379,KDTX20150621_105754_V06,62,0.507,334.61,268.739410,3.507431,-83.26,42.840226,1753.715515,20150621_065754
379,KDTX20150621_110251_V06,67,0.110,334.76,268.936106,9.350219,-83.26,42.839339,4675.109328,20150621_070251
379,KDTX20150621_110747_V06,72,0.168,342.53,267.213531,7.045151,-83.21,42.846994,3522.575378,20150621_070747
388,KDTX20150621_111242_V06,77,0.612,265.02,333.219421,3.769257,-83.68,42.550000,1884.628296,20150621_071242
388,KDTX20150621_111738_V06,82,0.888,264.75,332.896459,5.887524,-83.69,42.551450,2943.761835,20150621_071738
363,KDTX20150621_092919_V06,-26,0.450,567.18,345.492249,15.761265,-81.85,42.483407,7880.632401,20150621_052919
367,KDTX20150621_093414_V06,-21,0.122,208.24,304.309845,15.742935,-84.03,42.678953,7871.467590,20150621_053414
369,KDTX20150621_094902_V06,-6,0.145,302.86,295.352356,3.216888,-83.45,42.720638,1608.444214,20150621_054902
372,KDTX20150621_100348_V06,8,0.100,208.99,524.252686,7.101704,-84.02,41.688957,3550.851822,20150621_060348
375,KDTX20150621_102823_V06,33,0.196,241.22,349.371155,2.963310,-83.83,42.476938,1481.655121,20150621_062823
381,KDTX20150621_105754_V06,62,0.131,329.68,268.852783,3.533676,-83.29,42.839768,1766.838074,20150621_065754
375,KDTX20150622_094614_V06,-10,0.168,398.69,454.646027,3.001266,-82.88,42.002060,1500.633240,20150622_054614
375,KDTX20150624_093626_V06,-20,0.248,239.88,278.791229,3.593697,-83.84,42.794591,1796.848297,20150624_053626
378,KDTX20150624_094608_V06,-10,0.196,228.56,452.221619,6.649750,-83.90,42.013715,3324.874878,20150624_054608
379,KDTX20150624_095549_V06,-1,0.203,368.95,246.809723,3.132477,-83.05,42.938346,1566.238403,20150624_055549
380,KDTX20150624_095549_V06,-1,0.161,204.48,549.525085,6.156618,-84.04,41.575055,3078.309059,20150624_055549
381,KDTX20150624_095549_V06,-1,0.139,417.94,484.774414,34.915398,-82.76,41.865773,17457.698822,20150624_055549
382,KDTX20150624_095549_V06,-1,0.130,362.21,395.359924,6.747070,-83.09,42.269868,3373.535156,20150624_055549
383,KDTX20150624_102453_V06,28,0.105,368.45,246.323303,3.097809,-83.05,42.940547,1548.904419,20150624_062453
384,KDTX20150624_103434_V06,38,0.399,413.59,277.050293,3.244675,-82.78,42.800913,1622.337341,20150624_063434
385,KDTX20150624_103434_V06,38,0.188,409.21,276.945221,3.263397,-82.80,42.801545,1631.698608,20150624_063434
386,KDTX20150624_103434_V06,38,0.160,237.87,398.652374,3.110710,-83.85,42.255049,1555.355072,20150624_063434
389,KDTX20150624_110358_V06,67,0.207,238.84,526.298279,29.597736,-83.84,41.680470,14798.868179,20150624_070358
390,KDTX20150624_111349_V06,77,0.267,308.98,528.751648,13.906872,-83.42,41.670008,6953.435898,20150624_071349
391,KDTX20150624_111845_V06,82,0.282,361.87,396.989197,6.204506,-83.10,42.262541,3102.252960,20150624_071845
392,KDTX20150624_111845_V06,82,0.203,295.36,129.959900,31.028824,-83.50,43.465012,15514.411926,20150624_071845
393,KDTX20150624_111845_V06,82,0.176,134.88,308.652954,6.630669,-84.48,42.656346,3315.334320,20150624_071845
407,KDTX20150625_105637_V06,59,0.569,304.82,398.458099,3.447701,-83.44,42.256541,1723.850250,20150625_065637
407,KDTX20150625_110133_V06,64,0.661,304.81,398.585100,7.732719,-83.44,42.255969,3866.359596,20150625_070133
407,KDTX20150625_110628_V06,69,0.171,300.94,397.920088,10.896971,-83.47,42.258966,5448.485311,20150625_070628
413,KDTX20150625_110628_V06,69,0.164,357.59,388.803589,10.134560,-83.12,42.299468,5067.279816,20150625_070628
413,KDTX20150625_111124_V06,74,0.139,359.53,387.655702,16.963306,-83.11,42.304599,8481.652899,20150625_071124
413,KDTX20150625_111619_V06,79,0.129,355.62,376.204253,23.397591,-83.13,42.356217,11698.795654,20150625_071619
413,KDTX20150625_112114_V06,84,0.436,358.24,381.494568,11.184319,-83.12,42.332356,5592.159271,20150625_072114
413,KDTX20150625_112610_V06,89,0.158,357.83,380.388760,18.099852,-83.12,42.337341,9049.925789,20150625_072610
390,KDTX20150625_092912_V06,-28,0.700,357.63,382.458069,10.937843,-83.12,42.328030,5468.921661,20150625_052912
390,KDTX20150625_093854_V06,-19,0.372,358.51,382.756229,16.748419,-83.12,42.326672,8374.209699,20150625_053854
391,KDTX20150625_092912_V06,-28,0.180,426.76,350.630554,6.081360,-82.70,42.469230,3040.679932,20150625_052912
394,KDTX20150625_094835_V06,-9,0.273,398.51,333.697510,3.604813,-82.87,42.546474,1802.406311,20150625_054835
397,KDTX20150625_094835_V06,-9,0.145,436.68,342.431915,11.162750,-82.64,42.505708,5581.375122,20150625_054835
398,KDTX20150625_095817_V06,1,0.318,305.05,398.796692,3.563736,-83.44,42.255017,1781.867981,20150625_055817
399,KDTX20150625_100759_V06,10,0.142,329.24,343.876068,14.594315,-83.29,42.502093,7297.157288,20150625_060759
400,KDTX20150625_100759_V06,10,0.114,209.03,390.369263,2.988716,-84.02,42.291622,1494.358063,20150625_060759
401,KDTX20150625_102722_V06,30,0.153,404.37,274.113434,6.074951,-82.83,42.814459,3037.475586,20150625_062722
406,KDTX20150625_104645_V06,49,0.281,361.66,388.027161,7.106728,-83.10,42.302885,3553.363800,20150625_064645
406,KDTX20150625_105140_V06,54,-1.000,361.66,388.027161,15.056728,-83.10,42.302885,7528.363800,20150625_065140
406,KDTX20150625_105637_V06,59,0.176,361.61,387.181366,6.954582,-83.10,42.306693,3477.291107,20150625_065637
412,KDTX20150625_110628_V06,69,0.185,488.74,386.377747,3.170586,-82.33,42.305182,1585.292816,20150625_070628
414,KDTX20150625_110628_V06,69,0.124,132.84,169.585876,7.403597,-84.50,43.282080,3701.798439,20150625_070628
405,KDTX20150626_101747_V06,20,0.242,479.43,340.831909,7.224548,-82.38,42.510722,3612.274170,20150626_061747
405,KDTX20150626_102728_V06,30,0.166,478.46,348.551151,14.369840,-82.39,42.476036,7184.920158,20150626_062728
403,KDTX20150626_100805_V06,11,0.103,374.81,362.238007,23.155064,-83.02,42.418677,11577.531815,20150626_060805
403,KDTX20150626_101747_V06,20,-1.000,374.81,362.238007,37.465064,-83.02,42.418677,18732.531815,20150626_061747
403,KDTX20150626_102728_V06,30,0.122,381.58,358.730194,15.178547,-82.98,42.434295,7589.273453,20150626_062728
404,KDTX20150626_101747_V06,20,0.342,339.93,303.226990,7.461441,-83.23,42.684936,3730.720520,20150626_061747
407,KDTX20150626_101747_V06,20,0.132,478.76,331.829468,6.673981,-82.38,42.551277,3336.990356,20150626_061747
409,KDTX20150626_102728_V06,30,0.126,159.12,169.224121,33.035912,-84.34,43.285041,16517.955780,20150626_062728
413,KDTX20150626_105633_V06,59,0.160,275.73,336.432922,11.563786,-83.62,42.535638,5781.892776,20150626_065633
430,KDTX20150628_101858_V06,20,0.103,255.90,398.404480,2.948246,-83.74,42.256473,1474.123001,20150628_061858
430,KDTX20150628_102839_V06,30,0.295,256.02,399.406343,9.808903,-83.74,42.251965,4904.451700,20150628_062839
430,KDTX20150628_103821_V06,40,-1.000,256.13,400.351496,17.181222,-83.74,42.247712,8590.610850,20150628_063821
430,KDTX20150628_104802_V06,50,0.108,268.64,426.122035,22.485567,-83.66,42.131861,11242.783521,20150628_064802
422,KDTX20150628_095934_V06,1,0.387,541.92,403.611877,36.805824,-82.01,42.223931,18402.912140,20150628_055934
422,KDTX20150628_100916_V06,11,0.580,543.54,408.906208,41.753399,-82.00,42.199978,20876.699293,20150628_060916
410,KDTX20150628_093029_V06,-28,0.128,532.43,144.867218,30.037781,-82.04,43.389009,15018.890381,20150628_053029
411,KDTX20150628_094011_V06,-18,0.587,408.38,350.339447,15.436550,-82.81,42.471239,7718.275070,20150628_054011
414,KDTX20150628_094011_V06,-18,0.212,335.00,391.967163,23.804024,-83.26,42.285565,11902.011871,20150628_054011
415,KDTX20150628_094011_V06,-18,0.190,433.85,513.475281,40.594345,-82.67,41.735940,20297.172546,20150628_054011
415,KDTX20150628_094952_V06,-9,-1.000,433.85,513.475281,54.904345,-82.67,41.735940,27452.172546,20150628_054952
415,KDTX20150628_095934_V06,1,0.370,422.87,493.178497,14.419739,-82.73,41.827754,7209.869385,20150628_055934
416,KDTX20150628_094011_V06,-18,0.140,267.44,405.193420,48.899216,-83.67,42.226056,24449.607849,20150628_054011
417,KDTX20150628_094952_V06,-9,0.223,543.16,246.738037,12.035339,-81.98,42.929785,6017.669678,20150628_054952
421,KDTX20150628_095934_V06,1,0.641,419.24,557.391418,31.615700,-82.76,41.538836,15807.849884,20150628_055934
421,KDTX20150628_100916_V06,11,0.381,419.36,555.899292,23.483841,-82.76,41.545548,11741.920471,20150628_060916
426,KDTX20150628_100916_V06,11,0.134,318.62,359.917725,3.000664,-83.36,42.429969,1500.331879,20150628_060916
429,KDTX20150628_101858_V06,20,0.188,456.44,526.839111,29.111576,-82.53,41.674740,14555.788040,20150628_061858
420,KDTX20150629_093126_V06,-27,0.165,431.56,308.243958,6.779099,-82.67,42.659803,3389.549255,20150629_053126
420,KDTX20150629_094108_V06,-17,0.190,431.26,307.102581,13.865929,-82.67,42.664953,6932.964466,20150629_054108
423,KDTX20150629_094108_V06,-17,0.314,296.04,511.278229,3.157558,-83.50,41.748679,1578.779221,20150629_054108
423,KDTX20150629_095049_V06,-8,0.107,294.80,499.460335,19.549746,-83.50,41.801878,9774.872840,20150629_055049
423,KDTX20150629_100030_V06,2,0.301,302.19,483.442139,11.640583,-83.46,41.873990,5820.291519,20150629_060030
425,KDTX20150629_094108_V06,-17,0.233,512.29,507.345642,68.826584,-82.20,41.759209,34413.291931,20150629_054108
425,KDTX20150629_095049_V06,-8,0.211,511.56,507.377039,77.489848,-82.20,41.759117,38744.924224,20150629_055049
427,KDTX20150629_094108_V06,-17,0.130,355.47,390.537506,6.913673,-83.14,42.291702,3456.836700,20150629_054108
427,KDTX20150629_095049_V06,-8,-1.000,355.47,390.537506,21.223673,-83.14,42.291702,10611.836700,20150629_055049
427,KDTX20150629_100030_V06,2,0.114,381.69,392.711593,22.368710,-82.98,42.281337,11184.354960,20150629_060030
421,KDTX20150629_093126_V06,-27,0.158,518.08,237.985199,3.296295,-82.14,42.971063,1648.147583,20150629_053126
422,KDTX20150629_094108_V06,-17,0.520,199.46,165.114410,3.379166,-84.09,43.305140,1689.582825,20150629_054108
431,KDTX20150629_101010_V06,12,0.699,415.36,269.553223,11.128738,-82.77,42.834589,5564.369202,20150629_061010
432,KDTX20150629_101010_V06,12,0.148,239.86,335.352753,2.934494,-83.84,42.540010,1467.247009,20150629_061010
433,KDTX20150629_102934_V06,31,0.259,137.87,138.241577,7.555763,-84.47,43.423402,3777.881622,20150629_062934
434,KDTX20150629_104857_V06,50,0.129,238.44,398.971161,3.214012,-83.84,42.253625,1607.006073,20150629_064857
431,KDTX20150630_094431_V06,-15,0.133,458.11,339.573669,36.702042,-82.51,42.517550,18351.020813,20150630_054431
432,KDTX20150630_094431_V06,-15,0.125,413.24,328.414856,23.567181,-82.78,42.569745,11783.590317,20150630_054431
435,KDTX20150630_102318_V06,24,0.151,326.36,468.829834,11.297995,-83.31,41.939658,5648.997307,20150630_062318
