track_id,filename,from_sunrise,det_score,x,y,r,lon,lat,radius,local_time
2,KAPX20150701_093223_V06,-24,0.115,366.51,317.400269,7.571762,-84.30,44.828157,3785.881042,20150701_053223
10,KAPX20150701_103030_V06,34,0.145,340.87,159.034180,10.841965,-84.46,45.541126,5420.982361,20150701_063030
11,KAPX20150701_103030_V06,34,0.134,446.20,119.185852,15.674088,-83.78,45.716865,7837.043762,20150701_063030
5,KAPX20150702_102753_V06,31,0.152,302.63,309.492004,6.417267,-84.70,44.864512,3208.633423,20150702_062753
5,KAPX20150702_103735_V06,41,0.100,302.02,305.254693,14.011061,-84.71,44.883577,7005.530680,20150702_063735
5,KAPX20150702_104716_V06,51,0.166,305.81,300.075998,14.552612,-84.68,44.906872,7276.305832,20150702_064716
5,KAPX20150702_105658_V06,60,-1.000,308.66,295.568240,16.014790,-84.66,44.927146,8007.395019,20150702_065658
5,KAPX20150702_110639_V06,70,0.459,301.30,301.330322,10.491119,-84.71,44.901234,5245.559692,20150702_070639
8,KAPX20150702_104716_V06,51,0.348,208.34,460.120728,6.864464,-85.29,44.185303,3432.231903,20150702_064716
8,KAPX20150702_105658_V06,60,-1.000,208.34,460.120728,21.174464,-85.29,44.185303,10587.231903,20150702_065658
8,KAPX20150702_110639_V06,70,0.126,209.59,464.009766,3.479111,-85.28,44.167843,1739.555359,20150702_070639
9,KAPX20150702_104716_V06,51,0.303,207.13,468.470734,6.889906,-85.30,44.147692,3444.952965,20150702_064716
11,KAPX20150702_105658_V06,60,0.104,319.82,206.242523,2.925568,-84.59,45.328972,1462.783813,20150702_065658
16,KAPX20150702_110639_V06,70,0.124,214.05,464.468079,3.004852,-85.26,44.165916,1502.426147,20150702_070639
9,KAPX20150703_092933_V06,-28,0.143,485.57,313.937653,20.126648,-83.55,44.838477,10063.323975,20150703_052933
10,KAPX20150704_093133_V06,-27,0.184,360.44,344.911224,3.114498,-84.34,44.704512,1557.249069,20150704_053133
11,KAPX20150704_093133_V06,-27,0.121,461.37,441.812805,34.040344,-83.71,44.264631,17020.172119,20150704_053133
12,KAPX20150704_093133_V06,-27,0.109,370.14,314.554016,6.493851,-84.28,44.840876,3246.925354,20150704_053133
13,KAPX20150704_094114_V06,-17,0.332,380.49,215.999451,11.856094,-84.21,45.283999,5928.047180,20150704_054114
14,KAPX20150704_094114_V06,-17,0.326,251.11,369.053101,6.182571,-85.03,44.596109,3091.285706,20150704_054114
16,KAPX20150704_094114_V06,-17,0.228,317.78,421.201233,27.387520,-84.61,44.361826,13693.759918,20150704_054114
18,KAPX20150704_095055_V06,-8,0.198,287.82,428.765442,17.152313,-84.80,44.327819,8576.156616,20150704_055055
20,KAPX20150704_101958_V06,21,0.203,304.01,287.415222,3.602982,-84.69,44.963839,1801.490784,20150704_061958
20,KAPX20150704_102938_V06,31,-1.000,304.01,287.415222,19.502982,-84.69,44.963839,9751.490784,20150704_062938
20,KAPX20150704_103919_V06,41,0.185,302.83,287.703613,3.539551,-84.70,44.962543,1769.775391,20150704_063919
21,KAPX20150704_101958_V06,21,0.176,309.93,287.014221,3.502136,-84.66,44.965628,1751.068115,20150704_061958
27,KAPX20150704_110822_V06,70,0.475,296.43,286.777069,3.895691,-84.74,44.966711,1947.845459,20150704_070822
32,KAPX20150705_101751_V06,19,0.386,153.09,335.900940,6.988060,-85.65,44.741918,3494.029999,20150705_061751
32,KAPX20150705_102732_V06,29,0.112,152.26,335.322147,14.348305,-85.65,44.744479,7174.152299,20150705_062732
43,KAPX20150705_104653_V06,48,0.119,208.79,462.881104,4.088402,-85.29,44.172897,2044.200897,20150705_064653
43,KAPX20150705_105147_V06,53,-1.000,208.79,462.881104,12.038402,-85.29,44.172897,6019.200897,20150705_065147
43,KAPX20150705_105643_V06,58,0.139,203.60,468.081526,15.431765,-85.32,44.149328,7715.882376,20150705_065643
45,KAPX20150705_105643_V06,58,0.404,190.66,95.480225,15.016563,-85.42,45.825185,7508.281708,20150705_065643
45,KAPX20150705_110138_V06,63,-1.000,190.66,95.480225,22.966563,-85.42,45.825185,11483.281708,20150705_070138
45,KAPX20150705_110633_V06,68,0.101,180.77,87.980426,29.904747,-85.49,45.858516,14952.373443,20150705_070633
45,KAPX20150705_111128_V06,73,0.136,191.09,107.910736,6.891205,-85.42,45.769286,3445.602417,20150705_071128
45,KAPX20150705_111623_V06,78,-1.000,191.09,107.910736,14.841205,-85.42,45.769286,7420.602417,20150705_071623
45,KAPX20150705_112117_V06,83,0.123,192.89,97.285461,11.884537,-85.41,45.817151,5942.268372,20150705_072117
20,KAPX20150705_092927_V06,-29,0.225,438.96,274.865601,7.318024,-83.84,45.016907,3659.011841,20150705_052927
21,KAPX20150705_093908_V06,-19,0.532,293.80,72.305420,19.014954,-84.76,45.931573,9507.476807,20150705_053908
22,KAPX20150705_093908_V06,-19,0.199,246.71,358.606934,3.063446,-85.06,44.643032,1531.723022,20150705_053908
23,KAPX20150705_093908_V06,-19,0.128,348.17,382.309448,11.594528,-84.42,44.536475,5797.264099,20150705_053908
25,KAPX20150705_094849_V06,-10,0.404,493.62,522.769592,35.761608,-83.51,43.898409,17880.804062,20150705_054849
26,KAPX20150705_094849_V06,-10,0.205,474.22,447.916199,48.070290,-83.63,44.236425,24035.144806,20150705_054849
27,KAPX20150705_100810_V06,10,0.380,456.14,532.884888,30.784821,-83.75,43.855142,15392.410278,20150705_060810
28,KAPX20150705_100810_V06,10,0.200,346.65,286.364777,6.717484,-84.42,44.968185,3358.741760,20150705_060810
29,KAPX20150705_100810_V06,10,0.192,209.96,464.626740,6.423775,-85.28,44.165078,3211.887360,20150705_060810
30,KAPX20150705_100810_V06,10,0.184,202.90,468.356018,7.410095,-85.33,44.148070,3705.047607,20150705_060810
31,KAPX20150705_100810_V06,10,0.124,449.71,587.373047,6.266573,-83.79,43.610294,3133.286715,20150705_060810
33,KAPX20150705_101751_V06,19,0.157,125.72,358.133545,2.948305,-85.82,44.640360,1474.152565,20150705_061751
35,KAPX20150705_102732_V06,29,0.205,422.07,230.477295,3.039276,-83.94,45.217377,1519.638062,20150705_062732
36,KAPX20150705_102732_V06,29,0.155,318.28,398.722992,3.320473,-84.60,44.462967,1660.236359,20150705_062732
37,KAPX20150705_102732_V06,29,0.144,447.57,190.245392,3.088272,-83.78,45.397145,1544.136047,20150705_062732
38,KAPX20150705_102732_V06,29,0.117,378.17,67.117371,3.041092,-84.22,45.953819,1520.545959,20150705_062732
39,KAPX20150705_103712_V06,39,0.652,432.34,532.259155,45.742519,-83.90,43.859134,22871.259689,20150705_063712
40,KAPX20150705_104653_V06,48,0.324,247.31,337.274078,3.336998,-85.05,44.739027,1668.498993,20150705_064653
49,KAPX20150705_111128_V06,73,0.103,209.80,459.882385,7.038185,-85.28,44.186421,3519.092560,20150705_071128
45,KAPX20150706_094643_V06,-13,0.251,471.35,422.755066,35.121292,-83.65,44.349802,17560.646057,20150706_054643
45,KAPX20150706_095624_V06,-3,0.507,481.67,418.201436,43.301890,-83.58,44.369657,21650.945099,20150706_055624
45,KAPX20150706_100605_V06,7,0.491,494.98,410.387797,42.864248,-83.50,44.403941,21432.124196,20150706_060605
50,KAPX20150706_111348_V06,74,0.457,210.33,463.487976,3.936142,-85.28,44.170214,1968.070984,20150706_071348
50,KAPX20150706_112328_V06,84,0.140,207.99,466.798344,14.941823,-85.29,44.155245,7470.911458,20150706_072328
42,KAPX20150706_093702_V06,-22,0.464,347.10,439.725677,53.188164,-84.42,44.278143,26594.081879,20150706_053702
42,KAPX20150706_094643_V06,-13,0.119,365.68,429.948730,36.729393,-84.31,44.321773,18364.696503,20150706_054643
43,KAPX20150706_093702_V06,-22,0.161,480.06,301.850555,39.637451,-83.58,44.893206,19818.725586,20150706_053702
44,KAPX20150706_093702_V06,-22,0.125,349.79,200.116882,26.363159,-84.40,45.356160,13181.579590,20150706_053702
48,KAPX20150706_094643_V06,-13,0.114,362.29,296.145905,14.493546,-84.33,44.923879,7246.772766,20150706_054643
52,KAPX20150707_103040_V06,30,0.126,48.59,334.004547,65.915276,-86.31,44.743172,32957.637787,20150707_063040
51,KAPX20150708_094011_V06,-20,0.218,248.54,337.098541,3.343758,-85.04,44.739840,1671.878815,20150708_054011
52,KAPX20150708_094011_V06,-20,0.114,247.74,341.009857,3.423775,-85.05,44.722227,1711.887360,20150708_054011
53,KAPX20150708_094952_V06,-11,0.637,222.72,434.688477,3.360260,-85.20,44.300159,1680.130005,20150708_054952
55,KAPX20150708_095934_V06,-1,0.107,391.17,367.235535,2.985252,-84.15,44.603255,1492.626190,20150708_055934
60,KAPX20150708_103821_V06,38,0.802,389.76,365.470825,3.405319,-84.15,44.611239,1702.659607,20150708_063821
58,KAPX20150711_111637_V06,73,0.433,203.73,462.016541,6.534180,-85.32,44.176623,3267.089844,20150711_071637
58,KAPX20150711_112617_V06,83,0.103,206.29,461.242317,13.972081,-85.31,44.180191,6986.040347,20150711_072617
54,KAPX20150711_093951_V06,-24,0.168,297.71,284.221375,6.645203,-84.73,44.978210,3322.601318,20150711_053951
55,KAPX20150711_093951_V06,-24,0.139,333.29,415.640198,11.157906,-84.51,44.386711,5578.952789,20150711_053951
56,KAPX20150711_093951_V06,-24,0.119,206.95,468.678955,7.288185,-85.30,44.146749,3644.092560,20150711_053951
57,KAPX20150711_101833_V06,15,0.125,385.88,355.455322,6.159279,-84.18,44.656421,3079.639435,20150711_061833
59,KAPX20150712_093507_V06,-29,0.536,316.52,424.009033,3.203888,-84.62,44.349199,1601.943970,20150712_053507
59,KAPX20150712_094001_V06,-24,0.230,316.74,424.062274,9.002262,-84.61,44.348959,4501.131042,20150712_054001
59,KAPX20150712_094456_V06,-20,-1.000,316.89,424.096623,13.974116,-84.61,44.348803,6987.058186,20150712_054456
59,KAPX20150712_094950_V06,-15,0.119,313.12,424.922358,13.952237,-84.64,44.345107,6976.118277,20150712_054950
68,KAPX20150712_094456_V06,-20,0.107,270.04,430.553192,20.066296,-84.91,44.319645,10033.147812,20150712_054456
68,KAPX20150712_094950_V06,-15,0.356,263.97,431.848379,29.162507,-84.95,44.313747,14581.253530,20150712_054950
68,KAPX20150712_095444_V06,-10,0.198,253.36,430.853732,31.774357,-85.01,44.318071,15887.178642,20150712_055444
68,KAPX20150712_095939_V06,-5,-1.000,243.95,430.289949,35.709448,-85.07,44.320441,17854.724215,20150712_055939
68,KAPX20150712_100433_V06,0,0.105,279.27,443.281372,10.461952,-84.85,44.262452,5230.976105,20150712_060433
62,KAPX20150712_094001_V06,-24,0.339,249.61,333.529449,3.384117,-85.04,44.755917,1692.058563,20150712_054001
63,KAPX20150712_094001_V06,-24,0.318,254.74,333.337250,3.465614,-85.01,44.756868,1732.807159,20150712_054001
65,KAPX20150712_094001_V06,-24,0.114,303.07,286.833313,3.323349,-84.70,44.966458,1661.674500,20150712_054001
70,KAPX20150712_094950_V06,-15,0.371,546.23,451.068176,36.207558,-83.18,44.217013,18103.778839,20150712_054950
71,KAPX20150712_094950_V06,-15,0.213,403.20,217.211029,7.087051,-84.06,45.277810,3543.525696,20150712_054950
73,KAPX20150712_094950_V06,-15,0.156,246.47,239.588257,2.888245,-85.06,45.178514,1444.122314,20150712_054950
76,KAPX20150712_100927_V06,5,0.447,234.27,460.125549,5.928612,-85.13,44.185986,2964.305878,20150712_060927
77,KAPX20150712_100927_V06,5,0.156,463.28,358.457214,3.238091,-83.69,44.639551,1619.045258,20150712_060927
78,KAPX20150712_102408_V06,20,0.196,390.51,350.951355,2.938309,-84.15,44.676543,1469.154358,20150712_062408
79,KAPX20150712_102902_V06,25,0.161,279.05,443.995941,6.589096,-84.85,44.259235,3294.548035,20150712_062902
80,KAPX20150712_102902_V06,25,0.149,280.66,436.408875,6.447922,-84.84,44.293386,3223.960876,20150712_062902
82,KAPX20150712_111804_V06,74,0.274,325.71,141.631378,11.016388,-84.55,45.619595,5508.193970,20150712_071804
75,KAPX20150713_094343_V06,-21,0.112,470.82,430.572693,38.896553,-83.65,44.314660,19448.276520,20150713_054343
75,KAPX20150713_095324_V06,-11,0.796,470.70,427.844719,45.070260,-83.65,44.326941,22535.130033,20150713_055324
75,KAPX20150713_100304_V06,-1,-1.000,470.58,425.271159,51.794512,-83.65,44.338527,25897.255989,20150713_060304
75,KAPX20150713_101244_V06,8,0.156,519.71,454.871277,80.376587,-83.35,44.202038,40188.293457,20150713_061244
75,KAPX20150713_101739_V06,13,0.121,519.98,449.917221,85.272355,-83.34,44.224305,42636.177528,20150713_061739
83,KAPX20150713_102234_V06,18,0.161,327.54,407.371399,33.027695,-84.55,44.423978,16513.847351,20150713_062234
83,KAPX20150713_102728_V06,23,0.141,329.30,403.923105,38.152634,-84.54,44.439477,19076.316806,20150713_062728
73,KAPX20150713_094343_V06,-21,0.167,341.69,435.570801,58.793800,-84.46,44.296921,29396.900177,20150713_054343
76,KAPX20150713_094343_V06,-21,0.103,352.65,213.816895,6.161804,-84.38,45.294474,3080.902100,20150713_054343
78,KAPX20150713_100304_V06,-1,0.143,407.40,409.945312,63.608665,-84.05,44.410527,31804.332733,20150713_060304
78,KAPX20150713_101244_V06,8,0.264,400.95,402.428894,54.748550,-84.09,44.444580,27374.275208,20150713_061244
92,KAPX20150714_105241_V06,47,0.113,379.23,473.448761,6.342337,-84.22,44.125697,3171.168327,20150714_065241
100,KAPX20150714_112708_V06,82,0.193,83.40,498.103241,13.991138,-86.07,44.007770,6995.569229,20150714_072708
81,KAPX20150715_100704_V06,1,0.247,268.29,441.406250,7.241379,-84.92,44.270790,3620.689392,20150715_060704
81,KAPX20150715_101645_V06,10,0.136,268.52,443.849958,16.163448,-84.92,44.259797,8081.724018,20150715_061645
80,KAPX20150715_100704_V06,1,0.343,227.98,459.236542,6.106468,-85.17,44.189837,3053.234100,20150715_060704
84,KAPX20150715_104550_V06,39,0.187,249.28,303.378357,3.023819,-85.04,44.891569,1511.909485,20150715_064550
85,KAPX20150715_105531_V06,49,0.270,294.15,307.953339,27.088455,-84.76,44.871430,13544.227600,20150715_065531
84,KAPX20150716_094635_V06,-21,0.230,208.21,467.631104,6.990454,-85.29,44.151505,3495.226860,20150716_054635
84,KAPX20150716_095616_V06,-11,0.409,207.28,466.129126,14.842897,-85.30,44.158233,7421.448617,20150716_055616
99,KAPX20150716_103520_V06,28,0.326,449.94,552.645691,29.437737,-83.79,43.766549,14718.868256,20150716_063520
99,KAPX20150716_104016_V06,33,0.143,450.89,551.475188,35.552256,-83.78,43.771767,17776.128003,20150716_064016
104,KAPX20150716_105947_V06,52,0.233,207.98,460.409302,7.295372,-85.30,44.183993,3647.686005,20150716_065947
104,KAPX20150716_110442_V06,57,0.563,207.80,463.156207,12.243528,-85.30,44.171627,6121.764039,20150716_070442
89,KAPX20150716_102530_V06,18,0.677,333.02,437.497253,3.609047,-84.51,44.288365,1804.523468,20150716_062530
91,KAPX20150716_102530_V06,18,0.342,443.02,563.893127,25.452099,-83.83,43.716285,12726.049423,20150716_062530
92,KAPX20150716_102530_V06,18,0.269,209.94,466.184814,7.361467,-85.28,44.158067,3680.733681,20150716_062530
96,KAPX20150716_102530_V06,18,0.111,191.45,393.178894,19.524849,-85.40,44.485923,9762.424469,20150716_062530
96,KAPX20150716_103025_V06,23,0.133,177.18,403.564606,7.374329,-85.49,44.438620,3687.164307,20150716_063025
97,KAPX20150716_102530_V06,18,0.111,382.60,198.814606,15.048889,-84.19,45.361249,7524.444580,20150716_062530
101,KAPX20150716_104016_V06,33,0.172,243.60,404.775513,7.391556,-85.07,44.435238,3695.777893,20150716_064016
102,KAPX20150716_104511_V06,38,0.130,207.87,462.540314,4.054535,-85.30,44.174401,2027.267456,20150716_064511
103,KAPX20150716_105947_V06,52,0.675,276.70,493.655670,6.933270,-84.87,44.035757,3466.634750,20150716_065947
100,KAPX20150717_094351_V06,-25,0.269,172.11,523.822144,32.611595,-85.52,43.897297,16305.797577,20150717_054351
100,KAPX20150717_094912_V06,-19,0.430,178.26,525.007346,40.384198,-85.48,43.892227,20192.098842,20150717_054912
109,KAPX20150717_095432_V06,-14,0.489,149.14,456.968353,32.290634,-85.66,44.197008,16145.317078,20150717_055432
109,KAPX20150717_100021_V06,-8,0.118,152.86,456.586164,38.519066,-85.64,44.198920,19259.533170,20150717_060021
95,KAPX20150717_093831_V06,-30,0.370,182.70,537.093750,45.861614,-85.45,43.838022,22930.807114,20150717_053831
97,KAPX20150717_093831_V06,-30,0.138,71.06,327.990875,12.438667,-86.17,44.772111,6219.333649,20150717_053831
98,KAPX20150717_093831_V06,-30,0.118,398.91,112.703491,35.317207,-84.08,45.748098,17658.603668,20150717_053831
105,KAPX20150717_094351_V06,-25,0.104,576.83,458.525757,20.928635,-82.99,44.180701,10464.317322,20150717_054351
132,KAPX20150717_111301_V06,65,0.115,237.88,199.196411,14.977242,-85.12,45.360057,7488.620758,20150717_071301
142,KAPX20150717_112744_V06,79,0.790,243.13,494.201569,7.521511,-85.07,44.032838,3760.755539,20150717_072744
111,KAPX20150718_105541_V06,46,0.211,206.49,469.079346,7.372442,-85.30,44.144933,3686.221123,20150718_065541
111,KAPX20150718_110521_V06,56,0.182,207.92,463.888338,14.055548,-85.30,44.168337,7027.773768,20150718_070521
103,KAPX20150718_094755_V06,-22,0.295,272.74,390.487000,3.231102,-84.89,44.499954,1615.550995,20150718_054755
104,KAPX20150718_094755_V06,-22,0.192,345.46,223.386383,14.773163,-84.43,45.251547,7386.581421,20150718_054755
105,KAPX20150718_100718_V06,-2,0.400,204.16,462.170563,6.421410,-85.32,44.175944,3210.704803,20150718_060718
107,KAPX20150718_103619_V06,27,0.498,205.06,464.539459,10.422585,-85.31,44.165315,5211.292267,20150718_063619
108,KAPX20150718_103619_V06,27,0.181,345.67,283.918976,6.161255,-84.43,44.979205,3080.627441,20150718_063619
110,KAPX20150718_104600_V06,37,0.216,295.85,302.215759,27.586716,-84.75,44.897248,13793.357849,20150718_064600
111,KAPX20150719_094917_V06,-21,0.246,455.39,280.256683,18.763977,-83.73,44.991803,9381.988525,20150719_054917
113,KAPX20150719_095857_V06,-12,0.314,368.02,317.622498,10.461105,-84.29,44.827121,5230.552673,20150719_055857
114,KAPX20150719_104716_V06,37,0.186,297.91,394.945740,6.985016,-84.73,44.480020,3492.507935,20150719_064716
116,KAPX20150719_110636_V06,56,0.323,334.85,183.150238,11.436539,-84.50,45.432715,5718.269348,20150719_070636
114,KAPX20150720_094409_V06,-27,0.193,449.36,287.299194,10.662781,-83.77,44.960444,5331.390381,20150720_054409
115,KAPX20150720_101523_V06,4,0.747,368.63,287.631927,20.957718,-84.28,44.962039,10478.858948,20150720_061523
118,KAPX20150721_101124_V06,-1,0.565,435.26,565.032227,7.972782,-83.88,43.711528,3986.391068,20150721_061124
118,KAPX20150721_102105_V06,9,-1.000,435.26,565.032227,23.872782,-83.88,43.711528,11936.391068,20150721_062105
118,KAPX20150721_103046_V06,18,0.267,439.99,577.600345,23.802982,-83.85,43.654750,11901.491098,20150721_063046
117,KAPX20150721_094946_V06,-23,0.109,331.84,421.659058,19.238838,-84.52,44.359645,9619.419098,20150721_054946
120,KAPX20150721_105948_V06,47,0.117,213.89,464.673584,6.430717,-85.26,44.164987,3215.358734,20150721_065948
121,KAPX20150721_111909_V06,67,0.237,351.17,278.254150,3.155350,-84.40,45.004598,1577.674866,20150721_071909
120,KAPX20150722_094853_V06,-25,0.584,283.74,423.730774,11.146461,-84.82,44.350453,5573.230743,20150722_054853
120,KAPX20150722_095834_V06,-15,0.370,285.87,424.217832,17.017944,-84.81,44.348273,8508.972227,20150722_055834
120,KAPX20150722_100815_V06,-5,0.358,274.24,438.001596,25.060809,-84.88,44.286170,12530.404464,20150722_060815
124,KAPX20150722_102950_V06,16,0.703,391.17,365.336670,4.099701,-84.15,44.611798,2049.850464,20150722_062950
124,KAPX20150722_103931_V06,26,0.174,390.73,366.076233,2.918083,-84.15,44.608485,1459.041595,20150722_063931
125,KAPX20150722_102950_V06,16,0.609,390.68,360.759674,3.810448,-84.15,44.632407,1905.223846,20150722_062950
127,KAPX20150722_102950_V06,16,0.265,356.02,288.226929,7.013702,-84.36,44.959638,3506.851196,20150722_062950
124,KAPX20150723_094659_V06,-28,0.188,328.35,184.027496,3.329132,-84.54,45.428841,1664.566040,20150723_054659
125,KAPX20150723_100621_V06,-8,0.157,290.55,426.060547,19.145508,-84.78,44.340000,9572.753906,20150723_060621
127,KAPX20150723_101602_V06,2,0.143,350.97,285.479950,3.463440,-84.40,44.972092,1731.719971,20150723_061602
127,KAPX20150724_095340_V06,-22,0.129,343.71,416.573914,22.271065,-84.45,44.382371,11135.532379,20150724_055340
128,KAPX20150724_100320_V06,-12,0.307,277.02,440.059998,32.873886,-84.86,44.276931,16436.943054,20150724_060320
131,KAPX20150724_112251_V06,67,0.111,304.15,306.636688,32.332916,-84.69,44.877357,16166.458130,20150724_072251
130,KAPX20150725_095412_V06,-22,0.515,324.28,415.351044,41.405144,-84.57,44.388102,20702.571869,20150725_055412
130,KAPX20150725_100001_V06,-16,0.258,329.61,418.339147,52.085391,-84.53,44.374607,26042.695312,20150725_060001
130,KAPX20150725_100548_V06,-11,0.208,340.74,412.434692,35.831688,-84.46,44.401039,17915.843964,20150725_060548
130,KAPX20150725_101136_V06,-5,0.229,338.28,420.620217,44.864316,-84.48,44.364241,22432.157753,20150725_061136
131,KAPX20150725_095412_V06,-22,0.264,471.78,455.769653,34.799950,-83.65,44.201236,17399.974823,20150725_055412
137,KAPX20150725_100548_V06,-11,0.577,297.40,390.075439,24.154121,-84.74,44.501934,12077.060699,20150725_060548
140,KAPX20150725_103446_V06,18,0.228,254.49,365.772736,2.967258,-85.01,44.610924,1483.629227,20150725_063446
134,KAPX20150726_095030_V06,-27,0.183,234.68,437.549194,6.948059,-85.13,44.287582,3474.029541,20150726_055030
134,KAPX20150726_100010_V06,-17,-1.000,234.68,437.549194,22.848059,-85.13,44.287582,11424.029541,20150726_060010
134,KAPX20150726_100949_V06,-8,0.109,261.51,435.441701,28.526048,-84.96,44.297547,14263.024191,20150726_060949
134,KAPX20150726_101930_V06,2,0.141,273.92,437.954688,26.970862,-84.88,44.286378,13485.430977,20150726_061930
134,KAPX20150726_102910_V06,12,0.237,290.17,430.597168,6.917290,-84.78,44.319585,3458.644867,20150726_062910
137,KAPX20150726_100010_V06,-17,0.415,206.91,101.150177,4.129341,-85.32,45.800269,2064.670563,20150726_060010
137,KAPX20150726_100949_V06,-8,0.111,205.33,98.613480,12.890814,-85.33,45.811627,6445.407136,20150726_060949
137,KAPX20150726_101930_V06,2,0.224,207.28,97.198792,3.090454,-85.32,45.818057,1545.227051,20150726_061930
137,KAPX20150726_102910_V06,12,0.205,207.56,95.848301,11.920274,-85.31,45.824141,5960.136916,20150726_062910
141,KAPX20150726_101930_V06,2,0.245,433.68,567.910706,22.723904,-83.89,43.698647,11361.951828,20150726_061930
143,KAPX20150726_102910_V06,12,0.266,351.65,194.168976,3.638275,-84.39,45.382886,1819.137573,20150726_062910
145,KAPX20150726_102910_V06,12,0.151,351.18,198.297882,3.509552,-84.39,45.364319,1754.776001,20150726_062910
146,KAPX20150726_102910_V06,12,0.135,397.43,199.769043,7.073730,-84.10,45.356482,3536.865234,20150726_062910
148,KAPX20150726_110753_V06,50,0.113,306.90,66.858154,2.858536,-84.68,45.956075,1429.267883,20150726_070753
149,KAPX20150726_111946_V06,62,0.138,436.08,493.373535,7.790882,-83.87,44.033935,3895.441055,20150726_071946
148,KAPX20150727_104649_V06,28,0.404,295.39,298.741577,25.670227,-84.75,44.912878,12835.113525,20150727_064649
148,KAPX20150727_105629_V06,38,0.453,291.42,297.086201,32.257747,-84.77,44.920317,16128.873349,20150727_065629
148,KAPX20150727_110609_V06,48,-1.000,287.68,295.524525,39.372388,-84.80,44.927330,19686.193937,20150727_070609
148,KAPX20150727_111549_V06,57,0.376,296.37,301.766663,23.099579,-84.74,44.899269,11549.789429,20150727_071549
148,KAPX20150727_113719_V06,79,0.122,294.03,298.726181,32.422717,-84.76,44.912945,16211.358726,20150727_073719
142,KAPX20150727_100810_V06,-10,0.221,277.13,427.522034,21.672230,-84.86,44.333349,10836.114883,20150727_060810
143,KAPX20150727_100810_V06,-10,0.115,324.18,429.147278,6.479828,-84.57,44.326025,3239.913940,20150727_060810
144,KAPX20150727_101749_V06,-1,0.220,338.51,333.436127,6.233917,-84.48,44.756522,3116.958618,20150727_061749
152,KAPX20150727_113719_V06,79,0.165,208.03,468.185791,7.156004,-85.29,44.149003,3578.001976,20150727_073719
148,KAPX20150728_095328_V06,-26,0.133,431.90,288.178528,3.139557,-83.88,44.957351,1569.778442,20150728_055328
148,KAPX20150728_100308_V06,-16,0.270,430.26,285.725318,13.944279,-83.89,44.968463,6972.139723,20150728_060308
147,KAPX20150728_095328_V06,-26,0.241,327.48,422.302002,3.000580,-84.55,44.356797,1500.289917,20150728_055328
150,KAPX20150728_101248_V06,-7,0.361,275.97,436.799683,6.800400,-84.87,44.291593,3400.199890,20150728_061248
153,KAPX20150728_104149_V06,22,0.181,219.07,457.608917,6.620010,-85.23,44.196925,3310.005188,20150728_064149
154,KAPX20150728_105128_V06,32,0.310,153.45,383.774963,15.050568,-85.64,44.526548,7525.283813,20150728_065128
157,KAPX20150728_111047_V06,51,0.155,208.17,468.343964,6.648743,-85.29,44.148296,3324.371338,20150728_071047
158,KAPX20150728_113007_V06,71,0.208,279.35,387.542358,25.455559,-84.85,44.513258,12727.779388,20150728_073007
163,KAPX20150729_101816_V06,-2,0.134,284.25,168.152679,34.695862,-84.82,45.500357,17347.930908,20150729_061816
163,KAPX20150729_102310_V06,3,0.123,284.72,165.865988,40.284870,-84.82,45.510647,20142.434966,20150729_062310
154,KAPX20150729_095344_V06,-27,0.202,469.33,528.884399,29.667706,-83.67,43.872407,14833.852768,20150729_055344
155,KAPX20150729_100333_V06,-17,0.456,429.17,446.662262,3.206078,-83.91,44.244429,1603.038788,20150729_060333
155,KAPX20150729_100828_V06,-12,-1.000,429.17,446.662262,11.156078,-83.91,44.244429,5578.038788,20150729_060828
155,KAPX20150729_101322_V06,-7,0.272,397.99,426.410461,65.375099,-84.11,44.336778,32687.549591,20150729_061322
156,KAPX20150729_100333_V06,-17,0.241,287.77,406.484131,3.576843,-84.80,44.428077,1788.421631,20150729_060333
156,KAPX20150729_100828_V06,-12,0.537,320.34,424.633301,40.112343,-84.59,44.346366,20056.171417,20150729_060828
165,KAPX20150729_102310_V06,3,0.119,392.07,359.632019,3.433609,-84.14,44.637437,1716.804504,20150729_062310
166,KAPX20150729_102310_V06,3,0.118,362.29,294.682037,15.058792,-84.33,44.930466,7529.396057,20150729_062310
160,KAPX20150730_095311_V06,-29,0.297,319.08,323.954224,6.299957,-84.60,44.799380,3149.978638,20150730_055311
161,KAPX20150730_101232_V06,-10,0.225,289.32,349.732849,7.463577,-84.79,44.683436,3731.788635,20150730_061232
162,KAPX20150730_101232_V06,-10,0.182,395.36,217.487274,12.051224,-84.11,45.276843,6025.611877,20150730_061232
164,KAPX20150730_104132_V06,19,0.247,350.23,455.654846,14.713364,-84.41,44.206413,7356.681824,20150730_064132
165,KAPX20150730_110053_V06,38,0.105,280.29,337.348389,3.573303,-84.84,44.739110,1786.651611,20150730_070053
166,KAPX20150730_112954_V06,67,0.136,292.64,298.589081,28.425262,-84.77,44.913559,14212.631226,20150730_072954
170,KAPX20150731_111505_V06,52,0.112,288.36,309.342712,16.929764,-84.79,44.865161,8464.881897,20150731_071505
170,KAPX20150731_112446_V06,61,0.297,291.71,307.770405,28.005928,-84.77,44.872247,14002.963993,20150731_072446
166,KAPX20150731_102641_V06,3,0.187,291.34,351.220795,5.962746,-84.77,44.676748,2981.372833,20150731_062641
168,KAPX20150731_103622_V06,13,0.422,294.11,303.253052,25.160263,-84.76,44.892578,12580.131531,20150731_063622
168,KAPX20150731_104603_V06,23,-1.000,294.11,303.253052,41.060263,-84.76,44.892578,20530.131531,20150731_064603
168,KAPX20150731_105543_V06,32,0.197,287.75,300.829742,30.671967,-84.80,44.903460,15335.983276,20150731_065543
172,KAPX20150801_100419_V06,-20,0.240,342.14,413.296570,15.589699,-84.46,44.397141,7794.849396,20150801_060419
172,KAPX20150801_101400_V06,-10,0.124,327.55,405.740405,32.772218,-84.55,44.431317,16386.108860,20150801_061400
175,KAPX20150801_101400_V06,-10,0.937,515.99,533.185669,17.611965,-83.38,43.849973,8805.982590,20150801_061400
175,KAPX20150801_102340_V06,-1,0.227,528.68,539.573128,35.391744,-83.30,43.820267,17695.872248,20150801_062340
174,KAPX20150801_100419_V06,-20,0.131,301.60,373.869293,51.489693,-84.71,44.574854,25744.846344,20150801_060419
177,KAPX20150801_102340_V06,-1,0.368,213.63,325.969086,3.445374,-85.27,44.789072,1722.686768,20150801_062340
180,KAPX20150801_110224_V06,38,0.389,285.06,298.232300,18.502380,-84.81,44.915134,9251.190186,20150801_070224
174,KAPX20150802_095826_V06,-27,0.207,312.36,423.784546,21.304703,-84.64,44.350230,10652.351379,20150802_055826
174,KAPX20150802_100319_V06,-22,0.588,316.06,425.883053,28.273717,-84.62,44.340770,14136.858330,20150802_060319
174,KAPX20150802_100814_V06,-17,0.513,319.97,425.259841,28.165007,-84.59,44.343549,14082.503633,20150802_060814
174,KAPX20150802_101308_V06,-12,0.774,322.96,423.611404,27.407546,-84.58,44.350944,13703.773188,20150802_061308
174,KAPX20150802_101802_V06,-7,0.608,326.57,423.526588,26.627700,-84.55,44.351295,13313.849812,20150802_061802
174,KAPX20150802_102257_V06,-3,0.436,330.21,425.724357,31.263585,-84.53,44.341370,15631.792297,20150802_062257
177,KAPX20150802_100814_V06,-17,0.130,301.24,400.203552,11.796471,-84.71,44.456362,5898.235321,20150802_060814
177,KAPX20150802_101308_V06,-12,0.160,302.93,404.201994,18.197330,-84.70,44.438370,9098.665231,20150802_061308
177,KAPX20150802_101802_V06,-7,0.119,302.27,393.168037,23.882547,-84.71,44.488019,11941.273557,20150802_061802
185,KAPX20150802_103245_V06,7,0.841,359.65,284.387787,3.841492,-84.34,44.976837,1920.745850,20150802_063245
185,KAPX20150802_103740_V06,12,0.304,359.92,284.282674,10.032361,-84.34,44.977304,5016.180567,20150802_063740
188,KAPX20150802_103740_V06,12,0.389,309.71,296.081909,19.094040,-84.66,44.924832,9547.019958,20150802_063740
188,KAPX20150802_104234_V06,17,0.404,307.92,295.841586,24.674158,-84.67,44.925919,12337.079112,20150802_064234
184,KAPX20150802_102751_V06,2,0.130,306.49,296.145447,21.731583,-84.68,44.924555,10865.791321,20150802_062751
179,KAPX20150804_100023_V06,-27,0.218,294.25,420.027649,7.390297,-84.76,44.367156,3695.148468,20150804_060023
179,KAPX20150804_100544_V06,-22,0.344,294.41,421.028845,14.304001,-84.75,44.362651,7152.000686,20150804_060544
179,KAPX20150804_101105_V06,-16,0.185,295.73,409.459189,15.698638,-84.75,44.414713,7849.318774,20150804_061105
179,KAPX20150804_101626_V06,-11,-1.000,296.66,401.596500,17.874053,-84.74,44.450093,8937.026327,20150804_061626
179,KAPX20150804_102147_V06,-6,0.345,296.48,420.295654,7.631409,-84.74,44.365953,3815.704346,20150804_062147
186,KAPX20150804_104152_V06,14,0.186,201.59,461.814636,3.539642,-85.34,44.177459,1769.821167,20150804_064152
187,KAPX20150804_104152_V06,14,0.134,206.97,468.749023,7.414429,-85.30,44.146435,3707.214355,20150804_064152
188,KAPX20150804_104152_V06,14,0.117,310.57,291.429626,11.291306,-84.65,44.945760,5645.652771,20150804_064152
183,KAPX20150805_100125_V06,-27,0.479,316.70,320.908386,24.851292,-84.61,44.813099,12425.645828,20150805_060125
183,KAPX20150805_101106_V06,-17,0.432,298.64,326.583254,37.945442,-84.73,44.787614,18972.721167,20150805_061106
184,KAPX20150805_102048_V06,-8,0.823,530.50,552.478516,31.607075,-83.29,43.762061,15803.537369,20150805_062048
184,KAPX20150805_103029_V06,2,0.849,535.14,559.366909,40.715700,-83.26,43.730699,20357.850160,20150805_063029
189,KAPX20150805_113822_V06,70,0.657,293.99,296.756500,20.255600,-84.76,44.921807,10127.799988,20150805_073822
189,KAPX20150805_114803_V06,80,0.615,290.89,297.488902,28.825494,-84.78,44.918503,14412.747095,20150805_074803
186,KAPX20150805_104952_V06,21,0.385,301.92,304.812988,10.502808,-84.71,44.885565,5251.403809,20150805_064952
187,KAPX20150805_104952_V06,21,0.377,550.99,471.967651,25.664406,-83.15,44.122584,12832.202911,20150805_064952
188,KAPX20150806_101017_V06,-19,0.127,210.87,464.665710,6.513107,-85.28,44.164931,3256.553650,20150806_061017
191,KAPX20150806_102939_V06,0,0.289,203.81,461.207642,6.831253,-85.32,44.180265,3415.626526,20150806_062939
192,KAPX20150806_102939_V06,0,0.263,282.69,415.932861,6.544327,-84.83,44.385535,3272.163391,20150806_062939
194,KAPX20150806_103921_V06,10,0.280,355.64,282.524658,6.045959,-84.37,44.985301,3022.979736,20150806_063921
196,KAPX20150806_104902_V06,20,0.281,215.01,527.737915,3.289753,-85.25,43.881243,1644.876480,20150806_064902
198,KAPX20150806_105843_V06,29,0.279,209.95,459.775787,6.691116,-85.28,44.186906,3345.558167,20150806_065843
198,KAPX20150806_110824_V06,39,0.254,206.65,462.145477,3.700851,-85.30,44.176138,1850.425720,20150806_070824
200,KAPX20150806_112746_V06,58,0.208,282.26,286.055634,7.361893,-84.83,44.969903,3680.946350,20150806_072746
201,KAPX20150806_113727_V06,68,0.400,271.35,487.928650,3.244255,-84.90,44.061480,1622.127533,20150806_073727
202,KAPX20150806_113727_V06,68,0.347,191.42,430.037140,3.485664,-85.40,44.320081,1742.832184,20150806_073727
203,KAPX20150806_114709_V06,78,0.113,247.78,447.772064,15.798012,-85.05,44.241848,7899.005890,20150806_074709
198,KAPX20150807_100901_V06,-22,0.869,509.50,534.264587,10.691463,-83.42,43.845591,5345.731258,20150807_060901
198,KAPX20150807_101842_V06,-13,0.340,510.90,536.182933,26.736270,-83.41,43.836860,13368.135020,20150807_061842
198,KAPX20150807_102824_V06,-3,0.889,508.63,526.505289,29.156318,-83.42,43.880565,14578.159011,20150807_062824
198,KAPX20150807_103804_V06,7,0.712,511.54,530.137416,43.130135,-83.40,43.864014,21565.067523,20150807_063804
198,KAPX20150807_104746_V06,16,0.731,511.59,526.216086,45.831458,-83.40,43.881653,22915.729005,20150807_064746
198,KAPX20150807_105728_V06,26,0.181,502.79,525.118835,37.369938,-83.46,43.887215,18684.968948,20150807_065728
200,KAPX20150807_102824_V06,-3,0.278,437.64,495.526001,18.411415,-83.86,44.024176,9205.707550,20150807_062824
203,KAPX20150807_103804_V06,7,0.195,246.82,389.286987,3.338280,-85.05,44.504991,1669.139862,20150807_063804
204,KAPX20150807_104746_V06,16,0.272,397.81,206.314301,3.637634,-84.10,45.327023,1818.817139,20150807_064746
208,KAPX20150807_104746_V06,16,0.117,355.27,282.774933,6.282745,-84.37,44.984182,3141.372681,20150807_064746
215,KAPX20150807_114555_V06,74,0.106,272.57,296.599670,10.796936,-84.89,44.922387,5398.468018,20150807_074555
205,KAPX20150808_101307_V06,-19,0.149,438.22,69.823975,63.152298,-83.83,45.939308,31576.148987,20150808_061307
205,KAPX20150808_101802_V06,-14,0.140,426.99,62.888489,51.486458,-83.90,45.971040,25743.228912,20150808_061802
209,KAPX20150808_102256_V06,-10,0.156,168.33,562.177734,41.971649,-85.54,43.724536,20985.824585,20150808_062256
220,KAPX20150808_110236_V06,30,0.291,358.91,285.507629,3.535431,-84.35,44.971814,1767.715454,20150808_070236
222,KAPX20150808_112707_V06,55,0.246,31.05,495.381256,20.580948,-86.40,44.015645,10290.473938,20150808_072707
223,KAPX20150808_112707_V06,55,0.201,124.02,91.712402,24.833429,-85.85,45.838724,12416.714668,20150808_072707
209,KAPX20150809_103534_V06,2,0.971,510.16,520.012207,33.024040,-83.41,43.909670,16512.020111,20150809_063534
209,KAPX20150809_104515_V06,12,0.890,510.12,518.941212,45.264054,-83.41,43.914491,22632.027187,20150809_064515
210,KAPX20150809_105455_V06,21,0.440,390.81,357.976654,3.593307,-84.15,44.644925,1796.653748,20150809_065455
212,KAPX20150809_105455_V06,21,0.214,358.43,280.976593,6.415222,-84.35,44.992210,3207.611084,20150809_065455
216,KAPX20150810_102115_V06,-13,0.123,287.95,411.044373,6.659760,-84.80,44.407558,3329.879761,20150810_062115
216,KAPX20150810_102703_V06,-7,0.411,287.71,411.337857,12.270438,-84.80,44.406236,6135.218999,20150810_062703
216,KAPX20150810_103250_V06,-2,0.265,294.19,414.018079,13.785935,-84.76,44.394197,6892.967381,20150810_063250
216,KAPX20150810_103837_V06,4,0.274,297.94,420.031462,17.131202,-84.73,44.367144,8565.600956,20150810_063837
220,KAPX20150810_103250_V06,-2,0.124,282.42,405.445099,7.403366,-84.83,44.432724,3701.683044,20150810_063250
223,KAPX20150810_103837_V06,4,0.160,117.68,554.938660,14.972815,-85.85,43.754392,7486.407280,20150810_063837
226,KAPX20150810_104425_V06,10,0.175,274.13,310.587036,7.779587,-84.88,44.859469,3889.793396,20150810_064425
227,KAPX20150810_104425_V06,10,0.147,339.23,265.201141,5.780746,-84.47,45.063515,2890.373230,20150810_064425
233,KAPX20150810_111913_V06,45,0.150,414.05,475.046356,37.978054,-84.01,44.117348,18989.027023,20150810_071913
239,KAPX20150810_114814_V06,74,0.248,275.29,306.618408,6.954254,-84.88,44.877335,3477.127075,20150810_074814
229,KAPX20150811_114823_V06,73,0.554,289.78,301.012848,22.364258,-84.78,44.902645,11182.128906,20150811_074823
229,KAPX20150811_115803_V06,83,0.334,292.09,302.008545,30.955740,-84.77,44.898172,15477.869861,20150811_075803
219,KAPX20150811_101128_V06,-24,0.165,490.78,538.314209,41.455296,-83.53,43.828654,20727.647781,20150811_061128
221,KAPX20150811_102110_V06,-14,0.751,280.75,431.496674,11.002556,-84.84,44.315490,5501.277924,20150811_062110
225,KAPX20150811_102110_V06,-14,0.143,451.76,560.879395,43.838173,-83.78,43.729406,21919.086456,20150811_062110
226,KAPX20150811_104033_V06,5,0.141,28.44,370.511963,49.567589,-86.43,44.577116,24783.794403,20150811_064033
228,KAPX20150811_111918_V06,44,0.291,296.45,300.408783,21.152786,-84.74,44.905379,10576.393127,20150811_071918
230,KAPX20150812_102258_V06,-14,0.331,225.34,438.150879,3.429794,-85.19,44.284648,1714.897156,20150812_062258
230,KAPX20150812_103240_V06,-4,0.867,208.63,459.105313,5.615359,-85.29,44.189881,2807.679641,20150812_063240
230,KAPX20150812_104222_V06,6,0.283,204.03,465.243349,9.857699,-85.32,44.162114,4928.849548,20150812_064222
225,KAPX20150812_101317_V06,-23,0.200,204.56,349.771729,6.303505,-85.32,44.681691,3151.752472,20150812_061317
226,KAPX20150812_101317_V06,-23,0.177,202.53,341.826263,7.237103,-85.33,44.717371,3618.551254,20150812_061317
234,KAPX20150812_102258_V06,-14,0.145,203.46,464.110077,6.637299,-85.32,44.167194,3318.649292,20150812_062258
236,KAPX20150812_102258_V06,-14,0.111,379.24,75.968079,41.015137,-84.21,45.913975,20507.568359,20150812_062258
242,KAPX20150812_104222_V06,6,0.130,279.46,296.740265,3.586029,-84.85,44.921812,1793.014526,20150812_064222
231,KAPX20150813_101908_V06,-19,0.131,296.61,417.451996,6.727821,-84.74,44.378749,3363.910675,20150813_061908
231,KAPX20150813_102848_V06,-10,0.153,299.33,419.833376,13.947833,-84.72,44.368036,6973.916731,20150813_062848
235,KAPX20150813_114613_V06,68,0.213,295.00,301.453583,27.609787,-84.75,44.900676,13804.893494,20150813_074613
235,KAPX20150813_115554_V06,77,0.134,294.35,302.318646,34.921886,-84.76,44.896782,17460.942906,20150813_075554
234,KAPX20150814_101847_V06,-21,0.227,294.41,419.972565,6.653809,-84.75,44.367404,3326.904297,20150814_061847
234,KAPX20150814_102342_V06,-16,0.304,295.12,418.496116,12.131441,-84.75,44.374049,6065.720327,20150814_062342
234,KAPX20150814_102836_V06,-11,-1.000,295.68,417.305431,18.087596,-84.75,44.379407,9043.797771,20150814_062836
234,KAPX20150814_103330_V06,-6,0.164,302.78,435.117162,17.683096,-84.70,44.299262,8841.547910,20150814_063330
233,KAPX20150814_101354_V06,-26,0.430,23.49,233.824066,33.271965,-86.48,45.191445,16635.982513,20150814_061354
238,KAPX20150814_103330_V06,-6,0.451,302.91,410.307617,11.298943,-84.70,44.410897,5649.471283,20150814_063330
244,KAPX20150814_105308_V06,14,0.236,360.82,284.133148,5.929840,-84.33,44.977958,2964.920044,20150814_065308
247,KAPX20150814_115649_V06,77,0.378,23.14,274.241089,32.939644,-86.48,45.009629,16469.821930,20150814_075649
241,KAPX20150815_101902_V06,-21,0.136,285.79,415.225189,3.307892,-84.81,44.388736,1653.945923,20150815_061902
241,KAPX20150815_102842_V06,-12,0.102,286.14,415.396871,10.584493,-84.81,44.387965,5292.246372,20150815_062842
239,KAPX20150815_101902_V06,-21,0.146,434.89,278.665710,18.455963,-83.86,45.000007,9227.981567,20150815_061902
244,KAPX20150815_102842_V06,-12,0.183,81.16,136.764893,48.787155,-86.12,45.633058,24393.577576,20150815_062842
245,KAPX20150815_103824_V06,-2,0.725,181.29,109.461670,44.740837,-85.48,45.761910,22370.418549,20150815_063824
247,KAPX20150815_104803_V06,8,0.198,25.04,130.432587,24.641773,-86.48,45.656590,12320.886612,20150815_064803
247,KAPX20150815_105744_V06,17,0.357,57.88,124.861694,63.417679,-86.27,45.684678,31708.839417,20150815_065744
250,KAPX20150815_104803_V06,8,0.101,29.90,67.276489,16.688770,-86.46,45.941085,8344.385147,20150815_064803
252,KAPX20150815_110724_V06,27,0.216,49.06,235.430267,65.769226,-86.32,45.186604,32884.613037,20150815_070724
253,KAPX20150815_110724_V06,27,0.175,30.21,385.695374,41.580879,-86.42,44.508984,20790.439606,20150815_070724
246,KAPX20150816_101447_V06,-27,0.552,313.73,431.876709,32.186821,-84.63,44.313812,16093.410492,20150816_061447
246,KAPX20150816_102427_V06,-17,0.774,317.56,425.977899,34.134060,-84.61,44.340334,17067.030130,20150816_062427
246,KAPX20150816_103406_V06,-7,0.270,333.16,425.393011,38.339485,-84.51,44.342829,19169.742726,20150816_063406
249,KAPX20150816_103406_V06,-7,0.974,524.51,519.388855,30.610664,-83.32,43.911404,15305.332184,20150816_063406
249,KAPX20150816_104346_V06,2,0.903,529.91,513.390071,42.689204,-83.29,43.937972,21344.601928,20150816_064346
250,KAPX20150816_103406_V06,-7,0.250,333.58,311.601837,11.355255,-84.51,44.854823,5677.627563,20150816_063406
252,KAPX20150816_105326_V06,12,0.310,328.53,379.625244,6.348862,-84.54,44.548814,3174.430847,20150816_065326
252,KAPX20150817_104803_V06,6,0.394,326.03,292.945160,19.510254,-84.55,44.938842,9755.126953,20150817_064803
253,KAPX20150818_103509_V06,-9,0.845,508.64,529.051575,15.817219,-83.42,43.869108,7908.609390,20150818_063509
253,KAPX20150818_104029_V06,-4,0.955,510.82,528.961017,25.504646,-83.41,43.869359,12752.323235,20150818_064029
253,KAPX20150818_104550_V06,1,0.952,512.22,528.311774,31.601845,-83.40,43.872178,15800.922745,20150818_064550
253,KAPX20150818_105110_V06,7,0.836,510.20,530.666242,36.837845,-83.41,43.861731,18418.922548,20150818_065110
253,KAPX20150818_105631_V06,12,0.560,519.18,531.090605,43.469877,-83.36,43.859161,21734.938329,20150818_065631
253,KAPX20150818_110152_V06,17,0.635,524.63,525.093699,41.984650,-83.32,43.885728,20992.324947,20150818_070152
253,KAPX20150818_110712_V06,23,0.679,526.90,521.516998,48.461830,-83.31,43.901644,24230.914761,20150818_070712
251,KAPX20150818_101908_V06,-25,0.435,20.65,508.751221,24.385952,-86.46,43.954519,12192.975998,20150818_061908
255,KAPX20150818_104550_V06,1,0.132,544.62,523.292236,31.916950,-83.20,43.892224,15958.475113,20150818_064550
256,KAPX20150818_104550_V06,1,0.105,235.96,439.218994,6.860977,-85.12,44.280097,3430.488586,20150818_064550
257,KAPX20150818_105631_V06,12,0.210,359.75,280.591034,3.703598,-84.34,44.993917,1851.799011,20150818_065631
258,KAPX20150818_105631_V06,12,0.177,359.19,285.047302,3.806854,-84.34,44.973880,1903.427124,20150818_065631
261,KAPX20150818_111754_V06,33,0.121,478.40,522.409851,30.804699,-83.61,43.900998,15402.349472,20150818_071754
262,KAPX20150818_112314_V06,39,0.214,24.23,523.816956,21.777882,-86.44,43.887084,10888.940811,20150818_072314
263,KAPX20150818_112835_V06,44,0.251,206.74,467.395966,7.495295,-85.30,44.152516,3747.647285,20150818_072835
264,KAPX20150818_112835_V06,44,0.161,209.46,459.553131,7.266151,-85.29,44.187892,3633.075714,20150818_072835
264,KAPX20150818_113329_V06,49,-1.000,209.46,459.553131,15.216151,-85.29,44.187892,7608.075714,20150818_073329
264,KAPX20150818_113822_V06,54,0.187,215.02,463.552307,3.495178,-85.25,44.170066,1747.589111,20150818_073822
265,KAPX20150818_112835_V06,44,0.146,23.34,428.944702,10.120874,-86.45,44.313784,5060.437202,20150818_072835
270,KAPX20150818_120747_V06,83,0.157,207.00,468.629333,7.174835,-85.30,44.146974,3587.417603,20150818_080747
266,KAPX20150819_102056_V06,-25,0.154,136.10,116.137756,11.385361,-85.77,45.729595,5692.680359,20150819_062056
266,KAPX20150819_102643_V06,-19,0.179,137.01,111.250226,17.684269,-85.77,45.751632,8842.134329,20150819_062643
286,KAPX20150819_105940_V06,14,0.297,51.19,299.855225,37.680965,-86.29,44.897008,18840.482712,20150819_065940
286,KAPX20150819_110435_V06,19,0.210,52.24,297.481357,43.751935,-86.29,44.907778,21875.967481,20150819_070435
277,KAPX20150819_104859_V06,3,0.121,339.85,384.587311,6.476250,-84.47,44.526353,3238.124847,20150819_064859
279,KAPX20150819_105420_V06,9,0.330,106.20,85.779297,26.939997,-85.97,45.864228,13469.998360,20150819_065420
293,KAPX20150819_111423_V06,29,0.112,354.48,281.089478,6.192200,-84.37,44.991780,3096.099854,20150819_071423
299,KAPX20150819_113855_V06,53,0.116,234.37,146.973206,28.913803,-85.14,45.594914,14456.901550,20150819_073855
310,KAPX20150819_120819_V06,83,0.263,147.51,77.718079,7.097321,-85.70,45.903054,3548.660278,20150819_080819
272,KAPX20150820_103216_V06,-14,0.337,73.41,271.063110,7.029282,-86.16,45.028376,3514.640808,20150820_063216
272,KAPX20150820_103653_V06,-10,0.472,75.28,269.971717,12.473331,-86.15,45.033434,6236.665324,20150820_063653
290,KAPX20150820_105439_V06,8,0.109,419.96,366.086853,28.230175,-83.96,44.607364,14115.087509,20150820_065439
292,KAPX20150820_110300_V06,17,0.259,154.79,86.550842,10.296799,-85.65,45.863714,5148.399353,20150820_070300
294,KAPX20150820_110819_V06,22,0.481,125.19,459.263733,30.789970,-85.81,44.185334,15394.985199,20150820_070819
274,KAPX20150821_101751_V06,-30,0.848,489.55,268.253632,21.006958,-83.52,45.043727,10503.479004,20150821_061751
274,KAPX20150821_102732_V06,-20,0.172,498.19,256.406207,27.908904,-83.46,45.096431,13954.451898,20150821_062732
285,KAPX20150821_102732_V06,-20,0.126,367.15,336.679016,2.952057,-84.30,44.741402,1476.028442,20150821_062732
290,KAPX20150821_110619_V06,19,0.115,532.65,366.980835,41.882504,-83.25,44.596417,20941.251755,20150821_070619
295,KAPX20150821_112543_V06,38,0.238,280.68,309.580750,7.245392,-84.84,44.864048,3622.695923,20150821_072543
299,KAPX20150821_113525_V06,48,0.142,348.47,284.954834,6.333664,-84.41,44.974498,3166.831970,20150821_073525
282,KAPX20150822_104609_V06,-2,0.153,544.57,459.315216,52.108582,-83.19,44.180053,26054.290771,20150822_064609
282,KAPX20150822_105550_V06,7,0.480,543.63,461.367093,57.228589,-83.20,44.170901,28614.294509,20150822_065550
282,KAPX20150822_110531_V06,17,0.397,545.57,470.069668,53.505615,-83.19,44.131586,26752.807726,20150822_070531
282,KAPX20150822_111512_V06,27,0.305,538.00,494.311668,57.290652,-83.24,44.023156,28645.325951,20150822_071512
282,KAPX20150822_112454_V06,36,-1.000,532.43,513.921944,59.831005,-83.27,43.935379,29915.502384,20150822_072454
282,KAPX20150822_113436_V06,46,0.297,547.08,475.606201,27.376019,-83.18,44.106551,13688.009262,20150822_073436
280,KAPX20150823_102518_V06,-25,0.958,511.10,520.274353,18.537651,-83.41,43.908422,9268.825531,20150823_062518
280,KAPX20150823_103459_V06,-16,0.979,509.32,513.927893,30.683311,-83.42,43.937105,15341.655292,20150823_063459
280,KAPX20150823_104440_V06,-6,0.971,511.22,504.790557,39.321524,-83.40,43.978078,19660.762212,20150823_064440
280,KAPX20150823_105422_V06,4,0.323,518.84,505.658740,51.608914,-83.36,43.973609,25804.457162,20150823_065422
283,KAPX20150823_103459_V06,-16,0.112,61.19,476.859406,7.368409,-86.21,44.101605,3684.204578,20150823_063459
284,KAPX20150823_104440_V06,-6,0.321,460.68,435.270294,35.893242,-83.71,44.294106,17946.620941,20150823_064440
286,KAPX20150823_110403_V06,14,0.344,391.68,350.175232,4.004410,-84.14,44.679998,2002.204895,20150823_070403
291,KAPX20150824_110553_V06,14,0.146,549.25,520.877197,29.566231,-83.17,43.902697,14783.115387,20150824_070553
291,KAPX20150824_111049_V06,19,0.152,550.20,521.340801,35.479450,-83.16,43.900530,17739.724852,20150824_071049
285,KAPX20150824_103623_V06,-15,0.176,329.45,451.054016,37.216179,-84.54,44.227402,18608.089447,20150824_063623
296,KAPX20150824_112038_V06,29,0.115,539.78,112.270660,42.401352,-83.18,45.741508,21200.675964,20150824_072038
299,KAPX20150824_112533_V06,34,0.116,550.11,524.979858,27.441284,-83.16,43.884166,13720.642090,20150824_072533
308,KAPX20150825_110220_V06,10,0.239,494.47,537.816895,11.493002,-83.51,43.830648,5746.500969,20150825_070220
308,KAPX20150825_111202_V06,20,-1.000,494.47,537.816895,27.393002,-83.51,43.830648,13696.500969,20150825_071202
308,KAPX20150825_112144_V06,29,0.107,496.22,549.535864,32.120221,-83.50,43.777803,16060.110667,20150825_072144
308,KAPX20150825_113125_V06,39,0.109,508.37,554.475044,43.477412,-83.43,43.754738,21738.705878,20150825_073125
308,KAPX20150825_114107_V06,49,0.251,516.99,547.052542,54.831655,-83.37,43.787508,27415.827532,20150825_074107
308,KAPX20150825_115048_V06,58,0.278,463.22,551.692505,20.417501,-83.71,43.770127,10208.750725,20150825_075048
290,KAPX20150825_102334_V06,-29,0.230,526.61,170.769196,27.821838,-83.27,45.479497,13910.919189,20150825_062334
290,KAPX20150825_103315_V06,-19,0.119,530.34,168.457490,38.275416,-83.25,45.489591,19137.707850,20150825_063315
293,KAPX20150825_102334_V06,-29,0.131,86.14,399.837708,42.749855,-86.06,44.450066,21374.927521,20150825_062334
293,KAPX20150825_103315_V06,-19,0.122,82.96,388.232243,61.350275,-86.08,44.502037,30675.137451,20150825_063315
298,KAPX20150825_103315_V06,-19,0.107,401.70,211.093262,32.851440,-84.07,45.305386,16425.720215,20150825_063315
298,KAPX20150825_104257_V06,-10,-1.000,401.70,211.093262,47.161440,-84.07,45.305386,23580.720215,20150825_064257
298,KAPX20150825_105239_V06,0,0.203,391.58,196.728651,50.393798,-84.14,45.370355,25196.899151,20150825_065239
298,KAPX20150825_110220_V06,10,0.860,394.16,224.228943,24.302368,-84.12,45.246553,12151.184082,20150825_070220
298,KAPX20150825_111202_V06,20,0.241,398.95,231.254730,19.931381,-84.09,45.214782,9965.690613,20150825_071202
320,KAPX20150825_111202_V06,20,0.117,341.77,366.858154,14.941414,-84.46,44.606097,7470.706940,20150825_071202
320,KAPX20150825_112144_V06,29,0.161,355.63,377.558143,26.858378,-84.37,44.557718,13429.189070,20150825_072144
305,KAPX20150825_110220_V06,10,0.434,118.29,460.575439,6.609867,-85.86,44.179008,3304.933548,20150825_070220
310,KAPX20150825_110220_V06,10,0.128,84.46,306.413239,24.352955,-86.08,44.870218,12176.477432,20150825_070220
311,KAPX20150825_110220_V06,10,0.123,217.13,453.034912,7.329170,-85.24,44.217452,3664.585114,20150825_070220
312,KAPX20150825_110220_V06,10,0.113,222.58,150.132935,11.153755,-85.22,45.580399,5576.877594,20150825_070220
317,KAPX20150825_111202_V06,20,0.212,376.95,302.159424,6.284134,-84.23,44.896465,3142.066956,20150825_071202
322,KAPX20150825_112144_V06,29,0.175,495.16,316.307037,6.589737,-83.49,44.827178,3294.868469,20150825_072144
327,KAPX20150825_112144_V06,29,0.104,413.04,361.851440,33.863480,-84.01,44.626701,16931.739807,20150825_072144
332,KAPX20150825_113125_V06,39,0.255,75.10,313.130127,41.716682,-86.14,44.839281,20858.341217,20150825_073125
339,KAPX20150825_114107_V06,49,0.125,165.98,473.261780,11.058088,-85.56,44.124525,5529.044151,20150825_074107
348,KAPX20150825_120030_V06,68,0.260,99.96,347.799683,52.847870,-85.98,44.685166,26423.934937,20150825_080030
353,KAPX20150825_120030_V06,68,0.162,326.64,138.829498,13.217010,-84.55,45.632191,6608.505249,20150825_080030
359,KAPX20150825_120030_V06,68,0.106,391.69,218.902588,31.203735,-84.14,45.270597,15601.867676,20150825_080030
360,KAPX20150825_121012_V06,78,0.443,281.63,487.713837,16.579588,-84.83,44.062530,8289.793968,20150825_081012
308,KAPX20150826_110342_V06,10,0.901,479.68,553.358032,14.874245,-83.60,43.761668,7437.122345,20150826_070342
308,KAPX20150826_111324_V06,20,0.538,473.95,557.222721,20.183768,-83.64,43.744625,10091.884219,20150826_071324
308,KAPX20150826_112306_V06,30,0.872,478.04,573.091953,29.040634,-83.62,43.672973,14520.316829,20150826_072306
308,KAPX20150826_113248_V06,39,0.516,486.16,573.873216,34.081056,-83.57,43.668953,17040.527955,20150826_073248
311,KAPX20150826_110342_V06,10,0.121,280.66,170.748535,47.478561,-84.84,45.488657,23739.280701,20150826_070342
311,KAPX20150826_111324_V06,20,0.316,286.55,173.304715,56.545434,-84.81,45.477191,28272.716779,20150826_071324
311,KAPX20150826_112306_V06,30,0.164,293.40,184.804484,58.328470,-84.76,45.425481,29164.235180,20150826_072306
307,KAPX20150826_102455_V06,-29,0.134,330.41,439.021484,15.455132,-84.53,44.281535,7727.565765,20150826_062455
309,KAPX20150827_104554_V06,-9,0.477,509.34,552.803284,25.012068,-83.42,43.762191,12506.033897,20150827_064554
309,KAPX20150827_105536_V06,1,0.945,508.96,558.954507,31.985714,-83.42,43.734541,15992.856940,20150827_065536
310,KAPX20150828_102630_V06,-29,0.614,304.62,294.776245,16.709457,-84.69,44.930719,8354.728699,20150828_062630
310,KAPX20150828_103611_V06,-19,0.646,297.15,296.232793,25.979747,-84.74,44.924168,12989.873719,20150828_063611
319,KAPX20150828_110514_V06,10,0.576,302.34,295.492798,3.612427,-84.70,44.927498,1806.213379,20150828_070514
319,KAPX20150828_111455_V06,19,0.114,300.72,296.902395,11.963035,-84.72,44.921157,5981.517532,20150828_071455
311,KAPX20150828_102630_V06,-29,0.594,325.02,431.472534,26.899063,-84.56,44.315555,13449.531555,20150828_062630
312,KAPX20150828_102630_V06,-29,0.363,302.17,407.811890,11.167664,-84.71,44.422127,5583.831787,20150828_062630
317,KAPX20150828_103611_V06,-19,0.169,364.79,340.017883,20.826572,-84.31,44.726434,10413.286209,20150828_063611
322,KAPX20150828_111455_V06,19,0.289,361.49,315.875793,38.565205,-84.33,44.835128,19282.602310,20150828_071455
319,KAPX20150829_104828_V06,-9,0.333,23.32,304.044403,25.441883,-86.47,44.875597,12720.941544,20150829_064828
319,KAPX20150829_105416_V06,-3,0.148,24.04,303.371401,32.048080,-86.47,44.878694,16024.039840,20150829_065416
330,KAPX20150829_121529_V06,78,0.298,16.32,454.913696,28.987116,-86.49,44.196287,14493.557930,20150829_081529
318,KAPX20150830_104059_V06,-18,0.464,510.52,527.212769,16.456604,-83.41,43.877246,8228.302002,20150830_064059
318,KAPX20150830_105250_V06,-6,0.584,514.11,525.346631,35.459258,-83.39,43.885381,17729.628896,20150830_065250
318,KAPX20150830_110231_V06,4,0.872,523.52,530.384429,47.207269,-83.33,43.862009,23603.634662,20150830_070231
318,KAPX20150830_111212_V06,14,0.554,528.81,529.775992,55.310359,-83.30,43.864337,27655.179654,20150830_071212
318,KAPX20150830_112153_V06,23,0.193,529.77,526.916669,52.993392,-83.29,43.877125,26496.696046,20150830_072153
321,KAPX20150830_110231_V06,4,0.316,148.18,148.752930,30.822403,-85.69,45.583567,15411.201477,20150830_070231
322,KAPX20150830_110231_V06,4,0.260,302.60,427.967377,6.742851,-84.70,44.331434,3371.425629,20150830_070231
323,KAPX20150830_112153_V06,23,0.240,142.33,110.348907,14.618073,-85.73,45.755991,7309.036255,20150830_072153
322,KAPX20150831_110113_V06,2,0.318,24.37,236.766174,33.270546,-86.47,45.178299,16635.272980,20150831_070113
323,KAPX20150831_115149_V06,52,0.419,477.49,467.301941,33.152107,-83.61,44.149005,16576.053619,20150831_075149
324,KAPX20150831_121112_V06,72,0.124,542.79,525.312866,47.013596,-83.21,43.883286,23506.797791,20150831_081112
343,KAPX20150901_114217_V06,42,0.159,115.84,90.552795,11.371876,-85.91,45.843412,5685.937881,20150901_074217
343,KAPX20150901_115157_V06,51,0.419,135.73,104.060260,31.919706,-85.78,45.783898,15959.853182,20150901_075157
325,KAPX20150901_104204_V06,-18,0.158,288.39,297.600006,34.244080,-84.79,44.917994,17122.039795,20150901_064204
326,KAPX20150901_105145_V06,-9,0.244,295.13,415.410461,13.867813,-84.75,44.387933,6933.906555,20150901_065145
327,KAPX20150901_105145_V06,-9,0.135,396.20,280.508911,27.724503,-84.11,44.993287,13862.251282,20150901_065145
328,KAPX20150901_110126_V06,1,0.377,246.91,118.203796,32.175282,-85.06,45.724601,16087.640762,20150901_070126
330,KAPX20150901_110126_V06,1,0.292,541.76,458.084717,29.306412,-83.21,44.185825,14653.205872,20150901_070126
331,KAPX20150901_110126_V06,1,0.244,222.96,96.206024,11.082054,-85.22,45.823000,5541.027069,20150901_070126
334,KAPX20150901_111106_V06,11,0.197,295.74,298.462250,29.522507,-84.75,44.914136,14761.253357,20150901_071106
334,KAPX20150901_112256_V06,22,0.121,300.56,299.378143,24.056763,-84.72,44.910018,12028.381348,20150901_072256
334,KAPX20150901_113236_V06,32,0.190,303.58,304.535187,19.356079,-84.70,44.886813,9678.039551,20150901_073236
334,KAPX20150901_114217_V06,42,0.125,309.50,295.517944,14.981155,-84.66,44.927370,7490.577698,20150901_074217
335,KAPX20150901_111106_V06,11,0.136,175.68,253.135620,7.754974,-85.51,45.115345,3877.487183,20150901_071106
337,KAPX20150901_112256_V06,22,0.195,223.05,456.289703,11.775948,-85.20,44.202970,5887.973785,20150901_072256
338,KAPX20150901_112256_V06,22,0.182,526.01,399.826843,11.896652,-83.30,44.449186,5948.326111,20150901_072256
339,KAPX20150901_112256_V06,22,0.135,305.65,140.874573,45.307083,-84.68,45.623112,22653.541565,20150901_072256
347,KAPX20150901_115157_V06,51,0.310,168.31,574.223694,16.769611,-85.54,43.670330,8384.805679,20150901_075157
349,KAPX20150901_120137_V06,61,0.267,330.83,161.012878,42.617889,-84.52,45.532352,21308.944702,20150901_080137
350,KAPX20150901_120137_V06,61,0.230,34.39,414.430359,36.742786,-86.39,44.380113,18371.393204,20150901_080137
352,KAPX20150901_121118_V06,71,0.288,33.39,277.836792,37.625053,-86.41,44.994436,18812.526703,20150901_081118
353,KAPX20150901_121118_V06,71,0.167,429.65,336.417419,32.203125,-83.90,44.740429,16101.562500,20150901_081118
344,KAPX20150902_111242_V06,11,0.186,290.08,303.024200,31.020355,-84.78,44.893596,15510.177612,20150902_071242
349,KAPX20150902_114138_V06,40,0.111,517.73,230.553070,3.159515,-83.33,45.211291,1579.757690,20150902_074138
350,KAPX20150902_115117_V06,50,0.197,551.68,471.909363,36.668953,-83.15,44.122786,18334.476471,20150902_075117
348,KAPX20150903_105845_V06,-5,0.104,397.86,470.676941,11.882385,-84.11,44.137601,5941.192627,20150903_065845
348,KAPX20150903_110400_V06,1,0.265,398.48,471.264593,18.065507,-84.10,44.134936,9032.753259,20150903_070400
347,KAPX20150903_105845_V06,-5,0.121,448.67,509.817474,58.769093,-83.79,43.959327,29384.546280,20150903_065845
349,KAPX20150903_110400_V06,1,0.116,529.01,478.698517,40.782700,-83.29,44.094121,20391.349792,20150903_070400
350,KAPX20150903_110907_V06,6,0.163,378.32,207.695251,6.716629,-84.22,45.321419,3358.314514,20150903_070907
352,KAPX20150903_111925_V06,16,0.139,406.15,473.809296,11.868877,-84.06,44.123215,5934.438705,20150903_071925
356,KAPX20150904_111410_V06,10,0.209,443.33,281.496796,44.498535,-83.81,44.986858,22249.267578,20150904_071410
356,KAPX20150904_111904_V06,15,0.880,436.71,281.253888,48.774894,-83.85,44.988276,24387.447249,20150904_071904
356,KAPX20150904_112358_V06,19,0.257,429.22,281.078017,51.662994,-83.90,44.989418,25831.497244,20150904_072358
356,KAPX20150904_112853_V06,24,-1.000,420.57,280.862439,55.518165,-83.96,44.990768,27759.082559,20150904_072853
356,KAPX20150904_113347_V06,29,0.326,432.84,285.233887,41.599686,-83.88,44.970554,20799.842834,20150904_073347
354,KAPX20150904_110916_V06,5,0.180,450.45,286.583466,52.150330,-83.77,44.963606,26075.164795,20150904_070916
357,KAPX20150904_111904_V06,15,0.166,317.27,324.867157,11.601181,-84.61,44.795283,5800.590515,20150904_071904
358,KAPX20150904_111904_V06,15,0.114,435.55,510.333527,6.234261,-83.88,43.957645,3117.130280,20150904_071904
359,KAPX20150904_112358_V06,19,0.175,47.17,353.183655,34.597939,-86.31,44.656774,17298.969269,20150904_072358
360,KAPX20150904_112358_V06,19,0.154,383.69,318.248230,19.985519,-84.19,44.823889,9992.759705,20150904_072358
375,KAPX20150904_120313_V06,59,0.269,408.32,288.348419,37.314636,-84.03,44.957581,18657.318115,20150904_080313
375,KAPX20150904_120807_V06,64,-1.000,408.32,288.348419,45.264636,-84.03,44.957581,22632.318115,20150904_080807
375,KAPX20150904_121302_V06,69,0.106,408.03,288.792145,38.180084,-84.04,44.955596,19090.042114,20150904_081302
380,KAPX20150904_121756_V06,73,0.209,418.20,341.683868,40.117722,-83.97,44.717230,20058.860779,20150904_081756
380,KAPX20150904_122251_V06,78,-1.000,418.20,341.683868,48.067722,-83.97,44.717230,24033.860779,20150904_082251
380,KAPX20150904_122745_V06,83,0.253,395.29,352.207642,35.448204,-84.12,44.670736,17724.102020,20150904_082745
384,KAPX20150904_122745_V06,83,0.231,353.66,548.766541,7.239851,-84.39,43.787358,3619.925499,20150904_082745
360,KAPX20150905_104607_V06,-19,0.103,301.60,286.144958,10.203934,-84.71,44.969556,5101.966858,20150905_064607
364,KAPX20150905_110051_V06,-5,0.107,379.56,279.516083,6.351700,-84.22,44.998268,3175.849915,20150905_070051
369,KAPX20150905_111040_V06,5,0.102,312.83,343.050568,10.604649,-84.64,44.713493,5302.324295,20150905_071040
369,KAPX20150905_111534_V06,10,0.133,320.79,316.305328,37.254745,-84.59,44.833782,18627.372742,20150905_071534
362,KAPX20150906_110512_V06,-1,0.640,194.28,302.191101,48.998390,-85.39,44.895401,24499.195099,20150906_070512
363,KAPX20150906_111453_V06,8,0.169,516.95,578.117004,23.234724,-83.38,43.647741,11617.362022,20150906_071453
365,KAPX20150906_114355_V06,37,0.131,473.13,316.512207,55.106129,-83.63,44.827676,27553.064346,20150906_074355
366,KAPX20150906_114355_V06,37,0.123,305.51,316.955750,25.073822,-84.68,44.830926,12536.911011,20150906_074355
368,KAPX20150906_121257_V06,66,0.137,486.92,338.176453,55.360535,-83.54,44.729345,27680.267334,20150906_081257
387,KAPX20150907_122903_V06,82,0.495,368.47,107.311279,28.092957,-84.28,45.773267,14046.478271,20150907_082903
387,KAPX20150907_123424_V06,87,0.125,371.93,108.041549,35.429864,-84.26,45.769895,17714.931875,20150907_083424
373,KAPX20150907_112002_V06,13,0.309,67.56,201.848877,68.303436,-86.20,45.339231,34151.718140,20150907_072002
374,KAPX20150907_113136_V06,24,0.128,109.41,322.813782,40.128349,-85.92,44.798215,20064.174652,20150907_073136
377,KAPX20150907_114859_V06,41,0.195,254.16,117.542999,10.942810,-85.01,45.727702,5471.405029,20150907_074859
384,KAPX20150907_122343_V06,76,0.134,354.61,110.137512,31.608513,-84.37,45.760858,15804.256439,20150907_082343
379,KAPX20150908_110105_V06,-8,0.572,349.75,288.998413,11.415146,-84.40,44.956284,5707.572937,20150908_070105
379,KAPX20150908_110558_V06,-4,0.138,350.28,290.475116,18.120447,-84.40,44.949630,9060.223605,20150908_070558
379,KAPX20150908_111053_V06,1,0.364,350.67,294.469608,21.063234,-84.40,44.931652,10531.616829,20150908_071053
395,KAPX20150908_121437_V06,65,0.202,393.22,312.233490,36.272476,-84.13,44.850655,18136.238098,20150908_081437
395,KAPX20150908_121931_V06,70,0.392,388.54,313.456066,44.052747,-84.16,44.845304,22026.373555,20150908_081931
395,KAPX20150908_122425_V06,75,0.168,374.25,315.574251,45.566963,-84.25,44.836182,22783.481666,20150908_082425
386,KAPX20150908_112536_V06,16,0.790,376.73,286.476074,23.462219,-84.23,44.967032,11731.109619,20150908_072536
386,KAPX20150908_113030_V06,21,0.317,376.11,288.286568,29.827266,-84.24,44.958903,14913.633140,20150908_073030
392,KAPX20150908_114018_V06,31,0.168,406.36,320.074432,34.389812,-84.05,44.814918,17194.906235,20150908_074018
392,KAPX20150908_114512_V06,36,-1.000,406.36,320.074432,42.339812,-84.05,44.814918,21169.906235,20150908_074512
392,KAPX20150908_115006_V06,41,-1.000,406.36,320.074432,50.289812,-84.05,44.814918,25144.906235,20150908_075006
392,KAPX20150908_115500_V06,46,0.129,398.58,303.499426,48.155581,-84.10,44.889770,24077.790626,20150908_075500
372,KAPX20150908_104129_V06,-28,0.182,376.86,290.532471,25.223801,-84.23,44.948779,12611.900330,20150908_064129
373,KAPX20150908_104623_V06,-23,0.112,378.29,390.599548,6.473724,-84.23,44.498511,3236.862183,20150908_064623
374,KAPX20150908_105117_V06,-18,0.194,232.48,471.136475,23.624077,-85.14,44.136398,11812.038422,20150908_065117
374,KAPX20150908_105611_V06,-13,-1.000,232.48,471.136475,31.574077,-85.14,44.136398,15787.038422,20150908_065611
374,KAPX20150908_110105_V06,-8,0.174,231.51,453.201874,4.076714,-85.15,44.217076,2038.356781,20150908_070105
375,KAPX20150908_105117_V06,-18,0.177,117.35,189.264069,7.376297,-85.89,45.399503,3688.148499,20150908_065117
378,KAPX20150908_105117_V06,-18,0.144,136.34,207.262695,26.147367,-85.76,45.319706,13073.683739,20150908_065117
385,KAPX20150908_112041_V06,11,0.271,377.85,282.656647,28.227570,-84.23,44.984186,14113.784790,20150908_072041
387,KAPX20150908_112536_V06,16,0.179,499.64,446.372711,6.322548,-83.47,44.241727,3161.273956,20150908_072536
388,KAPX20150908_113030_V06,21,0.100,417.14,311.970978,32.810425,-83.98,44.850954,16405.212402,20150908_073030
389,KAPX20150908_113523_V06,26,0.141,433.70,564.923462,5.065968,-83.89,43.712089,2532.983780,20150908_073523
390,KAPX20150908_113523_V06,26,0.139,546.22,464.619690,35.389252,-83.18,44.156049,17694.625854,20150908_073523
391,KAPX20150908_114018_V06,31,0.188,364.49,340.373260,33.885773,-84.31,44.724842,16942.886353,20150908_074018
394,KAPX20150908_121437_V06,65,0.285,460.45,486.372864,34.332634,-83.72,44.064191,17166.316986,20150908_081437
390,KAPX20150909_115532_V06,45,0.210,545.80,353.382446,36.575943,-83.17,44.656491,18287.971497,20150909_075532
390,KAPX20150909_120512_V06,55,0.247,537.18,353.389827,41.370118,-83.22,44.657184,20685.059093,20150909_080512
390,KAPX20150909_121454_V06,64,0.177,529.04,371.290076,45.611921,-83.28,44.577322,22805.960479,20150909_081454
388,KAPX20150909_105726_V06,-13,0.170,472.60,551.492432,35.840904,-83.65,43.770488,17920.452118,20150909_065726
388,KAPX20150909_110708_V06,-3,0.113,471.40,547.748008,41.879498,-83.66,43.787408,20939.749107,20150909_070708
389,KAPX20150909_112630_V06,16,0.530,480.81,321.979523,24.483463,-83.58,44.802604,12241.731644,20150909_072630
391,KAPX20150909_120512_V06,55,0.104,503.74,378.307556,32.037811,-83.44,44.547659,16018.905640,20150909_080512
392,KAPX20150909_122435_V06,74,0.528,545.81,453.272339,39.987663,-83.18,44.207133,19993.831635,20150909_082435
393,KAPX20150909_122435_V06,74,0.297,328.31,292.145264,15.193192,-84.54,44.942419,7596.595764,20150909_082435
409,KAPX20150910_110830_V06,-3,0.130,29.74,496.025696,37.944962,-86.40,44.012625,18972.480774,20150910_070830
409,KAPX20150910_111324_V06,2,0.504,32.71,502.734727,46.491758,-86.39,43.982717,23245.879198,20150910_071324
429,KAPX20150910_114253_V06,31,0.523,11.43,364.490784,13.055065,-86.54,44.602539,6527.532578,20150910_074253
429,KAPX20150910_114748_V06,36,0.287,12.60,363.476998,19.995029,-86.53,44.607216,9997.514622,20150910_074748
430,KAPX20150910_114253_V06,31,0.430,91.48,529.120605,44.648571,-86.02,43.868806,22324.285507,20150910_074253
430,KAPX20150910_114748_V06,36,0.221,91.76,529.187560,49.490631,-86.01,43.868525,24745.315553,20150910_074748
437,KAPX20150910_114748_V06,36,0.209,81.78,336.656616,22.033474,-86.10,44.733967,11016.736984,20150910_074748
437,KAPX20150910_115242_V06,41,0.245,84.58,335.138116,27.752838,-86.08,44.741009,13876.419025,20150910_075242
442,KAPX20150910_120231_V06,51,0.250,87.77,456.264313,11.199566,-86.05,44.196329,5599.782944,20150910_080231
442,KAPX20150910_120726_V06,56,-1.000,87.77,456.264313,19.149566,-86.05,44.196329,9574.782944,20150910_080726
442,KAPX20150910_121248_V06,61,0.279,100.32,449.761315,23.084598,-85.97,44.226479,11542.299015,20150910_081248
458,KAPX20150910_122758_V06,76,0.159,210.55,459.973297,6.523018,-85.28,44.186036,3261.508942,20150910_082758
458,KAPX20150910_123252_V06,81,0.143,210.53,462.087374,12.431851,-85.28,44.176522,6215.925578,20150910_083252
407,KAPX20150910_110830_V06,-3,0.138,52.68,417.429382,35.580711,-86.27,44.368249,17790.355682,20150910_070830
407,KAPX20150910_111324_V06,2,0.456,65.02,421.997040,29.073856,-86.19,44.348732,14536.928177,20150910_071324
408,KAPX20150910_110830_V06,-3,0.130,527.39,269.125092,15.060852,-83.28,45.037030,7530.426025,20150910_070830
410,KAPX20150910_110830_V06,-3,0.128,211.41,463.904053,6.532379,-85.27,44.168375,3266.189575,20150910_070830
417,KAPX20150910_112313_V06,12,0.141,394.91,146.031464,37.001465,-84.11,45.598312,18500.732422,20150910_072313
419,KAPX20150910_112808_V06,17,0.314,391.25,360.419373,3.692329,-84.14,44.633920,1846.164703,20150910_072808
420,KAPX20150910_112808_V06,17,0.234,390.90,364.587036,3.508820,-84.15,44.615180,1754.409790,20150910_072808
421,KAPX20150910_112808_V06,17,0.189,60.87,468.043884,17.041046,-86.21,44.141238,8520.523071,20150910_072808
422,KAPX20150910_112808_V06,17,0.154,396.34,359.650757,3.013252,-84.11,44.637212,1506.626129,20150910_072808
432,KAPX20150910_114253_V06,31,0.189,76.18,340.171265,25.271954,-86.13,44.717723,12635.976791,20150910_074253
411,KAPX20150911_111351_V06,1,0.358,287.93,360.906982,3.038811,-84.80,44.633153,1519.405365,20150911_071351
411,KAPX20150911_112335_V06,11,0.266,299.93,342.337495,16.210616,-84.72,44.716730,8105.308096,20150911_072335
410,KAPX20150911_111351_V06,1,0.398,67.72,286.530853,10.152392,-86.19,44.958340,5076.196194,20150911_071351
412,KAPX20150911_111351_V06,1,0.282,287.78,365.370667,3.300522,-84.80,44.613068,1650.260925,20150911_071351
415,KAPX20150911_112335_V06,11,0.208,564.58,540.676086,14.860720,-83.08,43.812274,7430.359840,20150911_072335
417,KAPX20150911_115239_V06,40,0.425,273.44,316.821655,3.332962,-84.89,44.831411,1666.481018,20150911_075239
418,KAPX20150911_115239_V06,40,0.176,279.14,317.107056,3.551880,-84.85,44.830175,1775.939941,20150911_075239
420,KAPX20150911_122142_V06,69,0.114,282.10,320.235718,14.171326,-84.83,44.816118,7085.662842,20150911_082142
417,KAPX20150912_105052_V06,-23,0.221,435.55,301.157959,11.206512,-83.86,44.898786,5603.256226,20150912_065052
417,KAPX20150912_110035_V06,-13,0.603,423.44,312.980434,27.870887,-83.94,44.846147,13935.443685,20150912_070035
423,KAPX20150912_111018_V06,-3,0.694,30.12,281.109955,31.057142,-86.43,44.979405,15528.571129,20150912_071018
423,KAPX20150912_112000_V06,7,0.195,29.93,286.043265,37.731549,-86.43,44.957198,18865.774288,20150912_072000
425,KAPX20150912_111018_V06,-3,0.191,21.58,410.616852,30.309948,-86.47,44.396060,15154.973984,20150912_071018
425,KAPX20150912_112000_V06,7,0.332,21.60,415.329777,34.949180,-86.47,44.374862,17474.589997,20150912_072000
425,KAPX20150912_112456_V06,11,0.611,21.24,424.354797,27.311520,-86.47,44.334229,13655.759811,20150912_072456
425,KAPX20150912_112952_V06,16,0.379,20.67,425.329741,32.101994,-86.47,44.329789,16050.996986,20150912_072952
425,KAPX20150912_113447_V06,21,0.222,25.73,420.216766,17.351460,-86.44,44.353274,8675.729752,20150912_073447
425,KAPX20150912_113943_V06,26,0.244,24.27,423.907809,24.592912,-86.45,44.336531,12296.455794,20150912_073943
425,KAPX20150912_114438_V06,31,0.124,21.69,431.791077,14.981033,-86.46,44.300823,7490.516663,20150912_074438
425,KAPX20150912_114933_V06,36,0.222,22.20,433.382829,20.715180,-86.46,44.293711,10357.589963,20150912_074933
426,KAPX20150912_111018_V06,-3,0.144,377.33,317.662598,3.519684,-84.23,44.826704,1759.841919,20150912_071018
430,KAPX20150912_112000_V06,7,0.102,489.02,402.546814,6.751129,-83.53,44.439615,3375.564575,20150912_072000
433,KAPX20150912_112456_V06,11,0.523,367.43,550.254944,21.268234,-84.30,43.780375,10634.117126,20150912_072456
434,KAPX20150912_112456_V06,11,0.208,66.98,296.356384,38.052971,-86.20,44.914082,19026.485443,20150912_072456
440,KAPX20150912_115428_V06,41,0.212,86.55,419.405762,6.438736,-86.06,44.362063,3219.367981,20150912_075428
444,KAPX20150912_120915_V06,56,0.274,33.65,329.107483,25.410322,-86.40,44.763847,12705.161095,20150912_080915
425,KAPX20150913_110745_V06,-7,0.285,300.27,302.692474,6.722763,-84.72,44.895106,3361.381531,20150913_070745
433,KAPX20150914_115621_V06,40,0.140,203.02,466.280273,7.585077,-85.33,44.157414,3792.538643,20150914_075621
428,KAPX20150915_112642_V06,9,0.307,300.45,298.574310,19.458466,-84.72,44.913634,9729.232788,20150915_072642
428,KAPX20150915_113624_V06,19,0.186,299.88,297.796026,26.861518,-84.72,44.917136,13430.758807,20150915_073624
428,KAPX20150915_114606_V06,29,0.152,287.75,301.768372,32.924981,-84.80,44.899237,16462.490287,20150915_074606
427,KAPX20150915_110719_V06,-10,0.105,299.92,299.518311,23.530060,-84.72,44.909387,11765.029907,20150915_070719
431,KAPX20150917_114439_V06,25,0.138,406.19,305.228546,11.381378,-84.05,44.881718,5690.689087,20150917_074439
431,KAPX20150917_115419_V06,35,0.156,403.59,305.759532,17.917295,-84.06,44.879424,8958.647463,20150917_075419
430,KAPX20150917_114439_V06,25,0.186,298.08,298.458618,18.496490,-84.73,44.914154,9248.245239,20150917_074439
430,KAPX20150917_115419_V06,35,-1.000,298.08,298.458618,34.396490,-84.73,44.914154,17198.245239,20150917_075419
430,KAPX20150917_120400_V06,45,0.122,291.24,299.010010,21.661713,-84.78,44.911661,10830.856323,20150917_080400
430,KAPX20150917_121341_V06,54,0.767,301.75,300.453094,16.058868,-84.71,44.905181,8029.434204,20150917_081341
439,KAPX20150918_114020_V06,20,0.206,374.55,229.028503,11.261230,-84.25,45.225546,5630.615234,20150918_074020
439,KAPX20150918_114514_V06,25,-1.000,374.55,229.028503,19.211230,-84.25,45.225546,9605.615234,20150918_074514
439,KAPX20150918_115008_V06,30,0.126,368.50,233.680868,26.843838,-84.28,45.204768,13421.919100,20150918_075008
437,KAPX20150918_114020_V06,20,0.224,343.74,326.302216,6.140778,-84.44,44.788544,3070.388794,20150918_074020
452,KAPX20150918_121505_V06,55,0.103,210.32,309.586151,49.450699,-85.29,44.862680,24725.349426,20150918_081505
455,KAPX20150918_121959_V06,59,0.241,493.48,569.928955,31.849133,-83.52,43.686226,15924.566269,20150918_081959
459,KAPX20150918_122948_V06,69,0.100,334.17,530.041321,25.498055,-84.51,43.871915,12749.027252,20150918_082948
461,KAPX20150918_124433_V06,84,0.126,336.40,224.443115,3.033188,-84.49,45.246924,1516.593933,20150918_084433
447,KAPX20150919_112255_V06,0,0.237,123.17,555.279480,35.979397,-85.82,43.753195,17989.698410,20150919_072255
462,KAPX20150919_115746_V06,35,0.151,141.09,549.393738,34.017319,-85.71,43.780708,17008.659363,20150919_075746
440,KAPX20150921_113004_V06,6,0.385,390.64,365.168396,2.997360,-84.15,44.612572,1498.680115,20150921_073004
441,KAPX20150921_113004_V06,6,0.140,302.37,364.695251,3.303741,-84.70,44.616132,1651.870728,20150921_073004
441,KAPX20150922_110119_V06,-24,0.749,296.97,299.076782,20.850891,-84.74,44.911372,10425.445557,20150922_070119
441,KAPX20150922_111100_V06,-14,0.113,296.62,299.507745,27.788142,-84.74,44.909433,13894.070821,20150922_071100
442,KAPX20150922_111100_V06,-14,0.168,206.56,469.051331,7.283325,-85.30,44.145061,3641.662598,20150922_071100
442,KAPX20150922_112042_V06,-5,0.123,207.03,468.995945,14.285123,-85.30,44.145326,7142.561266,20150922_072042
445,KAPX20150922_112042_V06,-5,0.177,390.84,365.424713,3.185699,-84.15,44.611413,1592.849731,20150922_072042
453,KAPX20150923_120044_V06,34,0.580,259.62,176.316010,17.513046,-84.98,45.463387,8756.523132,20150923_080044
453,KAPX20150923_121026_V06,44,0.145,269.44,175.304876,30.436501,-84.92,45.468059,15218.250656,20150923_081026
453,KAPX20150923_122007_V06,54,0.471,277.77,168.687691,32.238673,-84.86,45.497907,16119.336599,20150923_082007
453,KAPX20150923_122949_V06,63,0.351,281.85,170.186280,34.590607,-84.84,45.491194,17295.303451,20150923_082949
451,KAPX20150923_115103_V06,25,0.135,255.97,197.133270,7.935783,-85.00,45.369679,3967.891693,20150923_075103
451,KAPX20150923_120044_V06,34,0.118,256.24,196.917251,15.077764,-85.00,45.370655,7538.881880,20150923_080044
451,KAPX20150923_121026_V06,44,0.319,246.89,204.026688,21.716590,-85.06,45.338510,10858.295165,20150923_081026
444,KAPX20150923_112201_V06,-4,0.119,42.77,366.852356,55.484131,-86.34,44.594897,27742.065430,20150923_072201
445,KAPX20150923_113142_V06,5,0.422,201.63,461.374084,3.605598,-85.33,44.179443,1802.799225,20150923_073142
446,KAPX20150923_113142_V06,5,0.214,206.50,461.836700,3.636604,-85.30,44.177523,1818.302155,20150923_073142
448,KAPX20150923_114123_V06,15,0.256,405.02,315.303955,29.860867,-84.06,44.836431,14930.433273,20150923_074123
448,KAPX20150923_115103_V06,25,-1.000,405.02,315.303955,45.760867,-84.06,44.836431,22880.433273,20150923_075103
448,KAPX20150923_120044_V06,34,0.181,449.37,360.750305,69.333069,-83.78,44.629992,34666.534424,20150923_080044
448,KAPX20150923_121026_V06,44,-1.000,449.37,360.750305,85.233069,-83.78,44.629992,42616.534424,20150923_081026
448,KAPX20150923_122007_V06,54,0.665,457.20,343.818237,19.970474,-83.73,44.705751,9985.237122,20150923_082007
450,KAPX20150923_115103_V06,25,0.183,326.38,435.387451,35.058838,-84.55,44.297927,17529.418945,20150923_075103
451,KAPX20150924_110715_V06,-21,0.110,214.46,463.995911,2.998573,-85.25,44.168053,1499.286652,20150924_070715
451,KAPX20150924_111656_V06,-12,0.428,213.68,463.767660,8.814887,-85.26,44.169057,4407.443336,20150924_071656
455,KAPX20150924_111656_V06,-12,0.117,462.78,393.658264,51.360130,-83.70,44.481208,25680.065155,20150924_071656
455,KAPX20150924_112638_V06,-2,0.232,458.42,379.362908,65.077880,-83.72,44.545768,32538.939975,20150924_072638
458,KAPX20150924_114827_V06,20,0.222,522.59,322.843079,50.885170,-83.31,44.795769,25442.584991,20150924_074827
458,KAPX20150924_115321_V06,25,0.343,521.04,320.238632,55.578209,-83.32,44.807605,27789.104408,20150924_075321
452,KAPX20150924_111656_V06,-12,0.375,516.48,471.938324,34.848007,-83.37,44.125497,17424.003601,20150924_071656
456,KAPX20150924_113836_V06,10,0.225,358.35,301.349518,22.350342,-84.35,44.900551,11175.170898,20150924_073836
457,KAPX20150924_114331_V06,15,0.141,526.70,479.936401,37.552353,-83.30,44.088733,18776.176453,20150924_074331
459,KAPX20150924_114827_V06,20,0.130,486.55,255.613312,27.952896,-83.53,45.100788,13976.448059,20150924_074827
460,KAPX20150924_115816_V06,30,0.177,548.74,455.176514,34.615616,-83.16,44.198316,17307.807922,20150924_075816
461,KAPX20150924_120310_V06,35,0.141,151.40,334.494049,3.204033,-85.66,44.748160,1602.016449,20150924_080310
462,KAPX20150924_122249_V06,54,0.120,291.94,418.871094,46.088257,-84.77,44.372354,23044.128418,20150924_082249
461,KAPX20150925_112904_V06,0,0.135,210.77,233.460358,12.343307,-85.29,45.205183,6171.653748,20150925_072904
462,KAPX20150925_120021_V06,31,0.108,343.08,278.287506,3.792740,-84.45,45.004582,1896.369934,20150925_080021
463,KAPX20150925_123905_V06,70,0.104,283.65,304.148865,29.247395,-84.82,44.888506,14623.697281,20150925_083905
464,KAPX20150926_124405_V06,74,0.229,295.19,307.155212,20.208740,-84.75,44.875023,10104.370117,20150926_084405
467,KAPX20150928_111944_V06,-13,0.229,322.16,350.150665,6.320339,-84.58,44.681490,3160.169601,20150928_071944
470,KAPX20150928_113907_V06,7,0.105,347.39,343.674225,6.963577,-84.42,44.710324,3481.788635,20150928_073907
473,KAPX20150928_124901_V06,77,0.194,519.14,230.927826,11.803307,-83.32,45.209496,5901.653290,20150928_084901
468,KAPX20150929_114351_V06,9,0.260,347.50,281.402405,5.932053,-84.42,44.990498,2966.026306,20150929_074351
