track_id,filename,from_sunrise,det_score,x,y,r,lon,lat,radius,is_rain
52,KMKX20000401_122929,54,0.268,89.17,462.054382,23.470352,-89.83,42.231189,11735.176086
52,KMKX20000401_123520,60,0.519,93.57,456.224162,33.881779,-89.80,42.257725,16940.889454
52,KMKX20000401_124110,66,0.640,107.93,438.476024,39.132729,-89.72,42.338528,19566.364268
52,KMKX20000401_124701,72,0.388,126.34,430.764765,38.511840,-89.60,42.374324,19255.919956
52,KMKX20000401_125251,77,0.685,142.14,422.718156,36.885049,-89.51,42.411388,18442.524616
52,KMKX20000401_125842,83,0.453,160.21,416.096366,40.660299,-89.40,42.442064,20330.149487
52,KMKX20000401_130432,89,0.345,172.02,408.055792,39.786551,-89.33,42.478767,19893.275404
4,KMKX20000401_110745,-28,0.170,124.32,501.049805,34.183693,-89.61,42.057866,17091.846466
4,KMKX20000401_111335,-22,0.311,128.66,498.332160,43.621531,-89.59,42.070340,21810.765345
7,KMKX20000401_111335,-22,0.452,457.82,152.399048,61.052841,-87.57,43.627912,30526.420593
7,KMKX20000401_111925,-16,0.165,459.05,152.681490,68.761935,-87.57,43.626576,34380.967383
7,KMKX20000401_112516,-10,0.883,467.85,146.673645,59.050255,-87.51,43.653131,29525.127411
7,KMKX20000401_113106,-4,0.599,470.85,143.241818,61.200791,-87.49,43.668404,30600.395282
10,KMKX20000401_111335,-22,0.337,301.14,162.611267,11.838745,-88.54,43.586101,5919.372559
10,KMKX20000401_111925,-16,0.422,301.45,164.407559,18.189619,-88.54,43.578017,9094.809538
21,KMKX20000401_113106,-4,0.449,346.77,575.667297,29.539415,-88.27,41.726581,14769.707680
21,KMKX20000401_113656,1,0.747,356.77,575.203484,34.511005,-88.21,41.728504,17255.502724
21,KMKX20000401_114247,7,0.356,384.67,573.309814,29.913925,-88.04,41.736398,14956.962585
27,KMKX20000401_114247,7,0.186,328.12,52.584106,24.719650,-88.38,44.081100,12359.825134
27,KMKX20000401_114837,13,0.327,324.17,53.951201,36.472322,-88.40,44.074983,18236.161120
32,KMKX20000401_115427,19,0.137,292.93,127.485077,46.664719,-88.59,43.744169,23332.359314
32,KMKX20000401_120018,25,0.144,297.24,126.077268,53.999175,-88.57,43.750511,26999.587722
33,KMKX20000401_120018,25,0.753,150.26,579.246460,26.259218,-89.45,41.707239,13129.609108
33,KMKX20000401_120608,31,0.475,153.74,579.132996,31.478176,-89.43,41.707915,15739.087781
37,KMKX20000401_120608,31,0.118,531.59,532.529785,19.194553,-87.15,41.912523,9597.276688
37,KMKX20000401_121159,36,0.375,535.96,532.813750,25.220663,-87.13,41.910917,12610.331279
40,KMKX20000401_121159,36,0.204,29.15,355.018402,28.495602,-90.20,42.708181,14247.800827
40,KMKX20000401_121749,42,0.337,30.20,352.338008,36.239134,-90.20,42.720335,18119.566828
46,KMKX20000401_122339,48,0.425,479.16,525.881348,26.978249,-87.47,41.945901,13489.124298
46,KMKX20000401_122929,54,0.120,486.17,523.353492,33.544504,-87.43,41.956867,16772.251888
60,KMKX20000401_123520,60,0.156,220.43,152.966522,28.037262,-89.04,43.628451,14018.630981
60,KMKX20000401_124110,66,-1.000,220.43,152.966522,37.577262,-89.04,43.628451,18788.630981
60,KMKX20000401_124701,72,-1.000,220.43,152.966522,47.117262,-89.04,43.628451,23558.630981
60,KMKX20000401_125251,77,-1.000,220.43,152.966522,55.067262,-89.04,43.628451,27533.630981
60,KMKX20000401_125842,83,-1.000,220.43,152.966522,64.607262,-89.04,43.628451,32303.630981
60,KMKX20000401_130432,89,0.766,201.98,139.989706,76.140762,-89.16,43.686302,38070.381000
67,KMKX20000401_125842,83,0.506,33.46,290.644897,45.689186,-90.18,42.998220,22844.593048
67,KMKX20000401_130432,89,0.700,34.83,288.051089,51.363362,-90.18,43.010011,25681.680802
1,KMKX20000401_110745,-28,0.618,447.74,121.522095,56.477364,-87.63,43.767365,28238.681793
2,KMKX20000401_110745,-28,0.322,270.52,584.963684,19.480179,-88.73,41.684941,9740.089417
3,KMKX20000401_110745,-28,0.219,299.84,407.084961,6.609207,-88.55,42.485795,3304.603577
5,KMKX20000401_110745,-28,0.169,310.73,172.433258,24.977646,-88.48,43.541880,12488.822937
6,KMKX20000401_110745,-28,0.122,237.71,229.480927,15.117981,-88.93,43.284520,7558.990479
8,KMKX20000401_111335,-22,0.434,129.63,223.233521,29.718559,-89.60,43.308479,14859.279633
9,KMKX20000401_111335,-22,0.385,180.17,327.543701,7.927010,-89.28,42.841461,3963.504791
12,KMKX20000401_111335,-22,0.249,211.54,357.322845,6.369064,-89.09,42.708501,3184.532166
16,KMKX20000401_111925,-16,0.244,314.46,577.195435,26.968157,-88.46,41.720017,13484.078407
17,KMKX20000401_111925,-16,0.157,526.36,460.136841,32.144600,-87.18,42.238723,16072.299957
20,KMKX20000401_112516,-10,0.100,354.19,246.480713,6.365707,-88.22,43.208168,3182.853699
22,KMKX20000401_113106,-4,0.230,270.52,552.228088,14.814072,-88.73,41.832308,7407.035828
23,KMKX20000401_113656,1,0.250,296.13,80.661194,34.973969,-88.57,43.954885,17486.984253
23,KMKX20000401_114247,7,-1.000,296.13,80.661194,44.513969,-88.57,43.954885,22256.984253
23,KMKX20000401_114837,13,0.286,325.54,98.959595,26.467697,-88.39,43.872435,13233.848572
24,KMKX20000401_113656,1,0.134,313.52,415.902405,20.732841,-88.47,42.446076,10366.420746
26,KMKX20000401_114247,7,0.277,298.64,190.929688,10.440842,-88.56,43.458659,5220.420837
29,KMKX20000401_114247,7,0.117,254.35,575.951538,22.679678,-88.82,41.725318,11339.838982
30,KMKX20000401_114837,13,0.287,515.81,553.047607,30.993374,-87.25,41.821306,15496.686935
35,KMKX20000401_120018,25,0.125,484.39,157.066620,27.352859,-87.41,43.605395,13676.429749
35,KMKX20000401_120608,31,-1.000,484.39,157.066620,36.892859,-87.41,43.605395,18446.429749
35,KMKX20000401_121159,36,0.314,503.50,172.137146,15.876900,-87.29,43.536350,7938.449860
42,KMKX20000401_121159,36,0.114,23.62,415.387726,21.541636,-90.23,42.436035,10770.817757
45,KMKX20000401_121749,42,0.139,355.14,73.275085,30.823799,-88.21,43.987615,15411.899567
47,KMKX20000401_122339,48,0.226,448.15,91.031860,36.234001,-87.63,43.904542,18117.000580
48,KMKX20000401_122339,48,0.208,269.72,185.556122,64.454956,-88.74,43.482690,32227.478027
48,KMKX20000401_122929,54,0.885,286.49,177.882812,56.646564,-88.63,43.517345,28323.282242
50,KMKX20000401_122929,54,0.427,242.81,562.953613,41.545780,-88.89,41.783641,20772.890091
55,KMKX20000401_123520,60,0.372,67.97,578.085144,23.373461,-89.94,41.707454,11686.730385
56,KMKX20000401_123520,60,0.363,408.31,169.410522,33.501709,-87.88,43.553553,16750.854492
57,KMKX20000401_123520,60,0.235,495.69,198.336884,29.056358,-87.34,43.418977,14528.179169
61,KMKX20000401_123520,60,0.101,475.05,489.705933,34.425983,-87.49,42.108960,17212.991714
63,KMKX20000401_124701,72,0.196,186.34,269.253082,20.776726,-89.25,43.104037,10388.362885
64,KMKX20000401_124701,72,0.157,431.65,70.504883,30.948189,-87.73,43.997681,15474.094391
65,KMKX20000401_125251,77,0.579,123.98,580.824219,19.823471,-89.61,41.698771,9911.735535
68,KMKX20000401_125842,83,0.285,142.24,165.587555,60.472931,-89.53,43.568568,30236.465454
50,KMKX20000402_121737,44,0.233,540.98,560.693298,48.110321,-87.10,41.785055,24055.160522
50,KMKX20000402_122327,50,0.238,543.08,558.900463,53.988896,-87.09,41.792962,26994.448139
50,KMKX20000402_122918,56,0.350,544.03,549.183720,53.803545,-87.08,41.836621,26901.772566
50,KMKX20000402_123509,62,0.111,552.75,558.488831,42.697861,-87.03,41.794048,21348.930359
50,KMKX20000402_124059,67,0.111,553.64,558.585010,47.611665,-87.02,41.793543,23805.832373
50,KMKX20000402_124650,73,0.220,561.06,559.728516,34.830551,-86.98,41.787786,17415.275574
50,KMKX20000402_125240,79,0.351,574.79,540.243530,26.624851,-86.90,41.874302,13312.425613
45,KMKX20000402_111323,-20,0.102,292.25,176.077484,10.374207,-88.60,43.525489,5187.103271
45,KMKX20000402_111914,-14,0.632,296.62,171.696943,17.842470,-88.57,43.545211,8921.235055
46,KMKX20000402_111323,-20,0.101,544.74,571.876709,24.413820,-87.08,41.734429,12206.910133
47,KMKX20000402_111914,-14,0.242,318.78,190.652985,27.050797,-88.43,43.459846,13525.398254
49,KMKX20000402_112504,-8,0.103,368.50,552.285583,37.823929,-88.14,41.831437,18911.964417
50,KMKX20000403_110553,-27,0.119,32.52,348.813599,38.116447,-90.18,42.736398,19058.223724
50,KMKX20000403_111544,-17,0.166,39.70,341.531025,43.978319,-90.14,42.769786,21989.159378
51,KMKX20000403_111544,-17,0.122,438.75,69.365601,29.682060,-87.69,44.002485,14841.030121
52,KMKX20000403_111544,-17,0.110,323.20,401.235779,27.320015,-88.41,42.512035,13660.007477
53,KMKX20000403_112536,-7,0.417,319.90,198.224396,24.303391,-88.43,43.425765,12151.695251
54,KMKX20000403_113651,4,0.114,160.84,88.977936,66.186081,-89.42,43.914217,33093.040466
55,KMKX20000403_120012,28,0.110,277.73,115.368195,12.285568,-88.69,43.798622,6142.784119
56,KMKX20000403_121744,45,0.471,264.73,228.252686,7.217636,-88.77,43.290483,3608.818054
58,KMKX20000403_124655,74,0.147,101.91,327.922455,52.561817,-89.76,42.835687,26280.908585
59,KMKX20000403_124655,74,0.133,250.87,139.913757,11.934887,-88.86,43.687843,5967.443466
65,KMKX20000404_110625,-24,0.184,396.76,464.696320,17.422739,-87.96,42.224961,8711.369514
65,KMKX20000404_111616,-14,0.667,413.52,453.652908,33.191159,-87.86,42.274100,16595.579337
65,KMKX20000404_112607,-4,0.861,403.20,460.428935,51.064311,-87.93,42.243961,25532.155519
65,KMKX20000404_113559,5,0.371,407.17,481.688530,59.672912,-87.90,42.148132,29836.456224
65,KMKX20000404_114551,15,-1.000,410.78,504.102950,69.770353,-87.88,42.047113,34885.176662
65,KMKX20000404_115542,25,0.108,440.63,443.272186,42.840912,-87.70,42.319710,21420.455933
69,KMKX20000404_111616,-14,0.204,254.72,445.726013,28.184078,-88.83,42.311531,14092.039108
69,KMKX20000404_112607,-4,0.489,258.99,456.568559,35.372613,-88.80,42.262786,17686.306619
69,KMKX20000404_113559,5,0.556,280.85,485.096224,40.738909,-88.67,42.134585,20369.454256
69,KMKX20000404_114551,15,0.464,278.63,481.485901,28.202528,-88.68,42.150822,14101.264000
59,KMKX20000404_110625,-24,0.376,499.96,383.526550,38.776215,-87.33,42.585329,19388.107300
59,KMKX20000404_111616,-14,0.417,505.44,388.454136,43.139188,-87.30,42.562791,21569.594078
60,KMKX20000404_110625,-24,0.306,36.39,255.791595,34.240669,-90.17,43.155298,17120.334625
60,KMKX20000404_111616,-14,0.269,34.68,262.157440,43.146358,-90.18,43.126507,21573.178924
61,KMKX20000404_110625,-24,0.271,344.95,453.026703,16.391296,-88.28,42.278674,8195.648193
61,KMKX20000404_111616,-14,0.115,338.87,454.779035,27.401539,-88.31,42.270869,13700.769268
67,KMKX20000404_110625,-24,0.120,398.50,78.697998,38.064674,-87.94,43.962095,19032.337189
67,KMKX20000404_111616,-14,0.595,398.70,96.567162,49.016060,-87.94,43.881679,24508.029831
80,KMKX20000404_115542,25,0.163,22.73,232.841949,24.464729,-90.26,43.257338,12232.364655
80,KMKX20000404_120533,35,0.167,23.36,243.742950,32.909349,-90.25,43.208349,16454.674564
82,KMKX20000404_120533,35,0.326,448.96,441.706818,32.384613,-87.65,42.326365,16192.306519
82,KMKX20000404_121524,45,0.306,435.38,457.922018,37.466348,-87.73,42.254005,18733.173767
64,KMKX20000404_110625,-24,0.194,310.42,359.435974,20.433308,-88.49,42.700248,10216.653824
70,KMKX20000404_111616,-14,0.143,426.80,555.383484,25.279373,-87.79,41.815670,12639.686584
70,KMKX20000404_112607,-4,0.711,437.55,571.030701,21.450176,-87.72,41.744781,10725.088120
74,KMKX20000404_112607,-4,0.506,303.04,414.363586,20.136162,-88.53,42.453031,10068.080902
79,KMKX20000404_114551,15,0.152,278.77,556.739075,23.282322,-88.68,41.812068,11641.160965
83,KMKX20000404_120533,35,0.133,397.67,488.438751,15.401299,-87.96,42.118061,7700.649261
87,KMKX20000404_122516,55,0.515,432.55,278.039154,23.953751,-87.74,43.063731,11976.875305
96,KMKX20000404_124458,74,0.130,440.31,452.602081,55.960838,-87.70,42.277731,27980.419159
97,KMKX20000404_124458,74,0.112,456.42,290.110046,11.133240,-87.59,43.008274,5566.619873
75,KMKX20000406_111757,-9,0.458,303.18,191.979736,14.599365,-88.53,43.453932,7299.682617
77,KMKX20000406_113739,11,0.355,335.80,245.057037,3.744827,-88.33,43.214849,1872.413635
91,KMKX20000407_123505,70,0.567,32.65,250.089539,31.423010,-90.19,43.180626,15711.504936
91,KMKX20000407_124056,75,0.262,35.06,250.703816,37.639060,-90.18,43.178074,18819.530029
91,KMKX20000407_124646,81,0.124,48.43,241.732333,40.255442,-90.10,43.219580,20127.720814
81,KMKX20000407_112501,0,0.842,519.64,366.578125,16.382950,-87.21,42.660258,8191.474915
81,KMKX20000407_113051,5,0.848,530.73,361.722815,19.887527,-87.14,42.681293,9943.763352
85,KMKX20000407_113641,11,0.786,552.85,352.489502,16.803658,-87.01,42.721099,8401.828766
85,KMKX20000407_114232,17,0.125,557.83,350.873025,23.738534,-86.98,42.727958,11869.266945
77,KMKX20000407_105549,-30,0.307,542.86,412.634155,41.518707,-87.07,42.451250,20759.353638
78,KMKX20000407_110140,-24,0.206,268.05,578.049377,24.065411,-88.74,41.716044,12032.705307
79,KMKX20000407_110140,-24,0.126,40.68,329.137573,35.780190,-90.14,42.825638,17890.094757
80,KMKX20000407_111320,-12,0.115,293.03,287.210938,10.193939,-88.59,43.025332,5096.969604
83,KMKX20000407_113051,5,0.478,338.78,279.683136,3.296783,-88.31,43.058974,1648.391724
86,KMKX20000407_114232,17,0.164,278.62,583.121521,21.570660,-88.68,41.693300,10785.329819
87,KMKX20000407_120003,35,0.133,372.96,297.793579,33.022491,-88.10,42.976837,16511.245728
88,KMKX20000407_120554,40,0.109,386.40,341.812500,6.403416,-88.02,42.778369,3201.707840
89,KMKX20000407_122915,64,0.295,34.33,302.050171,31.280306,-90.18,42.946976,15640.152931
90,KMKX20000407_122915,64,0.111,43.37,353.075867,34.462605,-90.12,42.718146,17231.302261
92,KMKX20000407_123505,70,0.161,139.49,169.598785,77.768524,-89.54,43.550373,38884.262085
93,KMKX20000407_124056,75,0.260,372.51,405.025604,38.107758,-88.11,42.494211,19053.878784
94,KMKX20000407_124056,75,0.150,297.55,394.553284,11.408447,-88.57,42.542201,5704.223633
107,KMKX20000411_120939,51,0.188,420.80,218.940857,47.747116,-87.81,43.330183,23873.558044
107,KMKX20000411_121930,61,0.265,432.04,209.880143,58.534644,-87.74,43.370488,29267.322216
107,KMKX20000411_122922,71,0.454,457.14,202.290840,61.878316,-87.58,43.403438,30939.158131
107,KMKX20000411_123913,81,0.240,489.47,195.966762,66.795067,-87.38,43.430039,33397.533626
96,KMKX20000411_112024,2,0.111,460.84,225.803864,31.341858,-87.56,43.297434,15670.928955
96,KMKX20000411_113015,12,0.133,474.72,226.065130,39.395629,-87.47,43.295488,19697.814554
96,KMKX20000411_114006,22,0.762,473.97,239.688599,10.035309,-87.48,43.234226,5017.654419
96,KMKX20000411_114957,31,0.178,483.16,237.509957,21.445142,-87.42,43.243488,10722.571220
109,KMKX20000411_122922,71,0.448,286.04,291.623077,47.185730,-88.64,43.005450,23592.864990
109,KMKX20000411_123913,81,0.120,293.29,307.466663,62.661162,-88.59,42.934167,31330.580826
110,KMKX20000411_122922,71,0.381,454.58,327.238556,6.851746,-87.61,42.841275,3425.872803
110,KMKX20000411_123913,81,0.604,443.68,332.265477,31.143321,-87.67,42.819183,15571.660690
93,KMKX20000411_105051,-28,0.522,294.28,431.544678,7.339142,-88.59,42.375692,3669.570923
97,KMKX20000411_113015,12,0.480,248.70,286.958618,16.022675,-88.87,43.026044,8011.337280
98,KMKX20000411_113015,12,0.401,338.37,234.492371,52.593262,-88.31,43.262364,26296.630859
99,KMKX20000411_113015,12,0.141,409.05,421.372955,29.800240,-87.89,42.419555,14900.119781
101,KMKX20000411_114006,22,0.249,517.80,214.434540,23.875084,-87.21,43.345028,11937.541962
105,KMKX20000411_114957,31,0.151,466.18,163.683899,42.480316,-87.52,43.576681,21240.158081
106,KMKX20000411_115948,41,0.282,291.63,249.998138,42.398438,-88.60,43.192811,21199.218750
108,KMKX20000411_121930,61,0.106,307.57,333.378143,5.293610,-88.50,42.817541,2646.804810
111,KMKX20000411_122922,71,0.233,407.98,334.736206,11.602322,-87.89,42.809532,5801.160812
113,KMKX20000411_122922,71,0.109,409.37,357.169983,10.189865,-87.88,42.708514,5094.932556
107,KMKX20000412_110225,-14,0.417,302.14,186.671906,14.243546,-88.54,43.477820,7121.772766
107,KMKX20000412_111216,-4,-1.000,302.14,186.671906,30.143546,-88.54,43.477820,15071.772766
107,KMKX20000412_112207,6,0.304,298.74,193.573029,6.586792,-88.56,43.446763,3293.395996
110,KMKX20000412_111216,-4,0.122,181.08,335.062469,16.005470,-89.28,42.807658,8002.735138
109,KMKX20000413_105330,-22,0.227,532.09,392.258118,54.857960,-87.14,42.543777,27428.979874
110,KMKX20000413_110321,-12,0.520,552.49,465.235107,23.756628,-87.02,42.213758,11878.314018
112,KMKX20000413_110321,-12,0.291,224.12,144.868042,11.229164,-89.02,43.664991,5614.582062
113,KMKX20000413_110321,-12,0.219,68.36,253.966644,7.773903,-89.97,43.166118,3886.951447
114,KMKX20000413_111312,-2,0.244,504.75,162.295898,38.092552,-87.28,43.580547,19046.276093
115,KMKX20000413_111312,-2,0.136,114.30,305.131866,12.654026,-89.69,42.939028,6327.013016
117,KMKX20000413_112303,8,0.398,588.22,288.062653,13.112000,-86.78,43.007863,6555.999756
118,KMKX20000413_112303,8,0.128,361.96,206.443207,7.081512,-88.17,43.388206,3540.756226
119,KMKX20000413_115237,37,0.134,576.47,438.935425,28.716835,-86.87,42.330063,14358.417511
120,KMKX20000413_120228,47,0.671,558.42,490.418701,25.727119,-86.99,42.099935,12863.559723
121,KMKX20000413_120228,47,0.286,439.45,250.461975,38.349884,-87.69,43.187529,19174.942017
122,KMKX20000413_120228,47,0.213,89.06,359.603027,11.714890,-89.84,42.692258,5857.444763
123,KMKX20000413_120228,47,0.172,526.77,288.993835,24.599937,-87.16,43.008871,12299.968719
124,KMKX20000413_120228,47,0.134,546.96,250.597290,35.464073,-87.03,43.180071,17732.036591
125,KMKX20000413_120228,47,0.117,521.51,347.061646,38.123932,-87.20,42.747950,19061.965942
126,KMKX20000413_122210,67,0.105,246.97,268.047394,7.903152,-88.88,43.111127,3951.576233
127,KMKX20000413_123201,77,0.101,282.87,268.478790,6.712769,-88.66,43.109600,3356.384277
126,KMKX20000414_105304,-20,0.288,289.11,168.156311,14.653870,-88.62,43.561127,7326.934814
150,KMKX20000421_111220,10,0.320,534.86,276.412079,46.868073,-87.11,43.064873,23434.036255
150,KMKX20000421_111810,16,0.411,535.04,277.862293,50.762106,-87.11,43.058333,25381.052971
150,KMKX20000421_112400,22,-1.000,535.20,279.105334,55.462706,-87.11,43.052727,27731.353012
150,KMKX20000421_112950,27,-1.000,535.33,280.141201,59.379873,-87.11,43.048056,29689.936381
150,KMKX20000421_113541,33,-1.000,535.49,281.384242,64.080473,-87.11,43.042450,32040.236423
150,KMKX20000421_114131,39,0.246,528.09,294.982319,60.548599,-87.15,42.981824,30274.299670
150,KMKX20000421_114722,45,0.770,513.86,307.353912,54.084534,-87.24,42.927184,27042.266846
150,KMKX20000421_115312,51,0.728,505.22,314.586630,57.406047,-87.29,42.895229,28703.023540
150,KMKX20000421_115902,57,0.542,488.64,335.055603,49.876968,-87.40,42.804183,24938.484192
143,KMKX20000421_110039,-2,0.120,396.95,564.717712,33.233601,-87.97,41.774720,16616.800308
143,KMKX20000421_110630,4,0.228,395.48,564.387711,40.684027,-87.98,41.776251,20342.013672
146,KMKX20000421_110630,4,0.284,494.13,561.541870,13.861170,-87.38,41.784494,6930.584908
146,KMKX20000421_111220,10,0.439,495.31,567.757463,21.817256,-87.38,41.756444,10908.627822
148,KMKX20000421_111220,10,0.918,273.00,552.191101,29.668329,-88.71,41.832496,14834.164619
148,KMKX20000421_111810,16,0.835,273.01,560.318979,31.736138,-88.71,41.795907,15868.068750
154,KMKX20000421_112400,22,0.893,215.10,390.284607,38.803757,-89.07,42.560243,19401.878357
154,KMKX20000421_112950,27,0.534,218.57,393.335051,46.558741,-89.05,42.546607,23279.370454
155,KMKX20000421_112400,22,0.425,451.01,274.596924,34.375626,-87.62,43.078361,17187.812805
155,KMKX20000421_112950,27,0.189,455.12,277.759430,43.026523,-87.60,43.063923,21513.261680
167,KMKX20000421_115902,57,0.203,452.33,385.182190,56.498940,-87.62,42.580607,28249.469757
167,KMKX20000421_120453,62,0.301,453.98,384.532927,61.923972,-87.61,42.583447,30961.985781
172,KMKX20000421_121043,68,0.618,416.63,442.090210,48.102844,-87.84,42.326029,24051.422119
172,KMKX20000421_121633,74,0.345,414.97,446.623787,53.699245,-87.85,42.305685,26849.622360
172,KMKX20000421_122224,80,0.153,414.63,472.325256,47.343681,-87.86,42.190012,23671.840668
174,KMKX20000421_121043,68,0.359,518.22,317.809357,57.079086,-87.22,42.879825,28539.543152
174,KMKX20000421_121633,74,0.265,521.99,317.802766,63.483712,-87.19,42.879583,31741.855913
174,KMKX20000421_122224,80,0.405,524.04,309.986420,40.450100,-87.18,42.914607,20225.049973
174,KMKX20000421_122814,86,0.925,502.68,316.765378,39.170837,-87.31,42.885595,19585.418260
127,KMKX20000421_103718,-25,0.134,491.09,305.609314,30.404938,-87.38,42.936546,15202.468872
129,KMKX20000421_103718,-25,0.116,290.38,175.213776,51.865768,-88.61,43.529371,25932.884216
130,KMKX20000421_104309,-19,0.277,165.34,410.545593,33.404236,-89.37,42.467276,16702.117920
130,KMKX20000421_104859,-14,0.700,160.88,420.405884,28.764107,-89.40,42.422698,14382.053375
131,KMKX20000421_104309,-19,0.187,180.59,494.363403,38.734192,-89.27,42.090633,19367.095947
133,KMKX20000421_104309,-19,0.117,305.71,409.468842,56.522926,-88.52,42.475059,28261.463165
136,KMKX20000421_105449,-8,0.229,404.97,562.880798,38.843742,-87.92,41.782730,19421.871185
137,KMKX20000421_105449,-8,0.166,553.63,231.958984,36.061478,-86.99,43.263383,18030.738831
137,KMKX20000421_110039,-2,0.335,540.28,279.219727,53.856400,-87.08,43.051815,26928.199768
140,KMKX20000421_110039,-2,0.239,185.97,503.366791,40.632748,-89.24,42.050309,20316.373825
140,KMKX20000421_110630,4,0.116,208.12,525.170898,58.920010,-89.10,41.952893,29460.004807
141,KMKX20000421_110039,-2,0.183,316.30,391.347260,35.709053,-88.45,42.556589,17854.526520
141,KMKX20000421_110630,4,-1.000,316.30,391.347260,45.249053,-88.45,42.556589,22624.526520
141,KMKX20000421_111220,10,0.160,341.07,394.987488,25.227852,-88.30,42.539973,12613.925934
149,KMKX20000421_111220,10,0.493,217.84,416.762238,45.319550,-89.05,42.441141,22659.774780
157,KMKX20000421_112950,27,0.170,525.69,352.962585,41.515411,-87.17,42.721091,20757.705688
157,KMKX20000421_113541,33,0.158,530.34,391.824738,64.075821,-87.15,42.545858,32037.910461
161,KMKX20000421_114131,39,0.118,226.60,485.880493,6.669220,-88.99,42.130246,3334.609985
166,KMKX20000421_115902,57,0.402,335.14,483.086975,39.658543,-88.34,42.143489,19829.271317
171,KMKX20000421_120453,62,0.190,297.88,581.400696,21.728704,-88.56,41.701119,10864.352226
177,KMKX20000421_121633,74,0.130,305.14,375.003510,13.031654,-88.52,42.630192,6515.827179
154,KMKX20000422_111648,16,0.105,273.71,406.040100,28.803856,-88.71,42.490386,14401.927948
154,KMKX20000422_112639,26,0.321,299.20,411.924741,36.960681,-88.56,42.464010,18480.340554
154,KMKX20000422_113630,36,0.252,325.72,419.424831,37.198430,-88.39,42.430144,18599.214769
154,KMKX20000422_114621,46,0.251,339.89,410.908612,40.089482,-88.31,42.468326,20044.740939
152,KMKX20000422_104642,-14,0.104,297.86,384.359497,19.799850,-88.56,42.588084,9899.925232
152,KMKX20000422_105633,-4,-1.000,297.86,384.359497,35.699850,-88.56,42.588084,17849.925232
152,KMKX20000422_110624,6,0.182,290.08,386.205301,37.347384,-88.61,42.579761,18673.691981
153,KMKX20000422_105633,-4,0.105,176.79,293.210724,11.644539,-89.31,42.995845,5822.269440
155,KMKX20000422_112639,26,0.696,150.39,475.901978,38.545906,-89.46,42.172422,19272.953033
173,KMKX20000423_111550,16,0.237,109.15,342.087189,14.007210,-89.72,42.772401,7003.604889
173,KMKX20000423_112140,22,0.246,111.25,339.358112,21.750630,-89.70,42.784814,10875.314961
173,KMKX20000423_112731,28,0.323,125.72,343.610755,22.930668,-89.62,42.766534,11465.334136
173,KMKX20000423_113321,34,0.375,137.33,352.814393,22.764164,-89.54,42.725751,11382.082187
173,KMKX20000423_113911,40,0.616,150.87,358.122955,16.840141,-89.46,42.702548,8420.070648
181,KMKX20000423_112731,28,0.596,479.35,375.112579,26.385765,-87.46,42.624468,13192.882538
181,KMKX20000423_113321,34,0.866,491.04,379.102052,28.482355,-87.39,42.605808,14241.177330
181,KMKX20000423_113911,40,0.756,512.45,378.463116,30.728195,-87.26,42.607278,15364.097346
181,KMKX20000423_114502,46,0.815,530.28,383.332141,31.610755,-87.15,42.584081,15805.377283
164,KMKX20000423_105819,-1,0.194,367.76,581.139709,22.315968,-88.14,41.701562,11157.983780
164,KMKX20000423_110410,5,0.729,374.41,581.650322,25.644391,-88.10,41.699113,12822.195396
164,KMKX20000423_111000,11,0.754,388.20,585.790527,17.664579,-88.02,41.680117,8832.289696
164,KMKX20000423_111550,16,0.702,395.60,585.796984,22.220404,-87.98,41.679871,11110.201899
164,KMKX20000423_112140,22,0.325,408.80,588.327637,16.483988,-87.90,41.668049,8241.993904
166,KMKX20000423_110410,5,0.291,68.52,249.652618,16.904613,-89.97,43.185543,8452.306747
166,KMKX20000423_111000,11,0.313,73.95,251.266013,24.727618,-89.94,43.178692,12363.808859
166,KMKX20000423_111550,16,0.350,95.49,261.860474,28.965721,-89.81,43.132547,14482.860565
166,KMKX20000423_112140,22,0.200,91.27,266.994202,15.568287,-89.83,43.109158,7784.143448
168,KMKX20000423_110410,5,0.134,286.15,167.655121,19.625580,-88.64,43.563371,9812.789917
168,KMKX20000423_111000,11,0.162,285.98,166.573647,27.807575,-88.64,43.568237,13903.787434
171,KMKX20000423_111550,16,0.475,451.96,365.936249,26.147079,-87.62,42.667245,13073.539734
171,KMKX20000423_112140,22,0.168,455.88,367.462344,33.050701,-87.60,42.660180,16525.350410
182,KMKX20000423_113321,34,0.731,437.27,218.256165,11.341675,-87.70,43.332561,5670.837402
182,KMKX20000423_113911,40,0.859,436.88,223.699457,14.320170,-87.71,43.308083,7160.084898
197,KMKX20000423_121413,75,0.573,349.08,480.055969,31.519110,-88.25,42.156944,15759.554863
197,KMKX20000423_122003,81,0.133,353.81,480.336798,38.453528,-88.23,42.155601,19226.763770
155,KMKX20000423_103458,-25,0.935,470.86,426.292847,24.128036,-87.51,42.394607,12064.018250
155,KMKX20000423_104049,-19,0.227,483.24,433.361023,20.610359,-87.44,42.362085,10305.179596
156,KMKX20000423_103458,-25,0.442,305.21,451.172485,20.007843,-88.52,42.287342,10003.921509
159,KMKX20000423_104049,-19,0.204,297.81,514.931641,29.269493,-88.56,42.000339,14634.746552
160,KMKX20000423_104049,-19,0.106,541.24,317.943207,15.785187,-87.07,42.877491,7892.593384
161,KMKX20000423_104639,-13,0.323,46.96,232.478943,24.677961,-90.11,43.261093,12338.980675
162,KMKX20000423_105229,-7,0.301,484.73,302.653625,11.707458,-87.42,42.950240,5853.729248
163,KMKX20000423_105229,-7,0.120,221.64,570.560730,32.753445,-89.02,41.748938,16376.722336
163,KMKX20000423_105819,-1,-1.000,221.64,570.560730,42.293445,-89.02,41.748938,21146.722336
163,KMKX20000423_110410,5,0.176,238.13,571.318542,32.517834,-88.92,41.745896,16258.916855
165,KMKX20000423_110410,5,0.837,531.13,565.036072,36.612022,-87.16,41.766252,18306.011200
174,KMKX20000423_111550,16,0.192,325.49,211.170654,52.292099,-88.39,43.367459,26146.049500
176,KMKX20000423_112140,22,0.537,421.99,479.200592,20.341846,-87.81,42.158784,10170.923233
177,KMKX20000423_112140,22,0.456,137.77,327.410522,22.445751,-89.54,42.840104,11222.875595
183,KMKX20000423_113321,34,0.511,293.70,360.099762,24.526352,-88.59,42.697272,12263.175964
184,KMKX20000423_113321,34,0.450,543.56,490.674316,29.547579,-87.08,42.099985,14773.789406
189,KMKX20000423_113911,40,0.424,196.39,366.040039,15.483871,-89.18,42.668792,7741.935730
192,KMKX20000423_114502,46,0.313,363.64,505.017365,36.219936,-88.17,42.044318,18109.968185
192,KMKX20000423_115052,51,0.104,376.46,497.005341,28.354790,-88.09,42.080095,14177.394867
194,KMKX20000423_115642,57,0.184,359.81,575.115234,18.830832,-88.19,41.728844,9415.415764
195,KMKX20000423_120823,69,0.323,148.32,518.288513,27.089846,-89.47,41.981536,13544.922829
196,KMKX20000423_120823,69,0.145,445.04,576.846985,24.877811,-87.68,41.718261,12438.905716
182,KMKX20000425_103341,-23,0.195,286.59,182.859131,15.687042,-88.63,43.494950,7843.521118
182,KMKX20000425_104333,-13,0.377,286.80,183.319487,25.043645,-88.63,43.492879,12521.822401
183,KMKX20000425_103341,-23,0.111,311.78,333.863617,3.150696,-88.48,42.815343,1575.347900
184,KMKX20000425_104333,-13,0.162,263.57,255.060822,21.064968,-88.77,43.169819,10532.484055
185,KMKX20000425_110315,7,0.198,330.10,421.820801,32.664474,-88.37,42.419319,16332.237244
186,KMKX20000425_111306,17,0.257,331.10,300.785309,6.636505,-88.36,42.964087,3318.252563
187,KMKX20000426_102947,-25,0.109,303.89,184.185852,22.786285,-88.53,43.489006,11393.142700
187,KMKX20000426_103938,-15,0.203,282.59,170.407992,35.316266,-88.66,43.550964,17658.133013
186,KMKX20000426_102947,-25,0.170,348.02,71.785278,11.306381,-88.25,43.994442,5653.190613
188,KMKX20000426_103938,-15,0.756,367.73,305.632507,10.707413,-88.14,42.941677,5353.706360
193,KMKX20000426_103938,-15,0.222,316.92,410.681702,32.099762,-88.45,42.469559,16049.880981
195,KMKX20000426_120819,74,0.177,412.29,530.511475,11.253020,-87.87,41.928185,5626.510143
191,KMKX20000427_104126,-12,0.223,325.07,201.207184,32.344040,-88.40,43.412302,16172.019958
193,KMKX20000427_104126,-12,0.130,515.25,462.202301,70.858421,-87.25,42.230219,35429.210663
194,KMKX20000427_104126,-12,0.107,259.10,234.247681,7.107162,-88.80,43.263432,3553.581238
195,KMKX20000427_110108,8,0.287,30.58,393.248260,37.281105,-90.19,42.536278,18640.552521
196,KMKX20000427_121006,77,0.207,309.88,406.538361,20.902908,-88.49,42.488239,10451.454163
196,KMKX20000429_102144,-29,0.118,540.80,513.083557,11.406181,-87.10,41.999346,5703.090668
207,KMKX20000501_120445,77,0.174,83.84,274.925720,37.622883,-89.88,43.072948,18811.441422
207,KMKX20000501_121035,83,0.121,88.11,275.002909,45.677554,-89.85,43.072901,22838.777230
197,KMKX20000501_102532,-22,0.135,380.88,280.431885,45.508316,-88.05,43.054775,22754.158020
198,KMKX20000501_102532,-22,0.131,326.92,142.844482,48.003723,-88.38,43.674936,24001.861572
199,KMKX20000501_102532,-22,0.105,35.22,393.077454,18.342537,-90.16,42.537450,9171.268463
200,KMKX20000501_103122,-16,0.154,360.60,329.072968,36.629242,-88.18,42.836327,18314.620972
201,KMKX20000501_104852,1,0.109,414.18,69.060852,8.245987,-87.84,44.004900,4122.993469
202,KMKX20000501_112354,36,0.166,216.36,97.037384,39.664391,-89.07,43.880023,19832.195282
203,KMKX20000501_112354,36,0.105,536.63,418.364075,38.259850,-87.11,42.425948,19129.924774
204,KMKX20000501_113534,48,0.171,41.84,253.617157,38.717560,-90.14,43.165550,19358.779907
205,KMKX20000501_115305,66,0.189,269.71,105.995483,20.015347,-88.74,43.840729,10007.673264
206,KMKX20000501_115305,66,0.148,71.05,237.323090,21.325657,-89.96,43.241214,10662.828445
208,KMKX20000501_121035,83,0.464,461.43,94.649231,32.826843,-87.55,43.887577,16413.421631
209,KMKX20000501_121035,83,0.185,573.62,452.289734,23.755341,-86.89,42.270221,11877.670288
211,KMKX20000506_101744,-23,0.187,350.67,313.320709,25.987167,-88.24,42.907406,12993.583679
211,KMKX20000506_102736,-13,0.811,354.71,315.382235,35.376877,-88.22,42.898057,17688.438411
211,KMKX20000506_103727,-3,-1.000,358.52,317.327070,45.135093,-88.19,42.889233,22567.546648
211,KMKX20000506_104718,7,0.160,331.34,287.017095,48.001482,-88.36,43.026051,24000.740901
211,KMKX20000506_105749,17,0.368,315.28,257.524297,52.731831,-88.46,43.158912,26365.915506
211,KMKX20000506_110740,27,0.643,319.51,248.583534,49.420017,-88.43,43.199126,24710.008702
211,KMKX20000506_111731,37,-1.000,320.77,236.902370,47.325680,-88.42,43.251690,23662.840157
211,KMKX20000506_112722,47,0.460,312.42,243.361391,51.728270,-88.47,43.222666,25864.134848
211,KMKX20000506_113713,57,0.367,313.35,241.504899,53.409645,-88.47,43.231017,26704.822381
211,KMKX20000506_114705,67,0.242,317.62,263.917008,49.163494,-88.44,43.130128,24581.746841
211,KMKX20000506_115656,76,0.465,316.95,249.777214,49.343542,-88.45,43.193769,24671.771129
211,KMKX20000506_120647,86,0.595,313.27,237.442114,46.821227,-88.47,43.249303,23410.613414
216,KMKX20000506_103727,-3,0.313,476.60,235.411316,76.224884,-87.46,43.253322,38112.442017
216,KMKX20000506_104718,7,0.161,476.21,236.782158,84.504155,-87.47,43.247176,42252.077319
216,KMKX20000506_105749,17,0.463,471.89,234.648317,83.217865,-87.49,43.257026,41608.932323
216,KMKX20000506_110740,27,0.394,467.64,234.698753,78.026151,-87.52,43.257037,39013.075327
216,KMKX20000506_111731,37,0.323,463.15,232.392016,76.429417,-87.55,43.267663,38214.708685
216,KMKX20000506_112722,47,-1.000,458.70,230.401016,74.406835,-87.57,43.276859,37203.417675
216,KMKX20000506_113713,57,0.172,480.00,235.007627,80.854640,-87.44,43.254938,40427.320125
216,KMKX20000506_114705,67,-1.000,489.73,236.650577,83.497531,-87.38,43.246950,41748.765350
216,KMKX20000506_115656,76,0.146,477.63,230.739117,82.486686,-87.46,43.274286,41243.343146
216,KMKX20000506_120647,86,0.141,475.41,235.580241,77.627891,-87.47,43.252631,38813.945253
218,KMKX20000506_104718,7,0.202,341.45,312.887573,24.113602,-88.30,42.909494,12056.800842
218,KMKX20000506_105749,17,0.124,345.62,307.627352,30.399968,-88.27,42.933110,15199.984113
218,KMKX20000506_110740,27,0.122,353.14,297.126309,49.483239,-88.22,42.980250,24741.619554
218,KMKX20000506_111731,37,0.177,362.52,323.049774,38.216309,-88.17,42.863398,19108.154297
223,KMKX20000506_111731,37,0.220,309.49,84.436462,26.035355,-88.49,43.937884,13017.677307
223,KMKX20000506_112722,47,-1.000,309.49,84.436462,41.935355,-88.49,43.937884,20967.677307
223,KMKX20000506_113713,57,0.169,288.08,75.467495,44.934243,-88.62,43.978236,22467.121250
223,KMKX20000506_114705,67,0.418,284.68,74.830573,45.233654,-88.65,43.981086,22616.826821
225,KMKX20000506_112722,47,0.509,311.32,382.461365,26.438721,-88.48,42.596607,13219.360352
225,KMKX20000506_113713,57,0.142,310.19,387.745918,35.594696,-88.49,42.572825,17797.348018
225,KMKX20000506_114705,67,0.135,331.10,390.192592,33.859042,-88.36,42.561672,16929.521203
213,KMKX20000506_102736,-13,0.174,509.93,405.727051,86.233292,-87.27,42.484753,43116.645813
213,KMKX20000506_103727,-3,0.276,509.76,411.554103,91.165854,-87.28,42.458540,45582.926929
215,KMKX20000506_103727,-3,0.434,298.42,386.674744,34.551155,-88.56,42.577663,17275.577545
215,KMKX20000506_104718,7,-1.000,298.42,386.674744,50.451155,-88.56,42.577663,25225.577545
215,KMKX20000506_105749,17,0.185,285.22,361.075922,47.863129,-88.64,42.692849,23931.564587
230,KMKX20000506_115656,76,0.397,280.06,387.422363,39.005638,-88.67,42.574234,19502.819061
230,KMKX20000506_120647,86,0.467,282.28,394.830834,50.268926,-88.66,42.540901,25134.463015
212,KMKX20000506_102736,-13,0.474,496.37,246.138336,88.937164,-87.34,43.203833,44468.582153
214,KMKX20000506_102736,-13,0.128,406.41,135.083862,31.801697,-87.89,43.708092,15900.848389
217,KMKX20000506_103727,-3,0.303,324.81,257.461395,43.469681,-88.40,43.159132,21734.840393
221,KMKX20000506_110740,27,0.488,304.30,77.865723,30.398483,-88.52,43.967464,15199.241638
222,KMKX20000506_111731,37,0.861,320.96,237.975433,42.896820,-88.42,43.246859,21448.410034
226,KMKX20000506_112722,47,0.249,445.64,210.310638,61.504227,-87.65,43.367926,30752.113342
224,KMKX20000507_101356,-26,0.895,264.18,585.134399,17.090620,-88.77,41.684107,8545.310020
224,KMKX20000507_101946,-20,0.908,265.97,582.725562,20.309970,-88.75,41.694971,10154.984923
224,KMKX20000507_102537,-14,0.919,275.64,579.806266,22.653709,-88.70,41.708203,11326.854350
224,KMKX20000507_103127,-8,0.846,276.72,574.685255,27.209015,-88.69,41.731265,13604.507634
224,KMKX20000507_103717,-2,0.530,282.33,568.214726,29.880254,-88.66,41.760430,14940.126821
224,KMKX20000507_104307,4,0.305,290.17,563.376725,31.248424,-88.61,41.782243,15624.211755
224,KMKX20000507_104857,9,0.558,294.73,553.770476,29.326827,-88.58,41.825499,14663.413485
224,KMKX20000507_105448,15,0.114,296.81,538.799358,27.054047,-88.57,41.892896,13527.023641
233,KMKX20000507_105448,15,0.416,325.77,249.070007,28.272888,-88.39,43.196890,14136.444092
233,KMKX20000507_110038,21,-1.000,325.77,249.070007,37.812888,-88.39,43.196890,18906.444092
233,KMKX20000507_110629,27,0.111,317.13,240.897780,43.453086,-88.45,43.233731,21726.542840
233,KMKX20000507_111219,33,-1.000,310.63,234.750313,50.059503,-88.49,43.261428,25029.751451
233,KMKX20000507_111809,39,0.124,302.55,245.711288,51.981829,-88.53,43.212115,25990.914636
229,KMKX20000507_104307,4,0.295,195.91,577.866577,22.677586,-89.18,41.715300,11338.792801
229,KMKX20000507_104857,9,0.513,197.46,576.870646,28.140575,-89.17,41.719835,14070.287424
232,KMKX20000507_104857,9,0.144,320.87,384.565369,21.344818,-88.42,42.587087,10672.409058
232,KMKX20000507_105448,15,-1.000,320.87,384.565369,30.884818,-88.42,42.587087,15442.409058
232,KMKX20000507_110038,21,0.299,337.36,389.630124,37.947854,-88.32,42.564134,18973.927073
235,KMKX20000507_110629,27,0.104,488.80,497.361084,40.434204,-87.41,42.073700,20217.102051
235,KMKX20000507_111219,33,0.113,490.69,494.133015,46.312235,-87.40,42.088114,23156.117616
235,KMKX20000507_111809,39,0.138,523.39,498.605103,68.036186,-87.20,42.065807,34018.093109
235,KMKX20000507_112359,44,0.513,522.88,501.185934,73.155729,-87.20,42.054228,36577.864744
235,KMKX20000507_112949,50,0.309,523.56,499.393982,65.368042,-87.20,42.062245,32684.020996
235,KMKX20000507_113540,56,0.140,524.34,496.639726,72.953545,-87.20,42.074585,36476.772557
225,KMKX20000507_101946,-20,0.143,249.53,482.723450,6.477222,-88.86,42.144914,3238.611221
226,KMKX20000507_102537,-14,0.271,332.74,568.096619,15.505310,-88.35,41.760840,7752.655029
227,KMKX20000507_102537,-14,0.121,295.68,174.051270,10.825470,-88.58,43.534615,5412.734985
228,KMKX20000507_103717,-2,0.479,339.20,294.499451,6.190659,-88.31,42.992284,3095.329285
230,KMKX20000507_104307,4,0.140,519.75,487.979553,80.569153,-87.22,42.113889,40284.576416
238,KMKX20000507_111809,39,0.145,288.13,372.494720,33.920456,-88.62,42.641466,16960.227966
238,KMKX20000507_112359,44,-1.000,288.13,372.494720,41.870456,-88.62,42.641466,20935.227966
238,KMKX20000507_112949,50,0.150,286.60,387.199158,34.599785,-88.63,42.575274,17299.892426
243,KMKX20000507_113540,56,0.151,309.84,234.005951,47.537277,-88.49,43.264780,23768.638611
236,KMKX20000508_110623,28,0.263,124.41,383.634094,31.426994,-89.62,42.586333,15713.497162
240,KMKX20000509_101716,-20,0.202,392.06,578.086121,25.304274,-88.00,41.714689,12652.136803
240,KMKX20000509_102217,-15,0.200,395.62,576.221572,31.387514,-87.98,41.722975,15693.757167
240,KMKX20000509_102717,-10,0.151,419.81,571.213562,30.030758,-87.83,41.744687,15015.378952
244,KMKX20000509_103218,-5,0.221,136.18,209.260376,26.214838,-89.56,43.371721,13107.419014
244,KMKX20000509_103718,0,0.112,133.02,207.128376,35.371351,-89.58,43.381141,17685.675724
247,KMKX20000509_104218,5,0.456,548.33,440.910797,21.489105,-87.04,42.323562,10744.552612
247,KMKX20000509_104719,10,-1.000,548.33,440.910797,29.439105,-87.04,42.323562,14719.552612
247,KMKX20000509_105220,15,-1.000,548.33,440.910797,37.389105,-87.04,42.323562,18694.552612
247,KMKX20000509_105721,20,-1.000,548.33,440.910797,45.339105,-87.04,42.323562,22669.552612
247,KMKX20000509_110326,26,0.150,531.29,456.051424,55.889429,-87.15,42.256744,27944.714298
260,KMKX20000509_114832,71,0.322,154.27,263.564392,23.831429,-89.45,43.128269,11915.714264
260,KMKX20000509_115333,76,0.124,153.69,263.975392,29.695175,-89.45,43.126391,14847.587729
237,KMKX20000509_101216,-25,0.144,292.80,253.743195,8.337067,-88.59,43.175959,4168.533325
238,KMKX20000509_101716,-20,0.349,103.34,287.984711,23.528111,-89.76,43.015505,11764.055252
239,KMKX20000509_101716,-20,0.270,48.82,456.271484,37.357624,-90.07,42.254204,18678.812027
241,KMKX20000509_102717,-10,0.861,455.56,80.410217,18.410416,-87.58,43.951958,9205.207825
242,KMKX20000509_102717,-10,0.178,546.64,455.155487,35.532043,-87.06,42.259592,17766.021729
248,KMKX20000509_104218,5,0.197,359.14,496.395538,33.548515,-88.19,42.083218,16774.257660
249,KMKX20000509_104218,5,0.189,488.15,61.889832,12.364319,-87.38,44.033409,6182.159424
250,KMKX20000509_104218,5,0.173,487.07,560.037781,28.103928,-87.43,41.791695,14051.963806
252,KMKX20000509_104719,10,0.197,477.53,528.596985,24.812016,-87.48,41.933770,12406.007767
253,KMKX20000509_105220,15,0.370,571.22,421.855408,12.750450,-86.90,42.407389,6375.225067
255,KMKX20000509_105220,15,0.173,248.72,297.574982,19.610416,-88.86,42.978263,9805.208206
256,KMKX20000509_105220,15,0.161,58.91,529.362305,15.779580,-90.00,41.926059,7889.790058
257,KMKX20000509_111328,36,0.190,309.78,270.849518,3.107651,-88.49,43.098962,1553.825378
258,KMKX20000509_113330,56,0.223,549.59,561.567322,37.413692,-87.05,41.780447,18706.846237
259,KMKX20000509_113830,61,0.101,118.03,273.497589,37.570114,-89.67,43.081613,18785.057068
262,KMKX20000509_115333,76,0.131,167.77,194.172424,49.170937,-89.37,43.441167,24585.468292
263,KMKX20000509_115834,81,0.600,565.03,477.300751,28.570301,-86.95,42.158413,14285.150528
264,KMKX20000509_115834,81,0.122,150.02,520.968567,28.892467,-89.46,41.969554,14446.233749
270,KMKX20000511_103344,-2,0.258,473.46,436.845642,41.578293,-87.50,42.346966,20789.146423
270,KMKX20000511_103934,4,-1.000,473.46,436.845642,51.118293,-87.50,42.346966,25559.146423
270,KMKX20000511_104524,10,0.291,490.93,444.515938,57.503931,-87.39,42.311415,28751.965261
270,KMKX20000511_105115,16,-1.000,504.06,450.285832,64.671097,-87.31,42.284608,32335.548387
270,KMKX20000511_105705,22,0.362,518.25,452.534460,71.159064,-87.23,42.273520,35579.531988
270,KMKX20000511_110255,27,-1.000,529.64,455.852541,76.844272,-87.16,42.257762,38422.136120
270,KMKX20000511_110845,33,-1.000,543.31,459.834237,83.666522,-87.08,42.238799,41833.261078
270,KMKX20000511_111435,39,0.173,520.43,467.903102,81.516111,-87.22,42.204198,40758.055599
270,KMKX20000511_112026,45,0.165,487.62,439.821472,54.597908,-87.41,42.332746,27298.954010
270,KMKX20000511_112616,51,0.162,494.34,441.064595,66.746107,-87.37,42.326736,33373.053569
274,KMKX20000511_103934,4,0.647,448.55,205.685394,52.021286,-87.63,43.388598,26010.643005
274,KMKX20000511_104524,10,0.675,449.27,203.829871,56.255501,-87.63,43.396912,28127.750649
274,KMKX20000511_105115,16,0.214,453.93,194.781902,64.436503,-87.60,43.437394,32218.251651
274,KMKX20000511_105705,22,-1.000,457.96,186.894516,72.121243,-87.57,43.472679,36060.621472
274,KMKX20000511_110255,27,0.145,467.77,252.714081,65.806229,-87.52,43.175959,32903.114319
274,KMKX20000511_110845,33,0.122,467.21,247.856930,71.351252,-87.52,43.197848,35675.625987
277,KMKX20000511_105115,16,0.204,518.90,477.674500,79.436813,-87.23,42.160328,39718.406677
277,KMKX20000511_105705,22,-1.000,518.90,477.674500,88.976813,-87.23,42.160328,44488.406677
277,KMKX20000511_110255,27,0.329,518.12,484.219645,84.756300,-87.23,42.130926,42378.150242
277,KMKX20000511_110845,33,0.277,519.60,488.815103,82.807779,-87.22,42.110139,41403.889333
265,KMKX20000511_102203,-13,0.429,299.33,400.071045,40.316238,-88.55,42.517365,20158.119202
265,KMKX20000511_102753,-8,0.175,295.96,397.703642,47.773075,-88.58,42.528019,23886.537689
265,KMKX20000511_103344,-2,0.527,300.36,382.102081,36.737175,-88.55,42.598245,18368.587494
265,KMKX20000511_103934,4,0.110,299.34,379.407996,45.828879,-88.55,42.610372,22914.439707
265,KMKX20000511_104524,10,0.144,299.53,391.917755,32.548706,-88.55,42.554064,16274.353027
268,KMKX20000511_102753,-8,0.367,451.07,243.022919,43.641052,-87.62,43.220449,21820.526123
268,KMKX20000511_103344,-2,0.515,451.27,237.502999,52.704748,-87.62,43.245280,26352.373987
271,KMKX20000511_103344,-2,0.255,365.86,315.877960,38.131084,-88.15,42.895606,19065.542221
271,KMKX20000511_103934,4,-1.000,365.86,315.877960,47.671084,-88.15,42.895606,23835.542221
271,KMKX20000511_104524,10,0.361,374.29,324.278592,51.821830,-88.10,42.857603,25910.914976
286,KMKX20000511_115528,80,0.675,214.02,560.535706,16.343369,-89.07,41.793867,8171.684265
286,KMKX20000511_120118,86,0.627,218.90,558.477536,23.843745,-89.04,41.803262,11921.872552
259,KMKX20000511_101023,-25,0.408,368.05,221.893707,56.524887,-88.13,43.318542,28262.443542
259,KMKX20000511_101613,-19,0.682,379.37,227.230042,43.410034,-88.06,43.294250,21705.017090
260,KMKX20000511_101023,-25,0.359,289.97,441.681213,32.756729,-88.61,42.330054,16378.364563
261,KMKX20000511_101023,-25,0.267,373.45,310.612244,48.108032,-88.10,42.919132,24054.016113
261,KMKX20000511_101613,-19,-1.000,373.45,310.612244,57.648032,-88.10,42.919132,28824.016113
261,KMKX20000511_102203,-13,0.100,378.22,289.849030,50.802078,-88.07,43.012462,25401.039124
264,KMKX20000511_101613,-19,0.120,460.94,255.389709,66.251831,-87.56,43.164289,33125.915527
266,KMKX20000511_102203,-13,0.325,223.50,346.670441,36.166634,-89.02,42.756768,18083.316803
278,KMKX20000511_110255,27,0.284,248.35,583.451172,17.014050,-88.86,41.691463,8507.024765
280,KMKX20000511_112026,45,0.218,374.89,327.601532,46.453171,-88.09,42.842633,23226.585388
280,KMKX20000511_112616,51,-1.000,374.89,327.601532,55.993171,-88.09,42.842633,27996.585388
280,KMKX20000511_113206,57,0.194,372.90,321.621857,39.069523,-88.10,42.869594,19534.761429
283,KMKX20000511_113757,62,0.179,291.98,381.261658,43.793606,-88.60,42.602018,21896.802902
284,KMKX20000511_114937,74,0.458,358.71,301.342865,24.732590,-88.19,42.961171,12366.294861
275,KMKX20000613_094928,-25,0.355,521.47,354.817505,71.735809,-87.20,42.713051,35867.904663
276,KMKX20000613_103021,16,0.251,285.04,375.039276,10.550957,-88.64,42.629999,5275.478363
277,KMKX20000615_094544,-29,0.743,504.37,290.697815,77.487305,-87.30,43.002788,38743.652344
277,KMKX20000615_095535,-19,0.652,516.87,295.348811,82.919382,-87.22,42.980995,41459.691188
277,KMKX20000615_100527,-9,0.578,495.59,261.144440,42.571411,-87.35,43.136356,21285.705566
277,KMKX20000615_101518,1,0.267,516.86,263.363371,57.464840,-87.22,43.124927,28732.419768
280,KMKX20000615_100527,-9,0.157,340.91,239.720184,10.464920,-88.30,43.238803,5232.460022
284,KMKX20000616_100900,-5,0.111,225.49,303.007233,15.931793,-89.01,42.953334,7965.896606
284,KMKX20000616_101450,0,0.110,221.08,304.783197,25.213451,-89.03,42.945230,12606.725631
305,KMKX20000616_113042,76,0.456,248.03,304.407318,20.362862,-88.87,42.947501,10181.430817
305,KMKX20000616_113633,82,0.172,252.79,302.144203,26.518000,-88.84,42.957764,13259.000032
279,KMKX20000616_094538,-29,0.478,74.36,218.664490,10.961201,-89.94,43.325420,5480.600357
280,KMKX20000616_094538,-29,0.256,183.79,474.358215,34.467239,-89.25,42.180802,17233.619690
282,KMKX20000616_100309,-11,0.176,291.32,468.534393,33.337425,-88.60,42.209183,16668.712616
283,KMKX20000616_100309,-11,0.118,90.91,236.866974,14.413597,-89.84,43.244702,7206.798553
285,KMKX20000616_100900,-5,0.104,541.10,95.317993,45.137337,-87.05,43.879196,22568.668365
286,KMKX20000616_101450,0,0.370,372.66,295.171722,7.653091,-88.11,42.988644,3826.545715
287,KMKX20000616_101450,0,0.117,25.64,266.920807,20.906374,-90.24,43.104271,10453.186989
288,KMKX20000616_102040,6,0.139,520.56,273.493744,80.914314,-87.20,43.079075,40457.157135
289,KMKX20000616_102630,12,0.616,333.59,238.915527,11.240921,-88.34,43.242514,5620.460510
290,KMKX20000616_102630,12,0.124,108.31,320.652557,22.656805,-89.72,42.868811,11328.402519
291,KMKX20000616_103220,18,0.162,253.35,342.099945,14.944443,-88.84,42.777939,7472.221375
292,KMKX20000616_103810,24,0.382,491.97,186.192596,30.216972,-87.36,43.473862,15108.486176
293,KMKX20000616_103810,24,0.197,514.17,410.003204,87.947983,-87.25,42.465216,43973.991394
295,KMKX20000616_104400,30,0.310,542.37,160.129486,54.980659,-87.05,43.587496,27490.329742
295,KMKX20000616_104950,35,0.704,538.43,146.236908,42.055244,-87.07,43.650318,21027.622223
295,KMKX20000616_105540,41,0.329,554.33,134.804688,35.548904,-86.97,43.700448,17774.452209
297,KMKX20000616_104950,35,0.239,530.17,294.398071,39.924095,-87.14,42.984297,19962.047577
297,KMKX20000616_105540,41,0.116,546.91,289.117218,35.438690,-87.04,43.006749,17719.345093
298,KMKX20000616_104950,35,0.187,480.78,264.563019,17.321091,-87.44,43.121891,8660.545349
301,KMKX20000616_105540,41,0.166,498.20,269.852722,11.274673,-87.33,43.097000,5637.336731
303,KMKX20000616_111902,65,0.316,81.45,377.472839,21.113552,-89.88,42.611307,10556.776047
304,KMKX20000616_111902,65,0.107,118.26,529.233521,23.568720,-89.65,41.930663,11784.359932
303,KMKX20000617_103104,17,0.113,449.61,293.688416,37.624329,-87.63,42.992512,18812.164307
303,KMKX20000617_104055,26,0.196,448.97,294.030015,44.834145,-87.64,42.991006,22417.072696
300,KMKX20000617_102113,7,0.157,210.22,459.510498,6.499649,-89.09,42.248513,3249.824524
301,KMKX20000617_102113,7,0.105,379.53,298.371674,35.557846,-88.06,42.974071,17778.923035
302,KMKX20000617_103104,17,0.127,344.60,367.849121,3.227707,-88.28,42.662074,1613.853455
304,KMKX20000617_105046,36,0.157,183.44,376.418457,3.258942,-89.26,42.621616,1629.470825
305,KMKX20000617_110038,46,0.245,354.12,423.371033,6.170799,-88.22,42.412014,3085.399628
306,KMKX20000618_094854,-26,0.678,364.86,94.676727,27.482910,-88.15,43.891113,13741.455078
307,KMKX20000618_094854,-26,0.153,399.13,97.260376,33.510429,-87.93,43.878546,16755.214691
308,KMKX20000618_100034,-14,0.416,309.44,400.544617,32.001457,-88.49,42.515219,16000.728607
311,KMKX20000618_100624,-8,0.213,370.24,318.260803,10.297913,-88.12,42.884784,5148.956299
312,KMKX20000618_101214,-2,0.386,254.41,349.569397,3.040100,-88.83,42.744336,1520.050049
314,KMKX20000618_102355,9,0.287,404.68,278.316254,10.415298,-87.91,43.063571,5207.649231
315,KMKX20000618_104716,33,0.166,554.89,93.803162,37.354897,-86.96,43.884866,18677.448273
316,KMKX20000618_105857,44,0.294,351.80,421.741760,3.583015,-88.24,42.419387,1791.507721
314,KMKX20000621_094534,-30,0.580,124.90,294.132355,3.220678,-89.62,42.989156,1610.339165
317,KMKX20000621_100306,-12,0.118,363.21,132.173706,32.794357,-88.16,43.722411,16397.178650
319,KMKX20000621_101446,-1,0.206,244.08,318.327240,6.679558,-88.89,42.884781,3339.778900
320,KMKX20000621_102036,5,0.246,537.92,519.346741,39.952663,-87.12,41.971379,19976.331711
321,KMKX20000621_102627,11,0.317,272.83,119.565125,50.649712,-88.72,43.779695,25324.855804
321,KMKX20000621_103217,17,0.163,266.06,69.590820,7.261368,-88.76,44.004511,3630.683899
324,KMKX20000621_110719,52,0.129,382.03,131.998108,65.054161,-88.04,43.722745,32527.080536
325,KMKX20000621_111900,64,0.132,277.21,311.103546,6.340271,-88.69,42.917720,3170.135498
321,KMKX20000622_100649,-9,0.354,283.18,60.577332,11.969025,-88.66,44.045217,5984.512329
321,KMKX20000622_101239,-3,0.512,289.40,64.673289,19.215251,-88.62,44.026814,9607.625731
321,KMKX20000622_101830,3,0.106,308.70,74.517128,19.734704,-88.50,43.982523,9867.351800
324,KMKX20000622_101239,-3,0.120,259.06,352.713623,6.797955,-88.80,42.730250,3398.977280
326,KMKX20000622_103010,15,0.154,584.71,169.642365,15.461807,-86.79,43.540986,7730.903625
327,KMKX20000622_104151,26,0.430,253.30,182.069061,13.076195,-88.84,43.498173,6538.097382
330,KMKX20000622_110512,50,0.147,248.81,98.335541,15.860905,-88.87,43.874914,7930.452347
330,KMKX20000622_111103,56,-1.000,248.81,98.335541,25.400905,-88.87,43.874914,12700.452347
330,KMKX20000622_111653,61,0.158,269.93,73.230957,33.304440,-88.74,43.988172,16652.219772
333,KMKX20000622_113423,79,0.144,319.23,108.163055,15.963135,-88.43,43.831067,7981.567383
