track_id,filename,from_sunrise,det_score,x,y,r,lon,lat,radius,local_time
2,KGRB20000102_130527,-23,0.623,161.84,582.117737,21.588797,-88.96,43.225573,10794.398308,20000102_070527
2,KGRB20000102_131116,-17,0.106,166.17,579.972306,28.807587,-88.93,43.235426,14403.793261,20000102_071116
4,KGRB20000102_132844,0,0.193,11.64,314.482422,13.055839,-89.92,44.418802,6527.919292,20000102_072844
4,KGRB20000102_133433,6,0.127,13.02,311.914736,20.318237,-89.91,44.430489,10159.118636,20000102_073433
1,KGRB20000102_125937,-29,0.489,457.22,93.201782,32.117485,-87.11,45.424386,16058.742523,20000102_065937
3,KGRB20000102_132255,-6,0.583,481.74,118.439911,29.262589,-86.95,45.309389,14631.294250,20000102_072255
3,KGRB20000102_132844,0,-1.000,481.74,118.439911,38.802589,-86.95,45.309389,19401.294250,20000102_072844
3,KGRB20000102_133433,6,0.195,457.67,137.713776,44.852600,-87.11,45.224126,22426.300049,20000102_073433
6,KGRB20000102_135201,24,0.120,372.56,263.462830,10.533401,-87.65,44.661815,5266.700745,20000102_075201
7,KGRB20000102_140340,35,0.201,274.04,292.183746,6.486526,-88.27,44.533383,3243.263245,20000102_080340
8,KGRB20000102_141518,47,0.304,502.65,211.643890,31.545151,-86.83,44.888710,15772.575378,20000102_081518
9,KGRB20000102_141518,47,0.144,537.29,255.662964,45.260887,-86.61,44.688038,22630.443573,20000102_081518
10,KGRB20000102_143246,64,0.298,392.43,559.587769,16.917213,-87.54,43.328740,8458.606720,20000102_083246
11,KGRB20000102_145014,82,0.143,540.12,278.198578,41.269890,-86.60,44.586429,20634.944916,20000102_085014
11,KGRB20000108_141158,43,0.133,397.14,255.700531,30.129837,-87.50,44.696014,15064.918518,20000108_081158
12,KGRB20000109_141017,42,0.305,378.55,258.888367,6.592636,-87.62,44.682239,3296.318054,20000109_081017
26,KGRB20000110_142755,60,0.156,480.50,265.058777,47.861015,-86.97,44.649891,23930.507660,20000110_082755
26,KGRB20000110_143345,66,0.808,478.26,256.853083,50.808597,-86.99,44.686947,25404.298266,20000110_083345
26,KGRB20000110_143934,72,-1.000,476.34,249.819631,54.697952,-87.00,44.718708,27348.975928,20000110_083934
26,KGRB20000110_144523,78,0.923,485.77,244.609414,49.327751,-86.94,44.741553,24663.875699,20000110_084523
26,KGRB20000110_145113,84,0.839,482.59,232.379171,48.096239,-86.96,44.796778,24048.119328,20000110_085113
26,KGRB20000110_145702,90,0.398,480.35,220.108912,45.970505,-86.97,44.852120,22985.252734,20000110_085702
15,KGRB20000110_133932,12,0.104,446.85,464.195251,11.991583,-87.20,43.755806,5995.791435,20000110_073932
15,KGRB20000110_134922,22,0.154,447.47,461.371426,26.667195,-87.20,43.768482,13333.597451,20000110_074922
18,KGRB20000110_141027,43,0.760,92.50,92.240356,41.945213,-89.44,45.425469,20972.606659,20000110_081027
18,KGRB20000110_141617,49,0.330,94.01,91.923954,47.798329,-89.43,45.427003,23899.164693,20000110_081617
18,KGRB20000110_142206,55,-1.000,95.31,91.652753,54.178143,-89.42,45.428317,27089.071579,20000110_082206
18,KGRB20000110_142755,60,0.228,94.28,89.169189,37.981659,-89.43,45.439413,18990.829468,20000110_082755
23,KGRB20000110_142755,60,0.441,554.39,512.641846,31.294369,-86.54,43.530499,15647.184372,20000110_082755
23,KGRB20000110_143345,66,0.444,556.94,512.318451,36.672106,-86.52,43.531734,18336.052869,20000110_083345
23,KGRB20000110_143934,72,-1.000,559.12,512.041256,42.644452,-86.51,43.532790,21322.225866,20000110_083934
23,KGRB20000110_144523,78,0.589,564.08,484.714874,29.473621,-86.47,43.655294,14736.810684,20000110_084523
30,KGRB20000110_145113,84,0.664,369.02,255.433838,18.104706,-87.68,44.698027,9052.352905,20000110_085113
30,KGRB20000110_145702,90,0.706,372.15,251.594958,22.641655,-87.66,44.715222,11320.827739,20000110_085702
13,KGRB20000110_131002,-17,0.191,511.31,492.710266,29.212744,-86.80,43.623577,14606.371880,20000110_071002
14,KGRB20000110_131952,-8,0.117,558.71,283.331635,27.729065,-86.48,44.561732,13864.532471,20000110_071952
16,KGRB20000110_134922,22,0.104,482.80,375.341583,6.997391,-86.97,44.153579,3498.695374,20000110_074922
17,KGRB20000110_135912,32,0.471,526.19,441.004578,33.107918,-86.70,43.855111,16553.958893,20000110_075912
19,KGRB20000110_141027,43,0.266,368.09,261.768738,19.779419,-87.68,44.669546,9889.709473,20000110_081027
21,KGRB20000110_142206,55,0.182,497.64,361.200317,25.438789,-86.87,44.216233,12719.394684,20000110_082206
24,KGRB20000110_142755,60,0.372,377.13,257.704742,12.112381,-87.62,44.687603,6056.190491,20000110_082755
27,KGRB20000110_143345,66,0.139,152.64,192.956635,26.756546,-89.05,44.976159,13378.273010,20000110_083345
28,KGRB20000110_143934,72,0.894,473.82,243.814240,43.617355,-87.01,44.745878,21808.677673,20000110_083934
28,KGRB20000111_130524,-22,0.193,497.62,460.821533,27.281509,-86.88,43.768011,13640.754700,20000111_070524
28,KGRB20000111_131514,-12,0.709,507.15,468.638058,30.202579,-86.83,43.732185,15101.289435,20000111_071514
35,KGRB20000111_140424,37,0.346,273.36,375.399078,6.677216,-88.28,44.158935,3338.607788,20000111_080424
35,KGRB20000111_141414,47,0.109,272.35,374.258421,14.056738,-88.28,44.164059,7028.369000,20000111_081414
39,KGRB20000111_141414,47,0.199,423.46,429.257019,30.103302,-87.34,43.914098,15051.651001,20000111_081414
39,KGRB20000111_142405,57,0.835,446.39,438.861608,37.302457,-87.20,43.869824,18651.228547,20000111_082405
27,KGRB20000111_130524,-22,0.278,374.85,415.623199,31.890152,-87.64,43.977095,15945.075989,20000111_070524
31,KGRB20000111_131514,-12,0.210,454.36,521.613281,11.592552,-87.16,43.497050,5796.276093,20000111_071514
32,KGRB20000111_132504,-2,0.139,397.77,352.960754,7.136459,-87.50,44.258380,3568.229675,20000111_072504
33,KGRB20000111_133454,7,0.426,400.14,288.795685,11.915344,-87.48,44.547007,5957.672119,20000111_073454
34,KGRB20000111_133454,7,0.308,273.73,381.129425,10.383530,-88.28,44.133153,5191.764832,20000111_073454
36,KGRB20000111_140424,37,0.173,581.82,456.155701,23.072655,-86.36,43.782132,11536.327362,20000111_080424
37,KGRB20000111_140424,37,0.130,290.03,421.969299,11.912567,-88.17,43.949478,5956.283569,20000111_080424
38,KGRB20000111_140424,37,0.122,365.04,309.303711,7.039368,-87.70,44.455736,3519.683838,20000111_080424
42,KGRB20000111_144345,76,0.232,512.02,312.801544,14.653206,-86.78,44.432961,7326.602936,20000111_084345
43,KGRB20000111_144345,76,0.135,548.39,300.971191,27.076782,-86.55,44.483288,13538.391113,20000111_084345
55,KGRB20000112_142003,53,0.234,407.19,315.590820,6.581329,-87.44,44.426193,3290.664673,20000112_082003
55,KGRB20000112_142953,62,0.247,394.71,323.077805,15.021953,-87.52,44.392941,7510.976359,20000112_082953
55,KGRB20000112_143943,72,0.420,411.32,307.566151,15.430441,-87.41,44.462143,7715.220486,20000112_083943
47,KGRB20000112_134046,13,0.398,105.65,128.104401,43.680077,-89.35,45.265080,21840.038300,20000112_074046
47,KGRB20000112_135034,23,0.137,127.52,139.030111,57.108641,-89.21,45.217344,28554.320644,20000112_075034
56,KGRB20000112_142953,62,0.446,92.18,178.568085,54.824303,-89.43,45.037127,27412.151337,20000112_082953
56,KGRB20000112_143943,72,0.405,114.54,191.927749,73.104294,-89.29,44.978569,36552.146944,20000112_083943
40,KGRB20000112_130126,-26,0.180,245.38,380.430786,28.375748,-88.45,44.135903,14187.873840,20000112_070126
43,KGRB20000112_131116,-16,0.190,273.11,554.118591,44.700649,-88.28,43.354671,22350.324631,20000112_071116
44,KGRB20000112_131116,-16,0.122,362.68,394.504425,6.791519,-87.72,44.072412,3395.759583,20000112_071116
45,KGRB20000112_133056,3,0.233,362.98,553.602051,44.170685,-87.72,43.356449,22085.342407,20000112_073056
46,KGRB20000112_133056,3,0.114,374.20,396.473938,9.796188,-87.65,44.063280,4898.094177,20000112_073056
48,KGRB20000112_134046,13,0.173,514.46,479.632263,29.167732,-86.78,43.682194,14583.866119,20000112_074046
49,KGRB20000112_134046,13,0.141,288.27,390.184967,9.885689,-88.18,44.092499,4942.844391,20000112_074046
50,KGRB20000112_134046,13,0.126,87.51,209.437317,43.186852,-89.46,44.897923,21593.425751,20000112_074046
52,KGRB20000112_140025,33,0.291,180.27,115.043335,34.255852,-88.87,45.327965,17127.925873,20000112_080025
53,KGRB20000112_140025,33,0.236,209.68,572.087708,23.561298,-88.67,43.272550,11780.649185,20000112_080025
54,KGRB20000112_140025,33,0.195,573.69,387.060211,26.699348,-86.40,44.093740,13349.674225,20000112_080025
58,KGRB20000112_143943,72,0.151,243.90,582.686768,16.618370,-88.46,43.225693,8309.185028,20000112_083943
55,KGRB20000113_132006,-6,0.395,373.03,253.595642,15.144669,-87.65,44.706198,7572.334290,20000113_072006
57,KGRB20000113_132006,-6,0.158,330.20,319.544861,15.859619,-87.92,44.410229,7929.809570,20000113_072006
61,KGRB20000115_142835,63,0.514,175.06,207.291138,10.931473,-88.90,44.912737,5465.736389,20000115_082835
61,KGRB20000115_143823,73,0.676,193.72,212.950472,14.486868,-88.78,44.888029,7243.433872,20000115_083823
57,KGRB20000115_131958,-6,0.417,136.83,101.858276,29.285751,-89.15,45.385109,14642.875671,20000115_071958
58,KGRB20000115_132946,4,0.105,52.97,211.983215,53.953041,-89.67,44.883700,26976.520538,20000115_072946
59,KGRB20000115_133935,14,0.136,102.02,102.372742,24.593311,-89.37,45.380575,12296.655655,20000115_073935
60,KGRB20000115_135911,34,0.470,177.99,131.582916,39.998352,-88.89,45.253461,19999.176025,20000115_075911
62,KGRB20000116_125606,-29,0.107,306.13,475.106079,26.839350,-88.07,43.710369,13419.674873,20000116_065606
62,KGRB20000116_130554,-20,0.886,300.96,481.931030,23.998383,-88.11,43.679661,11999.191284,20000116_070554
65,KGRB20000117_133922,15,0.142,164.03,121.212830,61.284851,-88.98,45.299478,30642.425537,20000117_073922
65,KGRB20000117_134912,25,0.117,155.18,120.111708,69.642405,-89.03,45.303994,34821.202460,20000117_074912
65,KGRB20000117_135900,35,0.187,171.08,121.668010,75.223356,-88.93,45.297760,37611.678078,20000117_075900
65,KGRB20000117_140851,44,0.164,186.31,117.302892,77.844864,-88.84,45.318048,38922.431892,20000117_080851
65,KGRB20000117_141839,54,0.162,177.51,117.559622,71.885228,-88.89,45.316527,35942.614123,20000117_081839
65,KGRB20000117_142827,64,-1.000,173.06,117.132790,67.594153,-88.92,45.318251,33797.076480,20000117_082827
65,KGRB20000117_143816,74,-1.000,168.61,116.705957,63.303078,-88.95,45.319969,31651.538836,20000117_083816
65,KGRB20000117_144806,84,0.104,188.06,123.899879,80.493643,-88.82,45.288440,40246.821301,20000117_084806
68,KGRB20000117_134912,25,0.229,12.16,309.787537,17.434921,-89.92,44.439972,8717.460632,20000117_074912
68,KGRB20000117_135900,35,0.878,24.18,316.344041,28.433195,-89.84,44.411650,14216.597425,20000117_075900
68,KGRB20000117_140851,44,0.721,44.68,319.519886,28.285820,-89.71,44.399244,14142.910163,20000117_080851
68,KGRB20000117_141839,54,0.234,69.10,329.744549,33.775664,-89.56,44.355295,16887.832228,20000117_081839
68,KGRB20000117_142827,64,0.137,100.92,338.093933,29.505875,-89.36,44.320092,14752.937317,20000117_082827
63,KGRB20000117_131945,-5,0.171,158.87,142.069275,75.414124,-89.01,45.205401,37707.061768,20000117_071945
63,KGRB20000117_132933,5,0.133,160.54,135.963336,79.999039,-89.00,45.232952,39999.519474,20000117_072933
64,KGRB20000117_133922,15,0.148,539.49,520.892395,34.081318,-86.63,43.494622,17040.658951,20000117_073922
64,KGRB20000117_134912,25,0.244,535.79,524.586426,29.023777,-86.65,43.478299,14511.888504,20000117_074912
66,KGRB20000117_133922,15,0.117,371.81,261.355835,8.036591,-87.66,44.671313,4018.295288,20000117_073922
70,KGRB20000117_135900,35,0.113,33.50,244.738190,48.048210,-89.79,44.734622,24024.105072,20000117_075900
71,KGRB20000117_140851,44,0.215,303.98,399.698303,32.945747,-88.09,44.049711,16472.873688,20000117_080851
73,KGRB20000117_142827,64,0.105,294.21,564.040344,12.492615,-88.15,43.310135,6246.307373,20000117_082827
74,KGRB20000117_143816,74,0.119,176.98,278.019165,11.272011,-88.89,44.594609,5636.005402,20000117_083816
73,KGRB20000118_142515,61,0.286,522.34,362.268616,77.013275,-86.72,44.209644,38506.637573,20000118_082515
73,KGRB20000118_143503,71,0.124,524.89,359.075871,81.947237,-86.70,44.223811,40973.618316,20000118_083503
72,KGRB20000118_125700,-27,0.236,288.11,268.387939,10.764008,-88.19,44.640544,5382.003784,20000118_065700
78,KGRB20000119_134036,17,0.406,152.40,95.420563,36.226357,-89.05,45.414923,18113.178253,20000119_074036
78,KGRB20000119_135024,27,0.579,164.48,107.357798,52.772723,-88.98,45.361827,26386.361472,20000119_075024
78,KGRB20000119_140013,37,0.783,161.08,130.807802,63.972378,-89.00,45.256172,31986.188999,20000119_080013
78,KGRB20000119_141001,47,-1.000,159.20,153.001406,75.719407,-89.01,45.156238,37859.703413,20000119_081001
78,KGRB20000119_141949,56,0.136,168.38,162.356755,84.955630,-88.95,45.114590,42477.815204,20000119_081949
74,KGRB20000119_130123,-22,0.242,382.78,110.428345,72.076515,-87.58,45.350046,36038.257599,20000119_070123
75,KGRB20000119_132059,-3,0.586,371.43,262.188110,7.858536,-87.66,44.667578,3929.267883,20000119_072059
81,KGRB20000119_143926,76,0.154,372.47,256.627869,6.966751,-87.65,44.692569,3483.375549,20000119_083926
80,KGRB20000122_125557,-26,0.466,158.28,175.558258,33.398201,-89.01,45.054716,16699.100494,20000122_065557
80,KGRB20000122_130545,-16,0.171,171.62,177.501010,43.177298,-88.93,45.046607,21588.648867,20000122_070545
80,KGRB20000122_131533,-6,0.318,195.40,183.540804,44.072622,-88.77,45.020405,22036.310975,20000122_071533
80,KGRB20000122_132522,4,0.173,212.48,203.808631,52.887574,-88.67,44.929794,26443.786864,20000122_072522
80,KGRB20000122_133510,14,-1.000,230.38,221.702758,60.640154,-88.55,44.849777,30320.077248,20000122_073510
80,KGRB20000122_134459,23,0.482,178.12,226.997803,49.904404,-88.88,44.824209,24952.201843,20000122_074459
89,KGRB20000122_133510,14,0.483,506.63,367.182526,16.130829,-86.82,44.188694,8065.414429,20000122_073510
89,KGRB20000122_134459,23,0.399,504.03,365.845907,25.494750,-86.83,44.194891,12747.374778,20000122_074459
89,KGRB20000122_135449,33,0.648,488.36,346.920334,35.441544,-86.93,44.281097,17720.771974,20000122_075449
89,KGRB20000122_140437,43,0.126,479.87,340.166188,42.541263,-86.98,44.312022,21270.631273,20000122_080437
89,KGRB20000122_141426,53,0.761,489.39,350.569580,34.849995,-86.93,44.264611,17424.997330,20000122_081426
89,KGRB20000122_142414,63,0.682,483.77,354.276253,40.237703,-86.96,44.248295,20118.851407,20000122_082414
89,KGRB20000122_143402,73,0.112,478.41,351.910428,39.110226,-86.99,44.259273,19555.113026,20000122_083402
97,KGRB20000122_134459,23,0.119,127.99,270.743500,41.002762,-89.19,44.624836,20501.380920,20000122_074459
97,KGRB20000122_135449,33,0.338,130.94,268.782489,46.419491,-89.18,44.633832,23209.745463,20000122_075449
97,KGRB20000122_140437,43,0.137,145.75,281.611972,50.965864,-89.08,44.576943,25482.932163,20000122_080437
97,KGRB20000122_141426,53,0.196,163.18,274.006407,49.384226,-88.97,44.612041,24692.113194,20000122_081426
97,KGRB20000122_142414,63,0.164,178.93,248.324585,31.605759,-88.88,44.728292,15802.879333,20000122_082414
104,KGRB20000122_135449,33,0.109,470.59,406.993896,15.787132,-87.05,44.011904,7893.566132,20000122_075449
104,KGRB20000122_140437,43,0.146,453.51,419.945628,26.729442,-87.15,43.954575,13364.721182,20000122_080437
104,KGRB20000122_141426,53,0.143,473.25,432.269553,28.531818,-87.03,43.898021,14265.908757,20000122_081426
104,KGRB20000122_142414,63,0.458,457.22,425.551553,28.478580,-87.13,43.929153,14239.290066,20000122_082414
84,KGRB20000122_130545,-16,0.109,87.84,137.956177,37.732983,-89.46,45.219491,18866.491318,20000122_070545
84,KGRB20000122_131533,-6,0.522,113.77,138.849000,52.949154,-89.30,45.217291,26474.576870,20000122_071533
84,KGRB20000122_132522,4,0.213,151.32,134.605661,62.836885,-89.06,45.238592,31418.442466,20000122_072522
84,KGRB20000122_133510,14,0.576,162.82,124.580444,54.990265,-88.99,45.284270,27495.132446,20000122_073510
94,KGRB20000122_134459,23,0.287,505.38,282.800140,28.967064,-86.82,44.568411,14483.531952,20000122_074459
94,KGRB20000122_135449,33,0.222,508.02,278.964011,34.335419,-86.80,44.585479,17167.709536,20000122_075449
94,KGRB20000122_140437,43,0.106,504.12,273.780935,32.896890,-86.83,44.609075,16448.445160,20000122_080437
101,KGRB20000122_135449,33,0.168,468.10,210.507874,27.474335,-87.05,44.896057,13737.167358,20000122_075449
101,KGRB20000122_140437,43,0.125,458.69,212.477870,41.359833,-87.11,44.887731,20679.916450,20000122_080437
101,KGRB20000122_141426,53,0.562,472.37,236.379247,54.154261,-87.02,44.779414,27077.130657,20000122_081426
78,KGRB20000122_125557,-26,0.651,141.11,400.377258,39.406166,-89.10,44.042336,19703.083038,20000122_065557
78,KGRB20000122_130545,-16,0.340,149.79,404.046256,45.737743,-89.05,44.026286,22868.871452,20000122_070545
87,KGRB20000122_132522,4,0.140,401.81,420.470093,25.790634,-87.48,43.954470,12895.317078,20000122_072522
87,KGRB20000122_133510,14,-1.000,401.81,420.470093,41.690634,-87.48,43.954470,20845.317078,20000122_073510
87,KGRB20000122_134459,23,0.144,418.13,426.435813,51.600763,-87.38,43.927013,25800.381317,20000122_074459
87,KGRB20000122_135449,33,0.128,407.06,465.870911,28.491051,-87.45,43.749985,14245.525360,20000122_075449
124,KGRB20000122_142414,63,0.216,223.27,414.104065,20.101219,-88.59,43.983882,10050.609589,20000122_082414
124,KGRB20000122_143402,73,0.609,232.85,413.058905,24.878619,-88.53,43.988821,12439.309434,20000122_083402
127,KGRB20000122_143402,73,0.472,145.14,506.062561,68.420685,-89.07,43.567001,34210.342407,20000122_083402
127,KGRB20000122_144353,82,0.395,150.03,499.449753,70.986760,-89.04,43.597010,35493.379819,20000122_084353
81,KGRB20000122_125557,-26,0.309,550.18,406.409302,36.869568,-86.55,44.008804,18434.783936,20000122_065557
82,KGRB20000122_125557,-26,0.134,28.00,368.867859,31.310505,-89.81,44.175738,15655.252457,20000122_065557
85,KGRB20000122_131533,-6,0.302,461.75,485.846558,80.723801,-87.11,43.657599,40361.900330,20000122_071533
86,KGRB20000122_132522,4,0.259,31.08,328.613312,31.243736,-89.80,44.357107,15621.868134,20000122_072522
90,KGRB20000122_133510,14,0.333,180.70,416.067169,31.997635,-88.85,43.973621,15998.817444,20000122_073510
91,KGRB20000122_133510,14,0.223,358.60,205.557129,7.056396,-87.74,44.922666,3528.198242,20000122_073510
92,KGRB20000122_133510,14,0.180,353.29,378.502563,35.076622,-87.78,44.144605,17538.311005,20000122_073510
95,KGRB20000122_134459,23,0.205,393.49,294.197754,6.788483,-87.52,44.522924,3394.241333,20000122_074459
96,KGRB20000122_134459,23,0.194,253.40,77.658142,19.926285,-88.41,45.498298,9963.142395,20000122_074459
99,KGRB20000122_135449,33,0.195,438.27,334.326019,31.505215,-87.24,44.340580,15752.607346,20000122_075449
100,KGRB20000122_135449,33,0.168,219.60,521.858704,36.947826,-88.61,43.498882,18473.913193,20000122_075449
102,KGRB20000122_135449,33,0.143,332.04,250.159058,26.578156,-87.91,44.722409,13289.077759,20000122_075449
107,KGRB20000122_140437,43,0.328,197.34,414.604431,18.599846,-88.75,43.980835,9299.922943,20000122_080437
108,KGRB20000122_140437,43,0.289,518.53,452.008606,62.061424,-86.75,43.806182,31030.712128,20000122_080437
109,KGRB20000122_140437,43,0.231,356.65,206.911621,7.481689,-87.75,44.916611,3740.844727,20000122_080437
113,KGRB20000122_140437,43,0.129,163.40,119.991577,59.488861,-88.98,45.304942,29744.430542,20000122_080437
115,KGRB20000122_141426,53,0.409,257.74,350.242218,6.653458,-88.38,44.271950,3326.728821,20000122_081426
117,KGRB20000122_141426,53,0.310,431.17,446.146057,30.618507,-87.30,43.837766,15309.253693,20000122_081426
121,KGRB20000122_142414,63,0.355,322.10,306.872101,19.480667,-87.97,44.467324,9740.333557,20000122_082414
122,KGRB20000122_142414,63,0.296,453.81,578.584229,22.011427,-87.16,43.240707,11005.713463,20000122_082414
123,KGRB20000122_142414,63,0.296,251.37,561.092468,42.884087,-88.41,43.323009,21442.043304,20000122_082414
126,KGRB20000122_142414,63,0.101,457.34,525.543152,33.023457,-87.14,43.479209,16511.728287,20000122_082414
128,KGRB20000122_143402,73,0.142,40.59,264.315491,53.042271,-89.75,44.647208,26521.135330,20000122_083402
112,KGRB20000123_130250,-18,0.111,409.80,258.702484,37.401855,-87.42,44.682053,18700.927734,20000123_070250
112,KGRB20000123_131238,-8,-1.000,409.80,258.702484,53.301855,-87.42,44.682053,26650.927734,20000123_071238
112,KGRB20000123_132226,2,0.313,383.85,250.800995,23.386795,-87.58,44.718477,11693.397522,20000123_072226
113,KGRB20000123_131238,-8,0.160,362.57,87.764465,52.529282,-87.71,45.452524,26264.640808,20000123_071238
115,KGRB20000124_143504,76,0.155,320.88,285.527832,6.412369,-87.98,44.563372,3206.184387,20000124_083504
115,KGRB20000124_144452,85,0.283,323.12,284.878473,13.674191,-87.97,44.566277,6837.095366,20000124_084452
114,KGRB20000124_140541,46,0.144,321.20,287.066193,6.540985,-87.98,44.556448,3270.492554,20000124_080541
116,KGRB20000125_125654,-22,0.103,404.54,265.328186,33.950760,-87.45,44.652438,16975.379944,20000125_065654
117,KGRB20000125_143415,76,0.168,281.23,432.138062,41.909744,-88.23,43.903676,20954.872131,20000125_083415
118,KGRB20000127_143316,77,0.163,371.75,263.518311,7.416168,-87.66,44.661585,3708.084106,20000127_083316
119,KGRB20000128_125912,-16,0.104,190.54,516.133545,6.243523,-88.79,43.523713,3121.761322,20000128_065912
120,KGRB20000128_130859,-7,0.178,181.25,286.349243,3.517067,-88.86,44.557309,1758.533478,20000128_070859
122,KGRB20000128_131847,3,0.437,377.00,263.740906,10.365677,-87.63,44.660448,5182.838440,20000128_071847
124,KGRB20000128_140746,52,0.172,274.44,474.880432,6.848139,-88.27,43.711279,3424.069405,20000128_080746
126,KGRB20000129_131326,-1,0.217,126.67,343.616364,20.042330,-89.20,44.296898,10021.164894,20000129_071326
126,KGRB20000129_132316,9,0.369,116.17,345.382679,30.527913,-89.26,44.288305,15263.956301,20000129_072316
123,KGRB20000129_130335,-11,0.309,289.08,406.073242,15.642822,-88.18,44.021007,7821.411133,20000129_070335
124,KGRB20000129_130335,-11,0.218,297.64,420.252472,6.010071,-88.13,43.957220,3005.035400,20000129_070335
127,KGRB20000129_131326,-1,0.191,128.42,367.816589,20.176910,-89.18,44.188119,10088.455200,20000129_071326
131,KGRB20000129_133307,19,0.111,95.30,306.218872,3.135342,-89.40,44.463103,1567.670822,20000129_073307
132,KGRB20000129_140234,48,0.543,103.72,370.707581,3.447853,-89.34,44.173551,1723.926544,20000129_080234
135,KGRB20000129_141224,58,0.265,152.30,379.972412,6.284149,-89.03,44.134734,3142.074585,20000129_081224
132,KGRB20000130_125057,-23,0.246,536.93,370.135071,52.941628,-86.63,44.173102,26470.813751,20000130_065057
132,KGRB20000130_130045,-13,0.395,543.81,361.699493,56.535479,-86.59,44.210484,28267.739482,20000130_070045
132,KGRB20000130_131033,-3,0.117,542.22,345.795227,37.046494,-86.59,44.282166,18523.246765,20000130_071033
132,KGRB20000130_132022,7,-1.000,542.22,345.795227,52.946494,-86.59,44.282166,26473.246765,20000130_072022
132,KGRB20000130_133010,17,0.249,544.92,347.471935,53.186066,-86.58,44.274396,26593.032905,20000130_073010
132,KGRB20000130_133958,26,0.335,534.27,335.085541,46.049458,-86.64,44.330997,23024.728775,20000130_073958
146,KGRB20000130_133010,17,0.205,465.54,143.535583,29.807175,-87.06,45.197489,14903.587341,20000130_073010
146,KGRB20000130_133958,26,0.445,481.88,147.847587,37.029731,-86.95,45.177094,18514.865329,20000130_073958
157,KGRB20000130_142859,75,0.148,188.83,63.630371,15.725235,-88.82,45.559598,7862.617493,20000130_082859
157,KGRB20000130_143847,85,0.363,204.06,75.175229,33.898158,-88.72,45.508222,16949.079086,20000130_083847
130,KGRB20000130_125057,-23,0.335,492.19,174.078796,43.528984,-86.89,45.058418,21764.492035,20000130_065057
130,KGRB20000130_130045,-13,-1.000,492.19,174.078796,59.428984,-86.89,45.058418,29714.492035,20000130_070045
130,KGRB20000130_131033,-3,0.272,454.58,154.382233,45.488983,-87.13,45.149312,22744.491577,20000130_071033
131,KGRB20000130_125057,-23,0.258,228.05,581.597473,22.911102,-88.55,43.230254,11455.551147,20000130_065057
133,KGRB20000130_125057,-23,0.237,424.23,104.537903,64.490471,-87.32,45.375031,32245.235443,20000130_065057
134,KGRB20000130_130045,-13,0.405,116.05,340.198395,32.435196,-89.26,44.311622,16217.597961,20000130_070045
135,KGRB20000130_130045,-13,0.367,127.17,376.616760,16.922062,-89.19,44.148450,8461.030960,20000130_070045
136,KGRB20000130_130045,-13,0.157,472.95,367.455139,24.656231,-87.03,44.189664,12328.115463,20000130_070045
136,KGRB20000130_131033,-3,0.308,454.59,374.862183,20.128990,-87.14,44.157370,10064.495087,20000130_071033
142,KGRB20000130_132022,7,0.675,279.02,93.385925,11.440819,-88.25,45.427849,5720.409393,20000130_072022
143,KGRB20000130_132022,7,0.536,528.10,158.851379,26.040764,-86.66,45.124268,13020.381927,20000130_072022
148,KGRB20000130_134946,36,0.345,453.23,94.679993,42.407623,-87.13,45.417955,21203.811646,20000130_074946
149,KGRB20000130_134946,36,0.252,294.80,80.579163,30.541245,-88.14,45.485537,15270.622253,20000130_074946
150,KGRB20000130_134946,36,0.156,305.07,466.709473,53.253674,-88.08,43.748157,26626.836777,20000130_074946
150,KGRB20000130_135935,46,0.142,278.71,463.586609,44.598499,-88.24,43.762137,22299.249649,20000130_075935
153,KGRB20000130_135935,46,0.109,52.12,167.003265,27.420860,-89.69,45.085949,13710.430145,20000130_075935
154,KGRB20000130_140923,56,0.125,501.76,282.414001,62.196716,-86.84,44.570404,31098.358154,20000130_080923
155,KGRB20000130_140923,56,0.108,88.56,387.264465,11.290115,-89.43,44.097999,5645.057678,20000130_080923
156,KGRB20000130_141911,66,0.100,340.86,397.666962,11.459686,-87.86,44.058569,5729.843140,20000130_081911
158,KGRB20000130_142859,75,0.116,420.89,57.384949,33.789780,-87.34,45.587293,16894.889832,20000130_082859
152,KGRB20000131_133512,23,0.205,510.73,221.311340,22.633446,-86.78,44.844638,11316.722870,20000131_073512
152,KGRB20000131_134500,33,0.787,531.08,239.221633,32.639478,-86.65,44.762504,16319.738769,20000131_074500
149,KGRB20000131_124607,-26,0.153,504.55,158.554077,68.647896,-86.81,45.127394,34323.947906,20000131_064607
149,KGRB20000131_125555,-17,0.156,490.82,145.490723,48.560272,-86.90,45.187110,24280.136108,20000131_065555
150,KGRB20000131_125555,-17,0.403,42.57,178.487793,50.149868,-89.74,45.033446,25074.934006,20000131_065555
154,KGRB20000131_141427,62,0.340,25.08,441.607391,32.247467,-89.82,43.848236,16123.733521,20000131_081427
155,KGRB20000131_141427,62,0.249,12.04,411.839783,13.949341,-89.91,43.980896,6974.670410,20000131_081427
157,KGRB20000131_141427,62,0.174,373.45,213.089172,10.620392,-87.65,44.888435,5310.195923,20000131_081427
158,KGRB20000131_141427,62,0.138,529.12,166.122620,31.158318,-86.66,45.091479,15579.158783,20000131_081427
159,KGRB20000131_142416,72,0.102,505.20,193.430939,24.565651,-86.81,44.970458,12282.825470,20000131_082416
159,KGRB20000201_124320,-28,0.549,342.59,402.134827,16.204445,-87.85,44.038439,8102.222443,20000201_064320
159,KGRB20000201_125308,-18,0.932,347.39,413.468611,24.566661,-87.82,43.987364,12283.330537,20000201_065308
159,KGRB20000201_130256,-9,0.919,335.30,441.534991,33.794586,-87.89,43.861237,16897.292974,20000201_070256
159,KGRB20000201_131245,1,0.444,347.66,453.865353,33.934029,-87.81,43.805575,16967.014692,20000201_071245
159,KGRB20000201_132232,11,0.648,336.38,462.897215,41.787347,-87.89,43.765092,20893.673479,20000201_072232
158,KGRB20000201_124320,-28,0.946,377.01,471.965454,23.687866,-87.63,43.723500,11843.933105,20000201_064320
158,KGRB20000201_125308,-18,0.878,381.63,483.123015,25.823696,-87.61,43.673166,12911.847807,20000201_065308
158,KGRB20000201_130256,-9,-1.000,385.55,492.596416,28.447136,-87.58,43.630423,14223.567837,20000201_070256
158,KGRB20000201_131245,1,0.248,385.71,451.149417,44.082286,-87.58,43.816932,22041.143067,20000201_071245
162,KGRB20000201_125308,-18,0.488,291.18,449.607788,7.511673,-88.17,43.825108,3755.836487,20000201_065308
162,KGRB20000201_130256,-9,0.124,297.16,454.321591,17.140614,-88.13,43.803907,8570.307120,20000201_070256
169,KGRB20000201_134209,31,0.116,432.46,306.914978,46.866581,-87.28,44.464182,23433.290482,20000201_074209
169,KGRB20000201_135157,40,0.143,437.14,313.701482,53.428128,-87.25,44.433430,26714.064237,20000201_075157
169,KGRB20000201_140145,50,-1.000,441.99,320.722003,61.312488,-87.22,44.401609,30656.243984,20000201_080145
169,KGRB20000201_141133,60,0.265,452.50,345.250977,41.964485,-87.16,44.290712,20982.242584,20000201_081133
169,KGRB20000201_142121,70,0.207,453.27,354.245651,46.582647,-87.15,44.250201,23291.323570,20000201_082121
171,KGRB20000201_140145,50,0.138,370.02,479.329712,8.238140,-87.68,43.690535,4119.070053,20000201_080145
171,KGRB20000201_141133,60,0.149,369.75,492.521783,17.349952,-87.68,43.631175,8674.976186,20000201_081133
166,KGRB20000201_130256,-9,0.130,386.17,491.979462,21.620897,-87.58,43.633181,10810.448647,20000201_070256
168,KGRB20000201_133221,21,0.191,288.87,510.161865,11.155502,-88.18,43.552595,5577.751160,20000201_073221
172,KGRB20000201_141133,60,0.332,396.71,521.271729,32.827980,-87.51,43.501035,16413.990021,20000201_081133
173,KGRB20000201_141133,60,0.272,319.42,559.613281,19.447800,-87.99,43.330001,9723.899841,20000201_081133
166,KGRB20000203_124319,-26,0.338,25.17,148.424408,34.327011,-89.86,45.167040,17163.505554,20000203_064319
166,KGRB20000203_125421,-15,0.546,29.79,160.728666,44.647245,-89.83,45.112141,22323.622510,20000203_065421
166,KGRB20000203_130409,-5,0.622,43.46,182.363042,52.674631,-89.74,45.016095,26337.315672,20000203_070409
166,KGRB20000203_131359,4,0.889,46.95,188.326903,52.639287,-89.72,44.989582,26319.643533,20000203_071359
166,KGRB20000203_132350,14,0.481,69.05,194.796971,61.321811,-89.57,44.962350,30660.905688,20000203_072350
166,KGRB20000203_133338,24,-1.000,90.33,201.359198,69.636850,-89.44,44.934470,34818.425019,20000203_073338
166,KGRB20000203_134326,34,0.128,66.49,198.329256,64.328276,-89.59,44.946253,32164.138057,20000203_074326
166,KGRB20000203_135317,44,-1.000,62.57,199.533908,65.034032,-89.62,44.940511,32517.015910,20000203_075317
166,KGRB20000203_140307,54,-1.000,58.65,200.738560,65.739788,-89.64,44.934765,32869.893764,20000203_080307
166,KGRB20000203_141257,63,-1.000,55.13,201.822747,66.374968,-89.66,44.929588,33187.483832,20000203_081257
166,KGRB20000203_142247,73,0.177,85.30,223.021542,74.559104,-89.47,44.836650,37279.551889,20000203_082247
166,KGRB20000203_143235,83,0.108,85.99,262.731448,77.193366,-89.46,44.658066,38596.683244,20000203_083235
170,KGRB20000203_133338,24,0.221,17.78,353.851990,26.920534,-89.88,44.242312,13460.267067,20000203_073338
170,KGRB20000203_134326,34,0.684,20.03,360.276889,34.427453,-89.86,44.213628,17213.726462,20000203_074326
170,KGRB20000203_135317,44,0.675,24.41,362.575308,34.766568,-89.84,44.203707,17383.284004,20000203_075317
170,KGRB20000203_140307,54,0.354,55.64,362.638329,44.571173,-89.64,44.206214,22285.586616,20000203_080307
170,KGRB20000203_141257,63,0.176,45.84,391.226168,45.262476,-89.70,44.076767,22631.238096,20000203_081257
170,KGRB20000203_142247,73,0.326,65.86,384.611725,50.306793,-89.57,44.108199,25153.396558,20000203_082247
170,KGRB20000203_143235,83,0.135,74.63,409.782135,65.685775,-89.52,43.995648,32842.887547,20000203_083235
171,KGRB20000203_134326,34,0.592,14.43,301.851837,17.423050,-89.91,44.475893,8711.524963,20000203_074326
171,KGRB20000203_135317,44,0.881,16.71,309.696929,20.759166,-89.89,44.440828,10379.582785,20000203_075317
173,KGRB20000203_135317,44,0.122,39.28,188.924805,44.659248,-89.76,44.986203,22329.624176,20000203_075317
173,KGRB20000203_140307,54,0.251,40.11,206.487534,58.279427,-89.76,44.907281,29139.713643,20000203_080307
168,KGRB20000203_132350,14,0.438,125.82,157.109772,29.733143,-89.22,45.135910,14866.571426,20000203_072350
169,KGRB20000203_132350,14,0.302,309.07,61.245911,24.490143,-88.05,45.572502,12245.071411,20000203_072350
174,KGRB20000203_141257,63,0.187,75.26,315.343597,28.556637,-89.52,44.420566,14278.318405,20000203_081257
176,KGRB20000203_142247,73,0.235,221.17,121.401672,7.107430,-88.61,45.300792,3553.714752,20000203_082247
187,KGRB20000204_133151,23,0.305,318.54,158.498108,59.870636,-87.99,45.134930,29935.317993,20000204_073151
187,KGRB20000204_134139,33,0.763,329.43,152.198745,69.036716,-87.92,45.163180,34518.357767,20000204_074139
187,KGRB20000204_135127,43,0.533,327.22,181.314055,68.699349,-87.94,45.032210,34349.674343,20000204_075127
187,KGRB20000204_140115,53,0.104,329.45,204.230008,67.391582,-87.92,44.929085,33695.791139,20000204_080115
187,KGRB20000204_141103,63,-1.000,331.21,227.611215,66.306543,-87.91,44.823869,33153.271622,20000204_081103
187,KGRB20000204_142051,72,0.618,324.77,208.132782,10.930359,-87.95,44.911570,5465.179443,20000204_082051
180,KGRB20000204_131215,4,0.772,397.90,176.946655,40.445404,-87.49,45.050309,20222.702026,20000204_071215
180,KGRB20000204_132203,14,0.486,398.63,190.038509,49.282698,-87.49,44.991385,24641.348805,20000204_072203
194,KGRB20000204_135127,43,0.173,464.08,208.878235,74.703804,-87.07,44.903622,37351.902008,20000204_075127
194,KGRB20000204_140115,53,0.394,479.09,217.688122,84.697051,-86.98,44.863089,42348.525514,20000204_080115
194,KGRB20000204_141103,63,-1.000,493.26,225.999336,95.024643,-86.89,44.824780,47512.321274,20000204_081103
194,KGRB20000204_142051,72,0.192,438.98,223.790344,50.481171,-87.23,44.837862,25240.585327,20000204_082051
198,KGRB20000204_135127,43,0.106,115.06,322.801208,26.686398,-89.27,44.389830,13343.198776,20000204_075127
198,KGRB20000204_140115,53,0.105,113.00,334.227552,36.838371,-89.28,44.338290,18419.185330,20000204_080115
174,KGRB20000204_124250,-26,0.250,248.25,521.274719,47.149620,-88.43,43.502151,23574.810028,20000204_064250
175,KGRB20000204_125238,-16,0.373,177.65,218.495392,39.891396,-88.89,44.862441,19945.697784,20000204_065238
177,KGRB20000204_130226,-6,0.695,221.58,462.335938,49.381516,-88.60,43.766796,24690.757751,20000204_070226
177,KGRB20000204_131215,4,0.237,230.50,489.959473,39.498512,-88.54,43.642712,19749.256134,20000204_071215
189,KGRB20000204_133151,23,0.149,472.83,450.464233,38.110748,-87.04,43.816178,19055.374146,20000204_073151
189,KGRB20000204_134139,33,-1.000,472.83,450.464233,54.010748,-87.04,43.816178,27005.374146,20000204_074139
189,KGRB20000204_135127,43,0.125,520.60,495.558350,85.801926,-86.74,43.610082,42900.962830,20000204_075127
189,KGRB20000204_140115,53,0.598,485.96,457.503204,27.759773,-86.96,43.783704,13879.886627,20000204_080115
190,KGRB20000204_134139,33,0.555,315.86,357.594025,8.471840,-88.01,44.239133,4235.919952,20000204_074139
193,KGRB20000204_135127,43,0.309,533.94,325.141724,38.266983,-86.64,44.375758,19133.491516,20000204_075127
195,KGRB20000204_135127,43,0.140,309.13,382.721497,7.277596,-88.05,44.126093,3638.797760,20000204_075127
185,KGRB20000205_123719,-29,0.190,338.96,293.521698,6.456131,-87.87,44.527217,3228.065491,20000205_063719
186,KGRB20000206_125114,-14,0.345,339.68,183.582397,22.127533,-87.86,45.021858,11063.766479,20000206_065114
186,KGRB20000206_130103,-4,0.578,340.77,182.920493,25.908572,-87.85,45.024821,12954.286059,20000206_070103
189,KGRB20000206_131051,5,0.141,381.82,261.077423,7.586914,-87.60,44.672299,3793.457031,20000206_071051
189,KGRB20000206_132039,15,0.123,377.75,265.928837,21.167510,-87.62,44.650584,10583.755065,20000206_072039
187,KGRB20000206_130103,-4,0.498,375.29,258.975739,10.685333,-87.64,44.681933,5342.666626,20000206_070103
190,KGRB20000206_132039,15,0.154,305.34,406.412720,24.150963,-88.08,44.019495,12075.481415,20000206_072039
191,KGRB20000206_135952,54,0.712,381.54,260.957733,11.438293,-87.60,44.672845,5719.146729,20000206_075952
194,KGRB20000212_133820,41,0.838,26.43,318.852753,30.400089,-89.83,44.400578,15200.044632,20000212_073820
194,KGRB20000212_134808,51,0.554,35.50,336.910659,50.139000,-89.77,44.320189,25069.500014,20000212_074808
194,KGRB20000212_135758,60,0.187,41.20,325.985596,49.070647,-89.73,44.369849,24535.323550,20000212_075758
194,KGRB20000212_140748,70,0.584,37.74,306.613985,44.641100,-89.76,44.456679,22320.549822,20000212_080748
194,KGRB20000212_141740,80,-1.000,36.07,289.161211,41.237455,-89.77,44.535035,20618.727365,20000212_081740
194,KGRB20000212_142728,90,0.944,36.91,290.302284,44.063698,-89.77,44.529979,22031.849245,20000212_082728
191,KGRB20000212_123924,-18,0.234,379.35,257.062073,10.409119,-87.61,44.690434,5204.559326,20000212_063924
191,KGRB20000212_124915,-8,-1.000,379.35,257.062073,26.309119,-87.61,44.690434,13154.559326,20000212_064915
191,KGRB20000212_125905,2,0.109,378.08,258.467224,10.956604,-87.62,44.684147,5478.302002,20000212_065905
193,KGRB20000212_130853,11,0.198,298.62,436.165344,42.897213,-88.12,43.885613,21448.606491,20000212_070853
195,KGRB20000212_133820,41,0.239,381.28,255.248871,7.317429,-87.60,44.698539,3658.714294,20000212_073820
196,KGRB20000212_134808,51,0.369,285.94,439.893311,36.245728,-88.20,43.868803,18122.863770,20000212_074808
196,KGRB20000212_135758,60,-1.000,285.94,439.893311,50.555728,-88.20,43.868803,25277.863770,20000212_075758
196,KGRB20000212_140748,70,0.200,296.48,436.714020,44.604393,-88.13,43.883142,22302.196503,20000212_080748
198,KGRB20000212_141740,80,0.788,32.01,299.744080,39.862946,-89.80,44.487057,19931.472778,20000212_081740
199,KGRB20000213_132459,28,0.146,479.60,410.139587,68.916756,-86.99,43.997211,34458.377838,20000213_072459
199,KGRB20000213_133447,38,0.391,484.06,404.447901,80.039727,-86.96,44.022542,40019.863623,20000213_073447
200,KGRB20000213_132459,28,0.111,550.06,529.713318,45.834988,-86.57,43.454059,22917.493820,20000213_072459
200,KGRB20000213_133447,38,0.167,549.58,528.540723,52.943798,-86.57,43.459375,26471.898976,20000213_073447
197,KGRB20000213_123557,-21,0.132,421.09,104.872589,16.057892,-87.34,45.373661,8028.945923,20000213_063557
198,KGRB20000213_130522,9,0.236,326.86,301.216156,27.842682,-87.94,44.492733,13921.340942,20000213_070522
201,KGRB20000213_141401,78,0.110,151.39,438.257874,35.929214,-89.04,43.872429,17964.607239,20000213_081401
208,KGRB20000214_133922,45,0.132,503.73,343.184631,73.566620,-86.83,44.296866,36783.309937,20000214_073922
208,KGRB20000214_134910,55,0.331,503.56,347.686687,79.405652,-86.84,44.276623,39702.826250,20000214_074910
208,KGRB20000214_135858,64,0.165,516.16,355.469201,79.670595,-86.76,44.240699,39835.297510,20000214_075858
206,KGRB20000214_130958,15,0.352,238.24,423.069977,30.825016,-88.50,43.943891,15412.508011,20000214_070958
206,KGRB20000214_131946,25,0.117,238.69,425.103248,37.926750,-88.49,43.934750,18963.374865,20000214_071946
206,KGRB20000214_132934,35,0.414,232.90,431.166992,26.819328,-88.53,43.907337,13409.664154,20000214_072934
202,KGRB20000214_123045,-24,0.465,381.05,245.986542,35.751816,-87.60,44.740219,17875.907898,20000214_063045
203,KGRB20000214_123045,-24,0.223,250.04,415.362762,48.925453,-88.42,43.978798,24462.726593,20000214_063045
204,KGRB20000214_123045,-24,0.169,452.04,220.084442,46.104553,-87.15,44.853871,23052.276611,20000214_063045
205,KGRB20000214_124034,-14,0.123,49.07,325.958313,43.802895,-89.69,44.370664,21901.447296,20000214_064034
210,KGRB20000217_125507,5,0.115,19.77,274.608185,20.557470,-89.88,44.598960,10278.735161,20000217_065507
210,KGRB20000217_130455,14,0.817,27.05,283.409541,30.021131,-89.83,44.560069,15010.565382,20000217_070455
210,KGRB20000217_131443,24,0.874,45.70,305.470250,46.144919,-89.71,44.462535,23072.459293,20000217_071443
210,KGRB20000217_132432,34,0.336,58.06,307.612999,55.085544,-89.63,44.453956,27542.772083,20000217_072432
210,KGRB20000217_133420,44,-1.000,70.71,310.776469,64.392336,-89.55,44.440755,32196.168179,20000217_073420
210,KGRB20000217_134408,54,0.119,61.92,283.408997,20.253067,-89.61,44.563159,10126.533508,20000217_074408
210,KGRB20000217_135356,63,-1.000,61.92,283.408997,34.563067,-89.61,44.563159,17281.533508,20000217_075356
210,KGRB20000217_140345,73,0.488,41.81,261.512215,42.007142,-89.74,44.659927,21003.570825,20000217_080345
215,KGRB20000217_131443,24,0.188,256.87,266.847382,3.292831,-88.38,44.647177,1646.415710,20000217_071443
215,KGRB20000217_132432,34,-1.000,256.87,266.847382,19.192831,-88.38,44.647177,9596.415710,20000217_072432
215,KGRB20000217_133420,44,0.882,288.04,251.063222,23.868915,-88.19,44.718495,11934.457745,20000217_073420
215,KGRB20000217_134408,54,0.781,315.09,255.200181,28.931693,-88.02,44.699866,14465.846346,20000217_074408
208,KGRB20000217_122542,-25,0.237,372.89,264.725037,7.240631,-87.65,44.656127,3620.315552,20000217_062542
208,KGRB20000217_123530,-15,0.152,380.93,246.799550,14.109943,-87.60,44.736564,7054.971582,20000217_063530
213,KGRB20000217_131443,24,0.303,43.57,365.721405,34.091644,-89.71,44.191305,17045.822144,20000217_071443
213,KGRB20000217_132432,34,0.231,54.44,384.248880,53.815970,-89.64,44.108892,26907.985248,20000217_072432
224,KGRB20000217_140345,73,0.418,61.71,403.038391,35.977856,-89.60,44.024963,17988.927841,20000217_080345
224,KGRB20000217_141333,83,0.140,72.03,407.479084,51.314132,-89.53,44.005808,25657.066129,20000217_081333
209,KGRB20000217_123530,-15,0.136,181.13,109.878174,65.749542,-88.87,45.351237,32874.771118,20000217_063530
211,KGRB20000217_130455,14,0.394,41.72,500.712311,45.659512,-89.71,43.583834,22829.755783,20000217_070455
211,KGRB20000217_131443,24,-1.000,41.72,500.712311,61.559512,-89.71,43.583834,30779.755783,20000217_071443
211,KGRB20000217_132432,34,0.212,70.33,525.966553,55.360237,-89.53,43.472571,27680.118561,20000217_072432
216,KGRB20000217_132432,34,0.265,373.92,261.805786,10.032196,-87.65,44.669235,5016.098022,20000217_072432
219,KGRB20000217_133420,44,0.406,96.13,129.670593,24.015694,-89.41,45.257367,12007.846832,20000217_073420
222,KGRB20000217_135356,63,0.262,27.83,261.045349,29.629702,-89.83,44.660740,14814.850807,20000217_075356
223,KGRB20000217_135356,63,0.205,238.42,208.252136,13.626663,-88.50,44.910478,6813.331604,20000217_075356
225,KGRB20000217_140345,73,0.229,318.56,557.009277,27.783091,-88.00,43.341726,13891.545296,20000217_080345
227,KGRB20000217_140345,73,0.101,28.55,335.110901,24.661234,-89.81,44.327643,12330.616951,20000217_080345
221,KGRB20000218_122105,-27,0.289,383.64,317.573181,10.594711,-87.59,44.418050,5297.355652,20000218_062105
222,KGRB20000218_130019,12,0.117,280.47,240.440613,11.865204,-88.23,44.766248,5932.601929,20000218_070019
223,KGRB20000218_132946,41,0.179,257.60,296.275665,10.116028,-88.38,44.514777,5058.013916,20000218_072946
225,KGRB20000219_130459,17,0.149,287.29,259.834686,11.733917,-88.19,44.679025,5866.958618,20000219_070459
225,KGRB20000219_131447,27,0.525,292.20,262.840447,16.619036,-88.16,44.665519,8309.517786,20000219_071447
224,KGRB20000219_124523,-2,0.212,286.45,262.855164,7.342499,-88.20,44.665431,3671.249390,20000219_064523
227,KGRB20000219_133424,47,0.389,247.25,236.115265,44.826328,-88.44,44.785291,22413.164139,20000219_073424
227,KGRB20000219_134412,57,-1.000,247.25,236.115265,60.726328,-88.44,44.785291,30363.164139,20000219_074412
227,KGRB20000219_135401,67,0.248,263.95,235.881897,49.520267,-88.34,44.786600,24760.133743,20000219_075401
229,KGRB20000219_135401,67,0.117,376.61,263.158875,15.538376,-87.63,44.663077,7769.187927,20000219_075401
230,KGRB20000219_140349,76,0.241,326.76,284.118530,7.381699,-87.94,44.569665,3690.849304,20000219_080349
229,KGRB20000220_133013,45,0.151,551.63,276.110413,42.180519,-86.53,44.594841,21090.259552,20000220_073013
230,KGRB20000222_125520,13,0.305,273.00,375.178833,3.692055,-88.28,44.159923,1846.027374,20000222_065520
230,KGRB20000222_130510,23,0.172,270.00,375.869876,12.407037,-88.30,44.156784,6203.518457,20000222_070510
237,KGRB20000223_131036,30,0.589,323.53,577.268127,23.049051,-87.97,43.250515,11524.525642,20000223_071036
237,KGRB20000223_131625,36,0.580,324.71,574.089843,28.188229,-87.96,43.264810,14094.114377,20000223_071625
237,KGRB20000223_132215,42,-1.000,325.73,571.365598,33.956095,-87.95,43.277062,16978.047578,20000223_072215
237,KGRB20000223_132804,48,0.133,307.26,559.569309,44.718933,-88.07,43.330254,22359.466650,20000223_072804
235,KGRB20000223_125309,13,0.179,416.68,320.946991,15.568573,-87.38,44.401726,7784.286499,20000223_065309
235,KGRB20000223_125858,18,0.202,415.54,319.976423,22.699634,-87.39,44.406139,11349.816812,20000223_065858
239,KGRB20000223_131625,36,0.173,432.45,304.260742,19.822693,-87.28,44.476125,9911.346436,20000223_071625
239,KGRB20000223_132215,42,0.172,431.76,304.253822,28.589585,-87.28,44.476187,14294.792489,20000223_072215
239,KGRB20000223_132804,48,0.438,443.46,297.605652,22.725174,-87.21,44.505542,11362.586975,20000223_072804
231,KGRB20000223_121223,-28,0.103,37.34,403.342743,41.137329,-89.75,44.021504,20568.664551,20000223_061223
232,KGRB20000223_123541,-5,0.133,255.44,282.864166,17.983215,-88.39,44.575089,8991.607666,20000223_063541
234,KGRB20000223_124719,7,0.288,348.28,319.270111,10.943481,-87.81,44.411220,5471.740723,20000223_064719
236,KGRB20000223_130447,24,0.249,312.05,474.260071,40.920410,-88.04,43.714158,20460.205078,20000223_070447
238,KGRB20000223_131036,30,0.204,277.15,565.390625,32.495007,-88.25,43.303976,16247.503281,20000223_071036
240,KGRB20000223_132215,42,0.165,375.66,271.231506,2.955704,-87.63,44.626781,1477.851868,20000223_072215
242,KGRB20000223_134532,65,0.140,150.05,416.947754,46.629425,-89.05,43.968248,23314.712524,20000223_074532
242,KGRB20000223_135121,71,0.114,111.21,404.458344,7.482655,-89.29,44.022193,3741.327286,20000223_075121
243,KGRB20000223_134532,65,0.126,485.94,558.725403,14.152740,-86.96,43.328234,7076.370239,20000223_074532
244,KGRB20000223_135121,71,0.171,435.89,557.603882,12.598543,-87.27,43.335995,6299.271584,20000223_075121
254,KGRB20000224_132910,50,0.134,546.03,295.644135,42.744606,-86.56,44.507453,21372.303009,20000224_072910
254,KGRB20000224_133459,55,0.402,545.31,291.875827,47.953036,-86.57,44.524466,23976.517831,20000224_073459
254,KGRB20000224_134048,61,0.247,543.72,283.523970,48.615760,-86.58,44.562171,24307.880035,20000224_074048
245,KGRB20000224_122508,-14,0.386,99.76,379.998260,30.811865,-89.36,44.131481,15405.932426,20000224_062508
245,KGRB20000224_123058,-9,0.638,100.40,377.785344,35.982918,-89.36,44.141481,17991.458947,20000224_063058
250,KGRB20000224_130553,26,0.414,142.25,578.556885,24.771379,-89.08,43.240623,12385.689735,20000224_070553
250,KGRB20000224_131142,32,0.437,140.07,577.150157,31.927684,-89.10,43.246837,15963.841878,20000224_071142
253,KGRB20000224_132910,50,0.484,376.13,570.241455,21.981930,-87.64,43.281257,10990.964890,20000224_072910
253,KGRB20000224_133459,55,0.209,376.50,568.317412,27.569748,-87.64,43.289906,13784.873983,20000224_073459
243,KGRB20000224_121330,-26,0.330,126.48,398.980225,43.587685,-89.19,44.047788,21793.842316,20000224_061330
243,KGRB20000224_121919,-20,0.332,116.42,388.790710,37.257210,-89.26,44.093019,18628.604889,20000224_061919
246,KGRB20000224_124236,3,0.184,581.47,581.167236,11.142541,-86.38,43.219740,5571.270466,20000224_064236
247,KGRB20000224_124826,9,0.192,184.43,409.219147,28.706947,-88.83,44.004585,14353.473663,20000224_064826
248,KGRB20000224_124826,9,0.130,336.75,561.189697,25.586807,-87.88,43.322742,12793.403625,20000224_064826
249,KGRB20000224_125415,15,0.189,190.61,580.847595,22.336870,-88.78,43.232487,11168.435097,20000224_065415
251,KGRB20000224_130553,26,0.134,497.54,570.668945,15.098850,-86.89,43.273740,7549.425125,20000224_070553
252,KGRB20000224_132321,44,0.185,550.78,318.374146,47.588749,-86.54,44.404795,23794.374466,20000224_072321
255,KGRB20000224_133459,55,0.197,505.08,462.869751,19.275368,-86.84,43.758284,9637.683868,20000224_073459
256,KGRB20000225_125919,22,0.553,79.44,221.550323,11.839714,-89.51,44.842824,5919.857025,20000225_065919
256,KGRB20000225_130907,32,0.289,87.89,217.222854,20.258191,-89.45,44.862928,10129.095420,20000225_070907
256,KGRB20000225_131855,41,0.128,88.93,215.933028,20.278408,-89.45,44.868808,10139.203916,20000225_071855
256,KGRB20000225_132843,51,0.119,97.85,226.124750,30.933632,-89.39,44.823603,15466.815984,20000225_072843
255,KGRB20000225_123943,2,0.337,61.02,230.928711,11.286638,-89.62,44.799161,5643.319130,20000225_063943
257,KGRB20000225_125919,22,0.210,373.99,262.061676,11.122604,-87.64,44.668082,5561.302185,20000225_065919
263,KGRB20000226_121759,-18,0.185,544.72,393.833435,21.332909,-86.58,44.065843,10666.454315,20000226_061759
263,KGRB20000226_122348,-12,0.314,547.36,387.570564,26.838049,-86.57,44.093796,13419.024694,20000226_062348
263,KGRB20000226_122937,-6,0.211,556.58,363.456421,16.161888,-86.51,44.201481,8080.944061,20000226_062937
258,KGRB20000226_121210,-23,0.362,473.49,240.289703,20.370270,-87.02,44.761754,10185.134888,20000226_061210
258,KGRB20000226_121759,-18,0.185,483.91,225.644562,17.109543,-86.95,44.826990,8554.771423,20000226_061759
259,KGRB20000226_121210,-23,0.166,267.27,374.201721,7.093292,-88.32,44.164261,3546.646118,20000226_061210
260,KGRB20000226_121210,-23,0.106,373.24,257.300201,11.356979,-87.65,44.689525,5678.489685,20000226_061210
264,KGRB20000226_122937,-6,0.247,537.80,241.390167,16.273605,-86.61,44.752200,8136.802673,20000226_062937
266,KGRB20000226_135106,76,0.335,401.82,251.958344,30.238083,-87.47,44.712690,15119.041443,20000226_075106
265,KGRB20000227_120720,-27,0.211,526.60,380.488586,66.945213,-86.70,44.127345,33472.606659,20000227_060720
265,KGRB20000227_121309,-21,0.580,522.35,376.206426,71.101746,-86.72,44.146938,35550.873113,20000227_061309
265,KGRB20000227_121858,-16,0.501,526.87,368.167313,69.604045,-86.69,44.182756,34802.022497,20000227_061858
265,KGRB20000227_122447,-10,0.798,527.05,359.602467,64.350122,-86.69,44.221275,32175.061087,20000227_062447
265,KGRB20000227_123037,-4,0.722,529.89,352.091814,64.842452,-86.67,44.254840,32421.226240,20000227_063037
265,KGRB20000227_123626,2,0.573,536.43,347.002613,63.209300,-86.63,44.277211,31604.650035,20000227_063626
265,KGRB20000227_124216,8,0.360,541.91,348.273091,61.699796,-86.60,44.271044,30849.898156,20000227_064216
265,KGRB20000227_124805,14,0.152,543.15,335.196042,56.872585,-86.59,44.329770,28436.292679,20000227_064805
265,KGRB20000227_125354,19,-1.000,545.13,327.133078,53.590104,-86.57,44.365875,26795.052143,20000227_065354
265,KGRB20000227_125944,25,0.272,548.39,303.413086,44.481941,-86.55,44.472302,22240.970612,20000227_065944
272,KGRB20000227_125944,25,0.169,504.46,161.048798,34.734741,-86.81,45.116178,17367.370605,20000227_065944
272,KGRB20000227_130533,31,-1.000,504.46,161.048798,44.274741,-86.81,45.116178,22137.370605,20000227_070533
272,KGRB20000227_131122,37,0.440,526.04,162.793637,47.384523,-86.67,45.106699,23692.261704,20000227_071122
272,KGRB20000227_131712,43,0.409,540.06,165.422730,50.343686,-86.59,45.093727,25171.842838,20000227_071712
268,KGRB20000227_124216,8,0.383,466.62,86.384033,34.067017,-87.05,45.454516,17033.508301,20000227_064216
268,KGRB20000227_124805,14,0.397,474.16,88.516273,42.878345,-87.00,45.444470,21439.172475,20000227_064805
276,KGRB20000227_134029,66,0.367,364.89,254.696960,6.822845,-87.70,44.701438,3411.422729,20000227_074029
276,KGRB20000227_134618,72,0.122,368.30,256.263183,15.768656,-87.68,44.694312,7884.327915,20000227_074618
264,KGRB20000227_120720,-27,0.452,373.10,257.934753,15.757629,-87.65,44.686673,7878.814697,20000227_060720
266,KGRB20000227_123626,2,0.336,469.92,92.471924,39.929832,-87.03,45.426934,19964.916229,20000227_063626
267,KGRB20000227_123626,2,0.253,351.67,301.813507,28.308426,-87.79,44.489708,14154.212952,20000227_063626
273,KGRB20000227_130533,31,0.508,272.72,373.540070,6.947426,-88.28,44.167295,3473.712921,20000227_070533
274,KGRB20000227_130533,31,0.467,531.64,176.101379,48.480003,-86.64,45.046390,24240.001678,20000227_070533
278,KGRB20000227_135757,83,0.210,474.67,330.364471,24.249584,-87.02,44.356440,12124.792099,20000227_075757
277,KGRB20000228_123246,0,0.826,341.95,179.935669,18.172211,-87.84,45.038233,9086.105347,20000228_063246
277,KGRB20000228_124236,10,0.638,342.45,181.702415,23.710731,-87.84,45.030277,11855.365269,20000228_064236
277,KGRB20000228_125226,20,-1.000,342.93,183.369157,29.835749,-87.84,45.022771,14917.874630,20000228_065226
277,KGRB20000228_130217,30,-1.000,343.41,185.035899,35.960768,-87.84,45.015264,17980.383990,20000228_070217
277,KGRB20000228_131207,40,0.148,346.36,196.783987,33.274352,-87.82,44.962362,16637.176129,20000228_071207
277,KGRB20000228_132155,49,0.214,345.01,195.270849,32.198760,-87.83,44.969191,16099.380112,20000228_072155
277,KGRB20000228_133145,59,-1.000,344.00,194.808649,31.591721,-87.83,44.971287,15795.860659,20000228_073145
277,KGRB20000228_134135,69,-1.000,342.98,194.346449,30.984682,-87.84,44.973381,15492.341205,20000228_074135
277,KGRB20000228_135125,79,-1.000,341.97,193.884248,30.377644,-87.85,44.975476,15188.821751,20000228_075125
277,KGRB20000228_140116,89,0.368,355.04,171.798431,27.474160,-87.76,45.074620,13737.079784,20000228_080116
274,KGRB20000228_122256,-10,0.832,343.82,181.712830,20.444977,-87.83,45.030209,10222.488403,20000228_062256
275,KGRB20000228_122256,-10,0.232,292.70,381.149719,11.820183,-88.16,44.133171,5910.091400,20000228_062256
279,KGRB20000228_124236,10,0.142,189.85,402.840973,13.860718,-88.80,44.033495,6930.358887,20000228_064236
281,KGRB20000228_133145,59,0.132,189.04,163.492889,29.817528,-88.82,45.110358,14908.763885,20000228_073145
282,KGRB20000228_135125,79,0.393,368.12,192.922302,14.121582,-87.68,44.979300,7060.791016,20000228_075125
280,KGRB20000301_121409,-15,0.120,352.37,317.802826,6.856155,-87.78,44.417751,3428.077698,20000301_061409
281,KGRB20000301_123136,2,0.274,369.74,248.405090,3.572037,-87.67,44.729634,1786.018372,20000301_063136
283,KGRB20000301_125453,25,0.119,372.15,256.852997,10.924789,-87.66,44.691565,5462.394714,20000301_065453
283,KGRB20000302_120502,-22,0.149,385.05,253.034119,24.990753,-87.57,44.708394,12495.376587,20000302_060502
284,KGRB20000302_121602,-11,0.696,293.41,392.870270,16.558189,-88.15,44.080432,8279.094696,20000302_061602
286,KGRB20000302_122550,-2,0.498,311.32,309.179962,11.857834,-88.04,44.457002,5928.916931,20000302_062550
286,KGRB20000303_120233,-23,0.445,304.13,317.907745,3.211487,-88.09,44.417750,1605.743408,20000303_060233
287,KGRB20000303_120233,-23,0.106,215.09,428.056152,6.756973,-88.64,43.920873,3378.486633,20000303_060233
289,KGRB20000304_115617,-27,0.576,295.16,374.523865,3.473984,-88.14,44.162991,1736.991882,20000304_055617
289,KGRB20000304_120607,-17,0.108,303.24,387.384195,23.731232,-88.09,44.105124,11865.615798,20000304_060607
288,KGRB20000304_115617,-27,0.636,213.19,428.078674,7.321831,-88.65,43.920716,3660.915375,20000304_055617
293,KGRB20000304_121555,-8,0.130,340.62,297.096588,6.511536,-87.86,44.511108,3255.767822,20000304_061555
297,KGRB20000305_122200,0,0.364,191.32,523.719543,22.884308,-88.78,43.489604,11442.153931,20000305_062200
297,KGRB20000305_123149,9,0.254,172.19,515.882271,44.375059,-88.90,43.524107,22187.529493,20000305_063149
297,KGRB20000305_124137,19,0.154,147.59,509.443309,58.896665,-89.05,43.551915,29448.332626,20000305_064137
291,KGRB20000305_120223,-20,0.810,297.37,376.044434,11.871696,-88.13,44.156152,5935.848236,20000305_060223
291,KGRB20000305_121212,-10,0.138,292.74,380.399473,22.986134,-88.16,44.136547,11493.067159,20000305_061212
296,KGRB20000305_121212,-10,0.100,363.74,321.206299,25.293488,-87.71,44.402209,12646.743774,20000305_061212
298,KGRB20000305_122200,0,0.210,171.76,406.370850,7.163795,-88.91,44.016873,3581.897736,20000305_062200
299,KGRB20000305_131104,49,0.538,339.64,300.750702,6.320496,-87.86,44.494680,3160.247803,20000305_071104
301,KGRB20000305_132052,58,0.262,273.94,531.206116,5.914837,-88.27,43.457794,2957.418442,20000305_072052
297,KGRB20000306_115740,-23,0.127,298.22,373.023102,6.344704,-88.12,44.169748,3172.351837,20000306_055740
297,KGRB20000306_120729,-13,0.219,295.79,376.937798,16.187868,-88.14,44.152130,8093.934061,20000306_060729
298,KGRB20000307_120205,-16,0.428,319.60,360.002411,11.755554,-87.99,44.228273,5877.777100,20000307_060205
299,KGRB20000307_120205,-16,0.225,290.16,372.337708,6.176987,-88.17,44.172816,3088.493347,20000307_060205
300,KGRB20000308_123521,19,0.247,431.27,264.323700,52.349838,-87.28,44.655863,26174.919128,20000308_063521
302,KGRB20000308_132801,72,0.126,407.92,267.544922,36.024414,-87.43,44.642340,18012.207031,20000308_072801
304,KGRB20000309_121926,5,0.184,25.87,444.535522,22.464405,-89.82,43.835137,11232.202530,20000309_061926
304,KGRB20000309_122516,11,0.421,27.10,441.962471,30.920068,-89.81,43.846827,15460.034086,20000309_062516
304,KGRB20000309_123105,17,0.169,33.48,438.737034,31.508394,-89.77,43.861925,15754.196935,20000309_063105
302,KGRB20000309_115020,-24,0.228,387.09,257.155884,29.012329,-87.56,44.689788,14506.164551,20000309_055020
302,KGRB20000309_115609,-18,0.213,386.86,257.452193,35.560665,-87.56,44.688462,17780.332356,20000309_055609
320,KGRB20000309_132917,75,0.847,144.10,567.051025,33.235546,-89.07,43.292499,16617.773056,20000309_072917
320,KGRB20000309_133507,81,0.902,151.12,567.875018,34.745331,-89.03,43.289151,17372.665739,20000309_073507
321,KGRB20000309_132917,75,0.357,464.66,157.331909,7.243683,-87.06,45.135477,3621.841431,20000309_072917
321,KGRB20000309_133507,81,0.123,465.34,157.221795,13.753644,-87.06,45.135933,6876.822078,20000309_073507
322,KGRB20000309_132917,75,0.170,296.35,381.746094,11.050385,-88.13,44.130494,5525.192261,20000309_072917
322,KGRB20000309_133507,81,0.162,298.87,383.658648,17.357022,-88.12,44.121890,8678.511026,20000309_073507
303,KGRB20000309_115020,-24,0.105,37.12,438.286896,48.641487,-89.75,43.864279,24320.743561,20000309_055020
305,KGRB20000309_123105,17,0.215,48.03,556.925720,25.002766,-89.66,43.331459,12501.382828,20000309_063105
306,KGRB20000309_123105,17,0.147,592.74,274.852478,7.612213,-86.27,44.596619,3806.106567,20000309_063105
308,KGRB20000309_123654,22,0.223,286.03,377.596497,22.688644,-88.20,44.149136,11344.322205,20000309_063654
308,KGRB20000309_124244,28,0.227,274.01,374.092560,7.100182,-88.27,44.164820,3550.090790,20000309_064244
309,KGRB20000309_123654,22,0.187,241.58,186.095306,48.949715,-88.48,45.010230,24474.857330,20000309_063654
314,KGRB20000309_131150,57,0.168,534.26,514.766968,27.516880,-86.66,43.522602,13758.440018,20000309_071150
315,KGRB20000309_131150,57,0.159,341.91,317.449554,7.249893,-87.85,44.419511,3624.946594,20000309_071150
315,KGRB20000309_131739,63,-1.000,341.91,317.449554,16.789893,-87.85,44.419511,8394.946594,20000309_071739
315,KGRB20000309_132328,69,0.102,336.93,317.801544,7.383194,-87.88,44.417995,3691.596985,20000309_072328
317,KGRB20000309_131739,63,0.308,271.80,373.985962,7.378319,-88.29,44.165279,3689.159393,20000309_071739
318,KGRB20000309_131739,63,0.298,262.06,116.883240,20.062347,-88.35,45.321961,10031.173706,20000309_071739
318,KGRB20000309_132328,69,-1.000,262.06,116.883240,29.602347,-88.35,45.321961,14801.173706,20000309_072328
318,KGRB20000309_132917,75,0.118,260.13,129.505493,19.055264,-88.37,45.265149,9527.631760,20000309_072917
318,KGRB20000309_133507,81,0.483,259.34,135.763702,13.302597,-88.37,45.236982,6651.298523,20000309_073507
324,KGRB20000309_133507,81,0.647,24.39,324.324890,46.547913,-89.84,44.375769,23273.956299,20000309_073507
326,KGRB20000309_133507,81,0.169,294.54,568.008789,34.260056,-88.14,43.292276,17130.027771,20000309_073507
330,KGRB20000310_130409,51,0.342,129.99,304.344421,10.791466,-89.18,44.473784,5395.732880,20000310_070409
330,KGRB20000310_131357,60,0.142,131.41,306.895632,17.972949,-89.17,44.462389,8986.474313,20000310_071357
330,KGRB20000310_132346,70,0.163,135.49,311.307831,10.755051,-89.14,44.442773,5377.525330,20000310_072346
318,KGRB20000310_114543,-28,0.246,128.95,487.472626,41.236900,-89.17,43.649757,20618.450165,20000310_054543
319,KGRB20000310_115531,-18,0.100,269.17,518.219177,40.505131,-88.30,43.516194,20252.565384,20000310_055531
320,KGRB20000310_121508,2,0.176,360.00,357.035889,10.195328,-87.74,44.241069,5097.663879,20000310_061508
321,KGRB20000310_122456,11,0.757,472.24,104.903809,43.150887,-87.01,45.370872,21575.443268,20000310_062456
322,KGRB20000310_123444,21,0.857,314.01,301.823608,10.096542,-88.02,44.490091,5048.271179,20000310_063444
324,KGRB20000310_123444,21,0.153,58.73,67.643188,3.359550,-89.66,45.533421,1679.775238,20000310_063444
326,KGRB20000310_125421,41,0.576,51.43,117.102325,28.526123,-89.70,45.310336,14263.061523,20000310_065421
327,KGRB20000310_125421,41,0.270,105.11,148.933197,40.159264,-89.35,45.171349,20079.631805,20000310_065421
328,KGRB20000310_125421,41,0.169,421.70,329.696045,28.333435,-87.35,44.362155,14166.717529,20000310_065421
329,KGRB20000310_125421,41,0.105,541.75,203.190765,22.599884,-86.58,44.923700,11299.942017,20000310_065421
331,KGRB20000310_130409,51,0.172,385.84,274.475769,14.341232,-87.57,44.611898,7170.616150,20000310_070409
332,KGRB20000310_130409,51,0.113,533.29,526.445923,22.447723,-86.67,43.470130,11223.861694,20000310_070409
333,KGRB20000310_131357,60,0.246,91.25,88.553772,38.714592,-89.45,45.441959,19357.295990,20000310_071357
334,KGRB20000310_131357,60,0.145,322.86,414.091675,6.642502,-87.97,43.984855,3321.250916,20000310_071357
339,KGRB20000311_121747,6,0.186,302.57,397.171783,10.815742,-88.10,44.061082,5407.871246,20000311_061747
339,KGRB20000311_122738,16,0.573,302.61,407.298835,20.170436,-88.09,44.015511,10085.218162,20000311_062738
339,KGRB20000311_123727,26,0.859,297.80,413.566526,19.301653,-88.12,43.987307,9650.826391,20000311_063727
339,KGRB20000311_124717,36,0.613,298.91,412.345884,17.532452,-88.12,43.992800,8766.225897,20000311_064717
339,KGRB20000311_125707,46,-1.000,299.71,411.564581,15.875491,-88.11,43.996316,7937.745455,20000311_065707
339,KGRB20000311_130656,55,0.157,300.54,412.939366,21.276855,-88.11,43.990130,10638.427390,20000311_070656
339,KGRB20000311_131646,65,-1.000,301.41,413.394533,23.721288,-88.10,43.988081,11860.643895,20000311_071646
339,KGRB20000311_132636,75,0.235,301.80,402.152832,14.998924,-88.10,44.038668,7499.462128,20000311_072636
339,KGRB20000311_133626,85,0.210,298.56,409.073056,24.341068,-88.12,44.007528,12170.533886,20000311_073626
337,KGRB20000311_121747,6,0.332,375.42,322.625763,24.753616,-87.64,44.395541,12376.808167,20000311_061747
337,KGRB20000311_122738,16,0.413,385.81,323.812313,35.844130,-87.57,44.389913,17922.065119,20000311_062738
333,KGRB20000311_114708,-24,0.172,400.57,328.255096,40.755245,-87.48,44.369448,20377.622604,20000311_054708
335,KGRB20000311_115659,-15,0.551,301.58,411.333252,17.368156,-88.10,43.997357,8684.078217,20000311_055659
341,KGRB20000311_122738,16,0.122,383.69,222.680847,6.629898,-87.58,44.845000,3314.949036,20000311_062738
344,KGRB20000311_122738,16,0.105,180.29,140.557861,6.767738,-88.87,45.213184,3383.869171,20000311_062738
345,KGRB20000311_125707,46,0.216,297.79,206.963440,35.885651,-88.13,44.916937,17942.825317,20000311_065707
347,KGRB20000311_130656,55,0.215,379.23,255.228363,6.731735,-87.61,44.698688,3365.867615,20000311_070656
341,KGRB20000312_114627,-23,0.610,294.34,375.840027,7.487457,-88.15,44.157068,3743.728638,20000312_054627
341,KGRB20000312_115617,-13,0.380,293.97,378.451416,16.014747,-88.15,44.145316,8007.373416,20000312_055617
341,KGRB20000312_120607,-3,0.399,292.37,405.602258,28.148070,-88.16,44.023136,14074.034863,20000312_060607
343,KGRB20000312_114627,-23,0.351,380.97,304.923645,10.799561,-87.60,44.475042,5399.780273,20000312_054627
343,KGRB20000312_115617,-13,0.101,377.94,296.028134,23.118461,-87.62,44.515150,11559.230337,20000312_055617
348,KGRB20000312_115617,-13,0.202,316.52,305.069305,10.645569,-88.01,44.475473,5322.784424,20000312_055617
349,KGRB20000312_131452,65,0.106,252.42,190.330963,9.992458,-88.41,44.991375,4996.229172,20000312_071452
367,KGRB20000313_123427,27,0.754,467.85,214.421326,65.245605,-87.05,44.878466,32622.802734,20000313_063427
367,KGRB20000313_124417,37,0.747,475.12,208.594834,70.096095,-87.00,44.904242,35048.047702,20000313_064417
367,KGRB20000313_125407,47,0.854,485.17,205.000028,71.294465,-86.94,44.919782,35647.232288,20000313_065407
367,KGRB20000313_130357,56,0.821,472.25,197.891380,65.746790,-87.02,44.952568,32873.394964,20000313_070357
367,KGRB20000313_131347,66,0.227,474.23,212.498479,62.210007,-87.01,44.886735,31105.003613,20000313_071347
367,KGRB20000313_132337,76,0.272,474.22,210.080659,70.979041,-87.01,44.897613,35489.520579,20000313_072337
367,KGRB20000313_133327,86,0.580,472.94,203.476805,76.060851,-87.02,44.927399,38030.425540,20000313_073327
357,KGRB20000313_115508,-12,0.837,102.67,470.530914,26.664728,-89.34,43.724344,13332.364082,20000313_055508
357,KGRB20000313_120458,-3,0.109,111.19,473.467402,36.531739,-89.28,43.711690,18265.869718,20000313_060458
357,KGRB20000313_121448,7,0.195,97.05,503.195520,64.101203,-89.37,43.576986,32050.601580,20000313_061448
347,KGRB20000313_114518,-22,0.534,195.96,156.892242,57.143036,-88.77,45.140315,28571.517944,20000313_054518
347,KGRB20000313_115508,-12,0.353,206.99,153.011912,62.984909,-88.70,45.158154,31492.454552,20000313_055508
347,KGRB20000313_120458,-3,-1.000,216.36,149.717292,68.754990,-88.64,45.173267,34377.495068,20000313_060458
347,KGRB20000313_121448,7,-1.000,226.78,146.056603,75.166191,-88.58,45.190023,37583.095641,20000313_061448
347,KGRB20000313_122438,17,0.153,197.49,159.940758,77.548078,-88.76,45.126655,38774.038998,20000313_062438
368,KGRB20000313_123427,27,0.439,521.46,456.374481,55.779114,-86.74,43.786320,27889.556885,20000313_063427
368,KGRB20000313_124417,37,0.124,533.38,457.747892,61.748796,-86.66,43.779217,30874.397981,20000313_064417
368,KGRB20000313_125407,47,-1.000,544.63,459.043563,68.280572,-86.59,43.772472,34140.285807,20000313_065407
368,KGRB20000313_130357,56,0.190,528.34,459.455670,68.113030,-86.69,43.771930,34056.514823,20000313_070357
368,KGRB20000313_131347,66,0.442,543.42,441.804810,52.980667,-86.60,43.850131,26490.333557,20000313_071347
371,KGRB20000313_124417,37,0.224,391.02,322.997192,3.277573,-87.54,44.393422,1638.786316,20000313_064417
371,KGRB20000313_125407,47,0.185,400.53,323.204906,10.376001,-87.48,44.392173,5188.000650,20000313_065407
371,KGRB20000313_130357,56,0.439,393.58,318.471597,10.688577,-87.52,44.413703,5344.288581,20000313_070357
345,KGRB20000313_114518,-22,0.962,295.32,374.017517,4.046005,-88.14,44.165270,2023.002625,20000313_054518
345,KGRB20000313_115508,-12,0.196,294.91,374.029256,12.409511,-88.14,44.165217,6204.755356,20000313_055508
360,KGRB20000313_120458,-3,0.122,491.60,472.011261,67.575729,-86.92,43.718062,33787.864685,20000313_060458
360,KGRB20000313_121448,7,0.277,490.26,487.968694,88.489534,-86.93,43.646347,44244.766792,20000313_061448
360,KGRB20000313_122438,17,0.405,512.85,470.030975,70.215103,-86.79,43.725510,35107.551575,20000313_062438
365,KGRB20000313_122438,17,0.288,471.13,288.544495,51.485229,-87.03,44.544802,25742.614746,20000313_062438
365,KGRB20000313_123427,27,0.275,476.01,288.516320,56.617300,-87.00,44.544635,28308.650235,20000313_063427
374,KGRB20000313_125407,47,0.245,350.16,319.370544,15.894196,-87.80,44.410736,7947.097778,20000313_065407
374,KGRB20000313_130357,56,0.120,350.47,318.961953,22.985693,-87.79,44.412569,11492.846442,20000313_070357
349,KGRB20000313_114518,-22,0.370,207.70,296.507416,10.442917,-88.69,44.512571,5221.458435,20000313_054518
352,KGRB20000313_114518,-22,0.204,456.79,579.590271,22.626568,-87.15,43.236024,11313.283920,20000313_054518
353,KGRB20000313_114518,-22,0.169,241.54,302.221344,10.281677,-88.48,44.487744,5140.838623,20000313_054518
355,KGRB20000313_114518,-22,0.121,428.04,435.137512,40.786629,-87.31,43.887440,20393.314362,20000313_054518
356,KGRB20000313_114518,-22,0.106,273.46,374.281708,3.451263,-88.28,44.163964,1725.631714,20000313_054518
358,KGRB20000313_115508,-12,0.287,491.51,246.353943,51.848969,-86.90,44.733328,25924.484253,20000313_055508
359,KGRB20000313_120458,-3,0.184,343.87,320.891846,3.071579,-87.84,44.403993,1535.789490,20000313_060458
361,KGRB20000313_121448,7,0.352,210.80,143.203613,56.669411,-88.68,45.202402,28334.705353,20000313_061448
369,KGRB20000313_124417,37,0.401,246.67,287.660156,19.587753,-88.45,44.553361,9793.876648,20000313_064417
375,KGRB20000313_125407,47,0.109,238.22,134.140625,78.710403,-88.50,45.243903,39355.201721,20000313_065407
375,KGRB20000313_130357,56,0.127,180.97,166.967102,60.248070,-88.87,45.094403,30124.034882,20000313_070357
375,KGRB20000313_131347,66,-1.000,180.97,166.967102,76.148070,-88.87,45.094403,38074.034882,20000313_071347
375,KGRB20000313_132337,76,0.182,174.90,162.990051,63.353363,-88.91,45.112035,31676.681519,20000313_072337
376,KGRB20000313_130357,56,0.690,476.45,323.858795,36.215115,-87.00,44.385602,18107.557297,20000313_070357
379,KGRB20000313_130357,56,0.141,579.96,410.839325,19.756905,-86.37,43.986174,9878.452301,20000313_070357
381,KGRB20000313_131347,66,0.520,300.37,505.428894,11.492798,-88.11,43.573915,5746.398926,20000313_071347
384,KGRB20000313_131347,66,0.328,244.05,199.833374,10.343811,-88.47,44.948471,5171.905518,20000313_071347
387,KGRB20000313_131347,66,0.207,464.55,444.212280,40.596825,-87.09,43.844785,20298.412323,20000313_071347
389,KGRB20000313_131347,66,0.112,391.35,383.092499,14.829330,-87.54,44.123006,7414.665222,20000313_071347
370,KGRB20000314_115315,-12,0.438,293.90,379.819672,12.350296,-88.15,44.139159,6175.148010,20000314_055315
372,KGRB20000314_131144,66,0.121,375.35,264.021362,10.187454,-87.64,44.659230,5093.727112,20000314_071144
372,KGRB20000314_132132,76,0.462,422.35,264.673126,48.227692,-87.34,44.654684,24113.845825,20000314_072132
374,KGRB20000314_132132,76,0.258,86.31,514.346924,14.325233,-89.43,43.526052,7162.616730,20000314_072132
382,KGRB20000315_114558,-19,0.181,295.02,369.862793,3.668472,-88.14,44.183965,1834.236145,20000315_054558
382,KGRB20000315_115147,-13,0.386,295.97,370.805778,10.290429,-88.14,44.179723,5145.214508,20000315_055147
382,KGRB20000315_115736,-7,0.447,296.86,366.060697,11.634308,-88.13,44.201076,5817.154230,20000315_055736
373,KGRB20000315_113420,-30,0.146,47.22,179.838684,37.583775,-89.71,45.027785,18791.887283,20000315_053420
373,KGRB20000315_114008,-24,0.677,57.38,177.272353,41.717881,-89.65,45.040210,20858.940587,20000315_054008
379,KGRB20000315_114558,-19,0.371,241.22,301.164886,7.186729,-88.48,44.492491,3593.364716,20000315_054558
379,KGRB20000315_115147,-13,0.124,241.81,299.499771,14.763850,-88.48,44.499995,7381.924926,20000315_055147
387,KGRB20000315_115736,-7,0.207,406.62,265.107788,35.790756,-87.44,44.653353,17895.378113,20000315_055736
387,KGRB20000315_120325,-1,0.556,407.39,266.433410,42.539156,-87.43,44.647361,21269.577838,20000315_060325
393,KGRB20000315_122643,22,0.311,347.12,51.822144,41.790565,-87.81,45.614517,20895.282745,20000315_062643
393,KGRB20000315_123232,28,0.278,349.98,51.448388,49.017186,-87.79,45.616149,24508.592763,20000315_063232
393,KGRB20000315_123821,34,0.442,379.37,56.256958,43.255836,-87.60,45.593843,21627.918243,20000315_063821
393,KGRB20000315_124410,40,0.474,393.07,56.587952,38.857513,-87.51,45.591935,19428.756714,20000315_064410
397,KGRB20000315_125549,51,0.201,32.77,326.630432,44.208858,-89.79,44.366183,22104.429245,20000315_065549
397,KGRB20000315_130138,57,0.578,33.65,325.699607,49.623307,-89.78,44.370452,24811.653344,20000315_070138
397,KGRB20000315_130727,63,0.147,32.20,367.573853,25.509174,-89.79,44.181949,12754.587173,20000315_070727
374,KGRB20000315_113420,-30,0.120,351.79,311.779877,3.253235,-87.79,44.444862,1626.617432,20000315_053420
385,KGRB20000315_115736,-7,0.421,255.49,72.329529,37.672531,-88.40,45.522304,18836.265564,20000315_055736
385,KGRB20000315_120325,-1,0.553,269.47,102.132416,52.616085,-88.31,45.388413,26308.042526,20000315_060325
391,KGRB20000315_122053,16,0.613,415.75,269.296448,45.051498,-87.38,44.634155,22525.749207,20000315_062053
391,KGRB20000315_122643,22,-1.000,415.75,269.296448,54.591498,-87.38,44.634155,27295.749207,20000315_062643
391,KGRB20000315_123232,28,0.106,410.04,268.138672,36.066757,-87.42,44.639588,18033.378601,20000315_063232
398,KGRB20000315_130138,57,0.316,400.75,265.875183,29.906662,-87.48,44.650112,14953.330994,20000315_070138
400,KGRB20000315_130138,57,0.127,88.15,472.321655,86.009048,-89.43,43.715277,43004.524231,20000315_070138
402,KGRB20000315_131317,69,0.348,269.57,374.725403,10.258545,-88.30,44.161930,5129.272461,20000315_071317
385,KGRB20000316_114931,-13,0.909,296.38,381.333466,12.575577,-88.13,44.132351,6287.788391,20000316_054931
385,KGRB20000316_115920,-3,0.668,290.62,396.319632,24.631035,-88.17,44.064902,12315.517537,20000316_055920
392,KGRB20000316_121900,17,0.112,351.59,310.954285,11.484116,-87.79,44.448580,5742.057800,20000316_061900
392,KGRB20000316_122851,26,0.105,350.97,310.475416,20.712993,-87.79,44.450746,10356.496327,20000316_062851
391,KGRB20000316_115920,-3,0.145,302.76,298.083160,22.860703,-88.09,44.506954,11430.351257,20000316_055920
393,KGRB20000317_121556,15,0.257,350.13,311.376404,11.797394,-87.80,44.446707,5898.696899,20000317_061556
393,KGRB20000317_122544,25,0.754,353.01,311.161497,21.221650,-87.78,44.447622,10610.825177,20000317_062544
393,KGRB20000317_123532,35,0.163,372.96,324.357829,26.690431,-87.65,44.387811,13345.215583,20000317_063532
393,KGRB20000317_124522,45,-1.000,391.58,336.528658,32.490000,-87.54,44.332519,16244.999876,20000317_064522
393,KGRB20000317_125510,55,0.415,365.92,326.497620,16.075455,-87.70,44.378351,8037.727356,20000317_065510
388,KGRB20000317_114626,-14,0.833,294.67,376.100037,11.582207,-88.14,44.155898,5791.103363,20000317_054626
388,KGRB20000317_115616,-4,0.205,293.54,392.051579,27.484800,-88.15,44.084116,13742.400028,20000317_055616
401,KGRB20000317_125510,55,0.208,350.96,311.807434,15.677490,-87.79,44.444753,7838.745117,20000317_065510
401,KGRB20000317_130459,64,-1.000,350.96,311.807434,29.987490,-87.79,44.444753,14993.745117,20000317_070459
401,KGRB20000317_131447,74,0.312,343.27,323.728119,7.089935,-87.84,44.391240,3544.967651,20000317_071447
402,KGRB20000317_125510,55,0.152,333.85,333.211151,11.284382,-87.90,44.348695,5642.190933,20000317_065510
406,KGRB20000317_131447,74,0.152,517.47,295.910522,34.792778,-86.74,44.508546,17396.389008,20000317_071447
395,KGRB20000318_114156,-17,0.281,7.10,404.523468,7.287049,-89.94,44.013317,3643.524647,20000318_054156
395,KGRB20000318_115146,-7,0.639,14.38,393.181494,20.419980,-89.89,44.065060,10209.990167,20000318_055146
395,KGRB20000318_120136,3,-1.000,21.25,382.481518,33.709538,-89.85,44.113859,16854.768960,20000318_060136
395,KGRB20000318_121126,13,0.209,23.62,366.983856,29.382282,-89.84,44.183800,14691.141129,20000318_061126
398,KGRB20000318_115146,-7,0.448,23.05,242.785187,33.046967,-89.86,44.742418,16523.483276,20000318_055146
398,KGRB20000318_120136,3,0.342,33.26,237.387665,43.567186,-89.80,44.767663,21783.592914,20000318_060136
393,KGRB20000318_113206,-26,0.274,33.91,197.759705,37.920288,-89.80,44.945969,18960.144043,20000318_053206
394,KGRB20000318_113206,-26,0.224,376.56,310.321686,12.226868,-87.63,44.450874,6113.433838,20000318_053206
396,KGRB20000318_114156,-17,0.112,295.66,373.055786,10.528351,-88.14,44.169598,5264.175415,20000318_054156
397,KGRB20000318_114156,-17,0.104,139.67,103.600159,52.090630,-89.13,45.377435,26045.314789,20000318_054156
400,KGRB20000318_115146,-7,0.146,254.40,363.092407,7.606819,-88.40,44.214077,3803.409576,20000318_055146
403,KGRB20000318_121126,13,0.173,28.13,288.790497,33.953743,-89.82,44.535966,16976.871490,20000318_061126
404,KGRB20000318_123105,33,0.291,24.23,245.992432,22.038898,-89.85,44.728106,11019.449234,20000318_063105
405,KGRB20000318_124055,42,0.134,61.06,98.126221,14.395364,-89.64,45.396515,7197.681904,20000318_064055
423,KGRB20000319_121013,14,0.120,204.15,575.679932,24.394810,-88.70,43.256211,12197.404861,20000319_061013
423,KGRB20000319_122003,24,0.221,205.44,575.601124,32.416441,-88.69,43.256607,16208.220450,20000319_062003
423,KGRB20000319_122954,33,0.815,210.75,570.339260,30.312042,-88.66,43.280452,15156.021212,20000319_062954
423,KGRB20000319_123944,43,0.979,217.58,567.339329,34.506594,-88.62,43.294150,17253.296780,20000319_063944
423,KGRB20000319_124934,53,0.943,234.99,559.893709,42.051722,-88.51,43.328090,21025.861079,20000319_064934
423,KGRB20000319_125924,63,0.820,245.60,553.876633,48.662760,-88.45,43.355383,24331.380052,20000319_065924
405,KGRB20000319_113054,-26,0.374,180.62,587.087830,19.842562,-88.85,43.204019,9921.280861,20000319_053054
405,KGRB20000319_114045,-16,0.212,191.23,583.033125,27.332174,-88.78,43.222674,13666.086860,20000319_054045
405,KGRB20000319_115035,-6,0.253,183.66,565.521306,33.918962,-88.83,43.301196,16959.480769,20000319_055035
405,KGRB20000319_120025,4,0.433,186.97,529.463866,36.204124,-88.81,43.463590,18102.062148,20000319_060025
405,KGRB20000319_121013,14,0.562,220.43,516.632131,52.692223,-88.60,43.522426,26346.111603,20000319_061013
403,KGRB20000319_113054,-26,0.933,96.49,149.259277,43.160233,-89.41,45.169279,21580.116272,20000319_053054
403,KGRB20000319_114045,-16,0.890,106.54,148.256456,48.949561,-89.34,45.174491,24474.780400,20000319_054045
403,KGRB20000319_115035,-6,0.784,134.44,164.257616,69.048467,-89.16,45.104269,34524.233742,20000319_055035
403,KGRB20000319_120025,4,0.107,158.04,163.433236,80.527800,-89.01,45.109251,40263.899843,20000319_060025
407,KGRB20000319_113054,-26,0.108,401.93,108.215302,66.404068,-87.46,45.359378,33202.033997,20000319_053054
407,KGRB20000319_114045,-16,0.362,408.57,102.239625,71.742164,-87.42,45.386014,35871.081895,20000319_054045
409,KGRB20000319_113054,-26,0.103,565.79,572.451965,26.279099,-86.47,43.260396,13139.549255,20000319_053054
409,KGRB20000319_114045,-16,0.888,572.54,558.269666,27.219314,-86.43,43.323595,13609.656758,20000319_054045
409,KGRB20000319_115035,-6,0.793,577.92,542.237061,23.799603,-86.40,43.395229,11899.801254,20000319_055035
413,KGRB20000319_114045,-16,0.136,47.22,417.870239,52.227325,-89.69,43.957020,26113.662720,20000319_054045
413,KGRB20000319_115035,-6,0.220,45.76,423.635721,60.025536,-89.69,43.930955,30012.767838,20000319_055035
425,KGRB20000319_122003,24,0.104,480.81,153.445740,57.754570,-86.96,45.151979,28877.285004,20000319_062003
425,KGRB20000319_122954,33,0.367,474.73,147.150145,62.467850,-87.00,45.180679,31233.925240,20000319_062954
425,KGRB20000319_123944,43,-1.000,468.44,140.637461,68.440210,-87.04,45.210356,34220.104796,20000319_063944
425,KGRB20000319_124934,53,0.153,451.99,112.419678,51.819328,-87.14,45.338221,25909.664154,20000319_064934
425,KGRB20000319_125924,63,0.290,478.66,109.353882,38.080925,-86.97,45.350456,19040.462494,20000319_065924
426,KGRB20000319_122954,33,0.609,225.34,408.862915,59.009384,-88.58,44.007520,29504.692078,20000319_062954
426,KGRB20000319_123944,43,0.170,232.07,411.135843,67.559462,-88.53,43.997456,33779.730754,20000319_063944
436,KGRB20000319_124934,53,0.119,524.57,378.906860,34.345566,-86.71,44.134618,17172.782898,20000319_064934
436,KGRB20000319_125924,63,0.257,534.42,371.625122,40.039506,-86.65,44.166602,20019.753125,20000319_065924
429,KGRB20000319_123944,43,0.329,337.63,317.816071,6.839600,-87.87,44.417920,3419.799805,20000319_063944
429,KGRB20000319_124934,53,-1.000,337.63,317.816071,22.739600,-87.87,44.417920,11369.799805,20000319_064934
429,KGRB20000319_125924,63,-1.000,337.63,317.816071,38.639600,-87.87,44.417920,19319.799805,20000319_065924
429,KGRB20000319_130912,73,0.256,317.88,288.752872,52.552222,-88.00,44.548881,26276.111171,20000319_070912
437,KGRB20000319_125924,63,0.618,214.99,97.609802,68.270889,-88.65,45.407647,34135.444641,20000319_065924
437,KGRB20000319_130912,73,0.388,232.37,98.421669,78.141375,-88.54,45.404463,39070.687667,20000319_070912
439,KGRB20000319_130912,73,0.390,137.23,522.148071,47.804691,-89.12,43.494192,23902.345657,20000319_070912
439,KGRB20000319_131900,83,0.762,149.57,515.513808,48.598555,-89.04,43.524700,24299.277671,20000319_071900
404,KGRB20000319_113054,-26,0.486,519.65,553.077209,16.359125,-86.76,43.351345,8179.562569,20000319_053054
406,KGRB20000319_113054,-26,0.145,543.08,294.695404,47.254097,-86.58,44.511970,23627.048492,20000319_053054
408,KGRB20000319_113054,-26,0.106,425.65,481.488373,34.655861,-87.33,43.678972,17327.930450,20000319_053054
411,KGRB20000319_114045,-16,0.238,280.92,452.760315,10.867737,-88.23,43.810872,5433.868408,20000319_054045
414,KGRB20000319_114045,-16,0.116,460.25,414.221741,39.132034,-87.11,43.979968,19566.017151,20000319_054045
416,KGRB20000319_115035,-6,0.209,467.42,315.337585,33.053425,-87.06,44.424476,16526.712418,20000319_055035
416,KGRB20000319_120025,4,0.195,483.75,292.671570,26.521637,-86.96,44.525459,13260.818481,20000319_060025
418,KGRB20000319_115035,-6,0.140,332.36,572.573303,28.941868,-87.91,43.271562,14470.933914,20000319_055035
419,KGRB20000319_120025,4,0.443,582.42,515.835693,18.857605,-86.36,43.513583,9428.802490,20000319_060025
421,KGRB20000319_121013,14,0.447,121.64,507.678833,11.013475,-89.21,43.558401,5506.737709,20000319_061013
427,KGRB20000319_123944,43,0.418,471.86,416.471619,9.973312,-87.04,43.969186,4986.656189,20000319_063944
430,KGRB20000319_123944,43,0.103,94.34,568.392456,40.129810,-89.38,43.283433,20064.905167,20000319_063944
432,KGRB20000319_124934,53,0.645,524.47,457.219482,58.501419,-86.72,43.782290,29250.709534,20000319_064934
433,KGRB20000319_124934,53,0.412,183.07,139.225708,68.542404,-88.86,45.219292,34271.202087,20000319_064934
441,KGRB20000319_130912,73,0.128,434.12,173.878662,25.667313,-87.26,45.062639,12833.656311,20000319_070912
441,KGRB20000320_124809,54,0.125,550.24,321.612366,44.836414,-86.54,44.390274,22418.207169,20000320_064809
441,KGRB20000320_125759,63,0.103,543.93,322.320970,54.060499,-86.58,44.387624,27030.249525,20000320_065759
441,KGRB20000320_130748,73,-1.000,537.41,323.054010,64.699207,-86.62,44.384868,32349.603687,20000320_070748
441,KGRB20000320_131738,83,0.123,522.32,306.124634,73.808855,-86.71,44.462226,36904.427673,20000320_071738
430,KGRB20000320_112934,-25,0.498,436.77,528.214417,32.664368,-87.27,43.468211,16332.183838,20000320_052934
430,KGRB20000320_113924,-15,0.189,441.82,523.823420,42.248805,-87.23,43.487733,21124.402381,20000320_053924
436,KGRB20000320_115902,5,0.648,125.96,573.350708,30.158302,-89.18,43.263142,15079.151154,20000320_055902
436,KGRB20000320_120851,14,0.726,120.12,570.737937,35.076442,-89.22,43.274552,17538.221159,20000320_060851
429,KGRB20000320_112934,-25,0.615,492.71,351.356201,49.962704,-86.90,44.260853,24981.351852,20000320_052934
431,KGRB20000320_112934,-25,0.124,195.34,588.548340,15.249420,-88.75,43.198001,7624.710083,20000320_052934
432,KGRB20000320_113924,-15,0.239,569.29,568.843628,25.628424,-86.45,43.276316,12814.211845,20000320_053924
433,KGRB20000320_114914,-5,0.213,319.14,309.946198,2.877060,-87.99,44.453513,1438.529968,20000320_054914
433,KGRB20000320_115902,5,-1.000,319.14,309.946198,18.777060,-87.99,44.453513,9388.529968,20000320_055902
433,KGRB20000320_120851,14,0.319,318.66,307.782043,6.686478,-87.99,44.463254,3343.238831,20000320_060851
434,KGRB20000320_114914,-5,0.177,349.28,525.661072,31.708374,-87.81,43.482453,15854.187012,20000320_054914
435,KGRB20000320_114914,-5,0.124,12.79,393.639404,15.704242,-89.90,44.062844,7852.120876,20000320_054914
439,KGRB20000320_123819,44,0.318,512.45,511.996735,25.935890,-86.80,43.536716,12967.945099,20000320_063819
442,KGRB20000320_125759,63,0.335,571.56,505.436890,21.358368,-86.43,43.561386,10679.183960,20000320_065759
444,KGRB20000320_125759,63,0.138,403.30,507.889496,63.555176,-87.47,43.561034,31777.587891,20000320_065759
445,KGRB20000320_130748,73,0.158,452.44,450.813202,48.436134,-87.16,43.815738,24218.067169,20000320_070748
442,KGRB20000321_112547,-28,0.656,151.58,87.305359,15.284363,-89.06,45.451386,7642.181396,20000321_052547
442,KGRB20000321_113535,-18,0.793,151.90,85.670465,18.592228,-89.06,45.458757,9296.113901,20000321_053535
442,KGRB20000321_114524,-8,0.180,175.66,99.271012,38.536959,-88.91,45.398719,19268.479357,20000321_054524
443,KGRB20000321_112547,-28,0.625,320.12,561.929199,25.526638,-87.99,43.319574,12763.319016,20000321_052547
443,KGRB20000321_113535,-18,0.820,325.22,561.885940,27.302792,-87.96,43.319729,13651.396178,20000321_053535
443,KGRB20000321_114524,-8,0.715,332.54,559.834961,22.906441,-87.91,43.328888,11453.220367,20000321_054524
447,KGRB20000321_114524,-8,0.124,319.45,309.548737,6.544449,-87.99,44.455299,3272.224426,20000321_054524
447,KGRB20000321_115512,2,0.111,333.24,308.638666,16.541038,-87.90,44.459269,8270.518955,20000321_055512
449,KGRB20000321_115512,2,0.329,478.26,452.725769,31.871445,-87.00,43.805677,15935.722351,20000321_055512
449,KGRB20000321_120500,12,0.131,483.97,451.046032,38.726492,-86.97,43.812883,19363.245967,20000321_060500
450,KGRB20000321_115512,2,0.112,280.35,156.848389,31.609333,-88.24,45.142345,15804.666519,20000321_055512
447,KGRB20000322_113128,-20,0.201,251.78,360.339539,7.230694,-88.41,44.226422,3615.346909,20000322_053128
448,KGRB20000322_113128,-20,0.195,295.28,371.902039,6.928497,-88.14,44.174789,3464.248657,20000322_053128
449,KGRB20000322_130938,78,0.133,363.94,324.567169,30.087521,-87.71,44.387082,15043.760300,20000322_070938
450,KGRB20000323_112910,-20,0.320,291.46,374.315643,6.636978,-88.16,44.163920,3318.489075,20000323_052910
450,KGRB20000323_113900,-10,0.121,294.39,378.351708,14.545720,-88.15,44.145765,7272.859758,20000323_053900
452,KGRB20000323_112910,-20,0.111,248.95,301.644287,6.313438,-88.43,44.490481,3156.719208,20000323_052910
452,KGRB20000324_113634,-11,0.115,292.69,392.976654,25.079056,-88.16,44.079951,12539.527893,20000324_053634
452,KGRB20000324_114623,-1,-1.000,292.69,392.976654,40.979056,-88.16,44.079951,20489.527893,20000324_054623
452,KGRB20000324_115611,9,0.377,293.36,384.650604,15.412148,-88.15,44.117419,7706.073761,20000324_055611
454,KGRB20000324_123527,48,0.186,249.56,576.880432,27.917059,-88.42,43.251925,13958.529472,20000324_063527
454,KGRB20000326_111406,-29,0.261,374.73,264.507538,3.505981,-87.64,44.657058,1752.990723,20000326_051406
454,KGRB20000326_112355,-20,0.407,369.43,258.609127,16.744385,-87.67,44.683730,8372.192402,20000326_052355
456,KGRB20000326_114333,0,0.220,295.60,409.809906,31.793175,-88.14,44.004209,15896.587372,20000326_054333
466,KGRB20000327_122357,42,0.135,370.25,248.319977,7.972626,-87.67,44.730004,3986.312866,20000327_062357
466,KGRB20000327_122947,48,-1.000,370.25,248.319977,17.512626,-87.67,44.730004,8756.312866,20000327_062947
466,KGRB20000327_123536,54,0.149,379.43,252.099282,21.779913,-87.61,44.712761,10889.956271,20000327_063536
466,KGRB20000327_124125,60,0.188,384.21,256.331694,24.590468,-87.58,44.693582,12295.234135,20000327_064125
466,KGRB20000327_124715,66,0.344,384.25,254.870237,23.939873,-87.58,44.700157,11969.936389,20000327_064715
466,KGRB20000327_125304,72,0.651,405.76,259.715644,36.218601,-87.44,44.677646,18109.300310,20000327_065304
457,KGRB20000327_111955,-22,0.179,256.97,374.323120,19.828640,-88.38,44.163581,9914.319992,20000327_051955
457,KGRB20000327_112545,-16,-1.000,256.97,374.323120,29.368640,-88.38,44.163581,14684.319992,20000327_052545
457,KGRB20000327_113134,-10,0.112,273.72,380.317307,32.840121,-88.28,44.136807,16420.060281,20000327_053134
467,KGRB20000327_122947,48,0.299,267.62,376.812531,6.768272,-88.31,44.152517,3384.136200,20000327_062947
467,KGRB20000327_123536,54,0.108,266.67,376.604298,14.682750,-88.32,44.153443,7341.375078,20000327_063536
471,KGRB20000327_125853,77,0.357,369.62,246.188416,6.987778,-87.67,44.739610,3493.888855,20000327_065853
471,KGRB20000327_130443,83,-1.000,369.62,246.188416,16.527778,-87.67,44.739610,8263.888855,20000327_070443
471,KGRB20000327_131032,89,0.131,375.84,253.817253,21.083067,-87.63,44.705128,10541.533679,20000327_071032
472,KGRB20000327_130443,83,0.220,267.17,375.849609,6.672508,-88.32,44.156845,3336.254120,20000327_070443
472,KGRB20000327_131032,89,0.133,267.77,376.639724,13.195980,-88.31,44.153296,6597.989757,20000327_071032
459,KGRB20000327_113134,-10,0.288,401.28,264.186981,35.744812,-87.47,44.657689,17872.406006,20000327_053134
462,KGRB20000327_114902,8,0.283,344.77,304.540802,16.554520,-87.83,44.477552,8277.259827,20000327_054902
480,KGRB20000328_120911,29,0.516,587.72,404.606140,12.600113,-86.32,44.013461,6300.056458,20000328_060911
480,KGRB20000328_121859,38,0.703,587.59,407.694608,16.862359,-86.32,43.999580,8431.179630,20000328_061859
480,KGRB20000328_122849,48,-1.000,587.46,410.889574,22.368131,-86.32,43.985220,11184.065670,20000328_062849
480,KGRB20000328_123839,58,-1.000,587.33,414.084540,27.873903,-86.32,43.970860,13936.951710,20000328_063839
480,KGRB20000328_124827,68,0.113,548.65,408.044696,36.563418,-86.56,44.001577,18281.708937,20000328_064827
483,KGRB20000328_121859,38,0.309,246.98,175.373077,16.804756,-88.45,45.058576,8402.378082,20000328_061859
483,KGRB20000328_122849,48,-1.000,246.98,175.373077,32.704756,-88.45,45.058576,16352.378082,20000328_062849
483,KGRB20000328_123839,58,0.145,272.31,166.721091,46.743265,-88.29,45.097860,23371.632679,20000328_063839
483,KGRB20000328_124827,68,0.286,276.77,171.530461,47.315253,-88.26,45.076262,23657.626653,20000328_064827
483,KGRB20000328_125816,78,0.130,253.19,134.545715,16.699753,-88.41,45.242367,8349.876404,20000328_065816
464,KGRB20000328_112001,-20,0.531,324.68,139.335815,68.676971,-87.95,45.221095,34338.485718,20000328_052001
464,KGRB20000328_112952,-11,0.114,338.93,136.285026,82.144734,-87.86,45.234661,41072.367179,20000328_052952
464,KGRB20000328_113941,-1,-1.000,353.67,133.129038,97.173455,-87.77,45.248619,48586.727311,20000328_053941
464,KGRB20000328_114932,9,0.529,276.04,160.389832,30.949539,-88.26,45.126379,15474.769592,20000328_054932
464,KGRB20000328_115922,19,0.121,276.70,146.165414,45.337581,-88.26,45.190380,22668.790722,20000328_055922
487,KGRB20000328_123839,58,0.434,302.47,360.500763,18.691341,-88.10,44.226096,9345.670700,20000328_063839
487,KGRB20000328_124827,68,0.520,298.35,362.717590,23.302618,-88.12,44.216121,11651.309142,20000328_064827
492,KGRB20000328_124827,68,0.700,226.27,245.157501,14.874489,-88.58,44.744146,7437.244415,20000328_064827
492,KGRB20000328_125816,78,0.510,222.87,240.854844,28.119326,-88.60,44.763415,14059.663040,20000328_065816
493,KGRB20000328_124827,68,0.111,216.57,130.179535,48.470650,-88.64,45.261170,24235.324860,20000328_064827
493,KGRB20000328_125816,78,-1.000,216.57,130.179535,64.370650,-88.64,45.261170,32185.324860,20000328_065816
493,KGRB20000328_130804,88,0.224,218.17,132.457171,60.288211,-88.63,45.250970,30144.105480,20000328_070804
496,KGRB20000328_125816,78,0.616,102.05,90.291626,26.347481,-89.38,45.434919,13173.740387,20000328_065816
496,KGRB20000328_130804,88,0.302,111.54,109.530669,46.390025,-89.31,45.349027,23195.012704,20000328_070804
497,KGRB20000328_125816,78,0.345,113.37,530.435364,21.713982,-89.26,43.455492,10856.990814,20000328_065816
497,KGRB20000328_130804,88,0.521,94.33,541.224776,41.354991,-89.38,43.405680,20677.495345,20000328_070804
463,KGRB20000328_111012,-30,0.109,136.16,98.093201,40.236649,-89.16,45.402007,20118.324280,20000328_051012
465,KGRB20000328_112001,-20,0.399,248.74,207.342957,29.406654,-88.44,44.914772,14703.327179,20000328_052001
466,KGRB20000328_112001,-20,0.375,288.22,373.055725,6.603409,-88.18,44.169578,3301.704407,20000328_052001
468,KGRB20000328_112001,-20,0.119,358.38,312.587769,11.436203,-87.74,44.441101,5718.101501,20000328_052001
468,KGRB20000328_112952,-11,-1.000,358.38,312.587769,25.746203,-87.74,44.441101,12873.101501,20000328_052952
468,KGRB20000328_113941,-1,0.395,350.63,310.042969,15.624466,-87.79,44.452698,7812.232971,20000328_053941
468,KGRB20000328_114932,9,0.178,351.85,317.600983,7.041229,-87.79,44.418669,3520.614624,20000328_054932
469,KGRB20000328_112001,-20,0.107,276.26,382.776459,11.886475,-88.26,44.125763,5943.237305,20000328_052001
470,KGRB20000328_112952,-11,0.166,39.11,152.697571,11.107746,-89.77,45.149132,5553.873062,20000328_052952
473,KGRB20000328_113941,-1,0.100,78.07,350.717163,35.818356,-89.50,44.261643,17909.177780,20000328_053941
479,KGRB20000328_115922,19,0.101,127.81,560.302002,19.244661,-89.17,43.321969,9622.330666,20000328_055922
482,KGRB20000328_120911,29,0.214,320.01,342.660767,10.452255,-87.99,44.306303,5226.127625,20000328_060911
488,KGRB20000328_123839,58,0.373,341.97,317.564697,7.314545,-87.85,44.418992,3657.272339,20000328_063839
489,KGRB20000328_123839,58,0.372,312.82,480.636963,30.568794,-88.03,43.685457,15284.397125,20000328_063839
501,KGRB20000328_125816,78,0.122,482.29,436.429504,6.145538,-86.98,43.878755,3072.769165,20000328_065816
484,KGRB20000329_112909,-9,0.581,266.09,358.488464,15.667736,-88.32,44.234954,7833.868027,20000329_052909
484,KGRB20000329_113900,1,0.188,268.58,378.237174,29.352648,-88.31,44.146117,14676.324149,20000329_053900
483,KGRB20000329_110931,-29,0.218,334.64,213.710693,7.254120,-87.89,44.886371,3627.059937,20000329_050931
487,KGRB20000329_123754,59,0.368,367.78,246.247101,7.636581,-87.68,44.739390,3818.290710,20000329_063754
487,KGRB20000330_111645,-20,0.305,300.70,373.066467,10.984230,-88.11,44.169553,5492.115021,20000330_051645
487,KGRB20000330_112632,-10,-1.000,300.70,373.066467,26.884230,-88.11,44.169553,13442.115021,20000330_052632
487,KGRB20000330_113622,0,0.365,301.12,397.129217,30.811902,-88.10,44.061274,15405.951193,20000330_053622
487,KGRB20000330_114612,10,0.141,292.67,390.626038,13.299896,-88.16,44.090529,6649.948120,20000330_054612
487,KGRB20000330_115600,20,0.325,293.49,384.870645,18.942793,-88.15,44.116429,9471.396740,20000330_055600
490,KGRB20000330_112632,-10,0.589,299.13,196.012573,39.789703,-88.12,44.966208,19894.851685,20000330_052632
490,KGRB20000330_113622,0,0.343,299.01,194.584956,44.782731,-88.12,44.972631,22391.365310,20000330_053622
486,KGRB20000330_110654,-30,0.160,247.96,364.956177,7.382248,-88.44,44.205583,3691.123962,20000330_050654
488,KGRB20000330_111645,-20,0.117,344.90,181.309723,19.668411,-87.83,45.032006,9834.205627,20000330_051645
492,KGRB20000330_112632,-10,0.141,302.12,296.634308,23.796829,-88.10,44.513473,11898.414612,20000330_052632
493,KGRB20000330_113622,0,0.226,375.33,181.485077,11.870895,-87.63,45.030576,5935.447693,20000330_053622
497,KGRB20000330_120548,29,0.242,345.18,182.684540,16.387054,-87.82,45.025816,8193.527222,20000330_060548
494,KGRB20000331_112341,-11,0.473,208.79,524.260559,6.742245,-88.67,43.487760,3371.122360,20000331_052341
494,KGRB20000331_113330,-1,0.254,205.44,519.802800,13.559350,-88.70,43.507715,6779.674988,20000331_053330
494,KGRB20000331_114318,9,0.297,199.88,521.985840,10.948544,-88.73,43.497708,5474.271774,20000331_054318
493,KGRB20000331_111353,-21,0.311,178.52,369.849274,11.710121,-88.87,44.181495,5855.060577,20000331_051353
495,KGRB20000331_112341,-11,0.305,229.96,518.351624,10.925831,-88.54,43.514929,5462.915421,20000331_052341
497,KGRB20000331_113330,-1,0.425,311.07,443.071655,56.984932,-88.04,43.854513,28492.465973,20000331_053330
499,KGRB20000331_121243,38,0.307,212.22,298.968109,7.807655,-88.66,44.501640,3903.827667,20000331_061243
500,KGRB20000331_121243,38,0.182,428.49,389.927063,11.962250,-87.31,44.090853,5981.124878,20000331_061243
501,KGRB20000331_122233,48,0.115,126.04,407.618958,3.248413,-89.20,44.008893,1624.206543,20000331_062233
502,KGRB20000331_122233,48,0.108,359.24,229.924133,34.902359,-87.74,44.813020,17451.179504,20000331_062233
503,KGRB20000331_124212,68,0.266,145.01,380.668579,6.083237,-89.08,44.131223,3041.618347,20000331_064212
505,KGRB20000331_124212,68,0.101,118.39,415.399841,3.018238,-89.24,43.973419,1509.119034,20000331_064212
