track_id,filename,from_sunrise,det_score,x,y,r,lon,lat,radius,local_time
1,KDLH20151002_115640_V06,-12,0.457,271.14,359.110657,3.158737,-92.40,46.570916,1579.368591,20151002_065640
2,KDLH20151002_132340_V06,75,0.249,355.84,237.030731,7.426727,-91.84,47.119562,3713.363647,20151002_082340
3,KDLH20151004_121002_V06,-1,0.788,306.47,303.562042,7.784103,-92.17,46.820911,3892.051697,20151004_071002
5,KDLH20151005_114450_V06,-28,0.343,68.52,428.540131,8.004368,-93.71,46.248858,4002.183914,20151005_064450
10,KDLH20151005_123519_V06,23,0.134,510.78,476.999207,6.509457,-90.85,46.032613,3254.728317,20151005_073519
11,KDLH20151005_124459_V06,32,0.111,86.99,88.273041,10.847130,-93.63,47.780437,5423.564911,20151005_074459
31,KDLH20151006_130100_V06,48,0.729,468.84,196.337738,19.606613,-91.09,47.297755,9803.306580,20151006_080100
31,KDLH20151006_131039_V06,57,0.978,485.18,192.247239,25.066632,-90.99,47.315051,12533.316211,20151006_081039
31,KDLH20151006_132019_V06,67,0.373,492.23,199.744230,42.374858,-90.94,47.280835,21187.428832,20151006_082019
11,KDLH20151006_115107_V06,-22,0.129,360.93,178.960175,6.624878,-91.81,47.380610,3312.438965,20151006_065107
11,KDLH20151006_120047_V06,-13,-1.000,360.93,178.960175,20.934878,-91.81,47.380610,10467.438965,20151006_070047
11,KDLH20151006_121026_V06,-3,-1.000,360.93,178.960175,36.834878,-91.81,47.380610,18417.438965,20151006_071026
11,KDLH20151006_122006_V06,7,0.594,354.82,207.841372,38.915628,-91.85,47.250858,19457.814242,20151006_072006
18,KDLH20151006_122006_V06,7,0.118,85.91,420.973694,12.110302,-93.60,46.284320,6055.150986,20151006_072006
18,KDLH20151006_123201_V06,19,0.100,88.04,428.286969,24.748217,-93.58,46.251598,12374.108385,20151006_073201
18,KDLH20151006_124140_V06,28,-1.000,89.57,433.552527,34.419915,-93.57,46.228037,17209.957713,20151006_074140
18,KDLH20151006_125120_V06,38,0.121,89.46,433.433960,25.575008,-93.57,46.228561,12787.504196,20151006_075120
18,KDLH20151006_130100_V06,48,0.101,90.26,436.595800,34.815099,-93.57,46.214404,17407.549292,20151006_080100
21,KDLH20151006_123201_V06,19,0.451,335.64,557.284302,24.925777,-91.98,45.679400,12462.888718,20151006_073201
21,KDLH20151006_124140_V06,28,0.448,345.87,554.404304,37.509851,-91.92,45.692204,18754.925525,20151006_074140
29,KDLH20151006_125120_V06,38,0.271,356.86,325.273285,35.639923,-91.84,46.722662,17819.961548,20151006_075120
29,KDLH20151006_130100_V06,48,0.151,359.03,321.122770,44.168479,-91.82,46.741283,22084.239561,20151006_080100
40,KDLH20151006_132019_V06,67,0.260,440.30,233.495056,11.352768,-91.29,47.132332,5676.383972,20151006_082019
40,KDLH20151006_132959_V06,76,0.119,442.86,242.097986,24.817202,-91.27,47.093507,12408.601132,20151006_082959
7,KDLH20151006_115107_V06,-22,0.545,243.28,554.033997,28.616119,-92.57,45.693666,14308.059692,20151006_065107
7,KDLH20151006_120047_V06,-13,0.368,268.20,553.929321,24.520044,-92.41,45.694540,12260.022163,20151006_070047
10,KDLH20151006_115107_V06,-22,0.164,317.24,201.464264,20.274963,-92.10,47.280052,10137.481689,20151006_065107
13,KDLH20151006_120047_V06,-13,0.150,243.77,402.928741,59.019165,-92.58,46.373391,29509.582520,20151006_070047
14,KDLH20151006_120047_V06,-13,0.144,508.35,173.019226,15.892914,-90.83,47.399777,7946.456909,20151006_070047
15,KDLH20151006_120047_V06,-13,0.122,492.94,466.865417,39.959839,-90.96,46.079517,19979.919434,20151006_070047
25,KDLH20151006_124140_V06,28,0.157,218.89,273.634796,65.999557,-92.74,46.954284,32999.778748,20151006_074140
26,KDLH20151006_124140_V06,28,0.152,345.71,493.186646,38.194958,-91.91,45.967592,19097.478867,20151006_074140
32,KDLH20151006_130100_V06,48,0.393,544.14,364.810455,30.308014,-90.62,46.534328,15154.006958,20151006_080100
35,KDLH20151006_131039_V06,57,0.289,406.46,508.758667,52.640694,-91.52,45.895846,26320.346832,20151006_081039
42,KDLH20151006_132019_V06,67,0.164,354.91,424.197845,54.887993,-91.85,46.277748,27443.996429,20151006_082019
23,KDLH20151007_133318_V06,78,0.134,467.96,228.595612,81.048843,-91.10,47.152753,40524.421692,20151007_083318
24,KDLH20151007_133318_V06,78,0.121,316.87,198.334900,56.024384,-92.10,47.294128,28012.191772,20151007_083318
26,KDLH20151009_130008_V06,42,0.702,304.96,305.012482,15.406586,-92.18,46.814391,7703.292847,20151009_080008
26,KDLH20151009_130947_V06,51,0.126,301.84,302.445184,26.165811,-92.20,46.825942,13082.905445,20151009_080947
25,KDLH20151009_124047_V06,22,0.112,297.20,319.012024,3.154694,-92.23,46.751427,1577.346802,20151009_074047
28,KDLH20151009_132908_V06,71,0.788,251.90,324.225067,7.364159,-92.52,46.727549,3682.079315,20151009_082908
29,KDLH20151011_120400_V06,-16,0.329,238.20,135.198059,3.133209,-92.62,47.577394,1566.604614,20151011_070400
30,KDLH20151011_121340_V06,-7,0.258,365.39,389.375519,7.438522,-91.78,46.434146,3719.261169,20151011_071340
32,KDLH20151011_122318_V06,3,0.203,449.39,345.433594,14.333595,-91.23,46.628422,7166.797638,20151011_072318
34,KDLH20151011_123258_V06,12,0.269,195.25,501.242432,6.335117,-92.88,45.929723,3167.558670,20151011_073258
35,KDLH20151011_130157_V06,41,0.125,446.43,350.893829,15.208187,-91.25,46.604028,7604.093552,20151011_080157
39,KDLH20151012_122949_V06,7,0.553,425.45,331.782440,54.889816,-91.39,46.691047,27444.908142,20151012_072949
39,KDLH20151012_123928_V06,17,0.285,438.43,332.455288,64.139601,-91.30,46.687380,32069.800267,20151012_073928
39,KDLH20151012_124908_V06,27,0.255,408.33,276.531586,40.315521,-91.50,46.940285,20157.760620,20151012_074908
73,KDLH20151012_133737_V06,75,0.224,143.63,384.679901,16.586502,-93.23,46.451515,8293.251038,20151012_083737
73,KDLH20151012_134716_V06,85,0.434,163.06,389.367187,21.251112,-93.10,46.431493,10625.556067,20151012_084716
35,KDLH20151012_121029_V06,-12,0.198,26.45,110.269623,10.040459,-94.03,47.675898,5020.229340,20151012_071029
37,KDLH20151012_122009_V06,-2,0.105,272.36,359.368500,2.878944,-92.39,46.569769,1439.472198,20151012_072009
43,KDLH20151012_124908_V06,27,0.672,222.83,480.740814,70.741806,-92.71,46.022866,35370.903015,20151012_074908
47,KDLH20151012_124908_V06,27,0.128,265.77,292.823669,6.927246,-92.43,46.868997,3463.623047,20151012_074908
58,KDLH20151012_131320_V06,51,0.275,274.58,9.899536,10.165924,-92.38,48.141454,5082.962036,20151012_081320
61,KDLH20151012_131659_V06,54,0.154,148.63,79.843689,40.549080,-93.22,47.822650,20274.539948,20151012_081659
66,KDLH20151012_132758_V06,65,0.329,146.86,74.126709,28.039515,-93.23,47.848253,14019.757271,20151012_082758
68,KDLH20151012_132758_V06,65,0.205,18.20,142.016296,23.205305,-94.08,47.532306,11602.652550,20151012_082758
69,KDLH20151012_132758_V06,65,0.123,269.97,438.572266,37.783195,-92.40,46.213481,18891.597748,20151012_082758
72,KDLH20151012_133737_V06,75,0.493,182.53,454.530640,32.396347,-92.97,46.139316,16198.173523,20151012_083737
45,KDLH20151013_115420_V06,-29,0.205,372.84,303.609222,15.857681,-91.73,46.819712,7928.840637,20151013_065420
57,KDLH20151015_131312_V06,47,0.690,316.60,323.966278,20.441498,-92.10,46.729094,10220.748901,20151015_081312
57,KDLH20151015_132251_V06,56,0.121,317.04,317.302045,30.137536,-92.10,46.759066,15068.767940,20151015_082251
46,KDLH20151015_120533_V06,-21,0.283,307.84,297.293518,22.902084,-92.16,46.849101,11451.042175,20151015_070533
54,KDLH20151015_124412_V06,18,0.480,339.01,304.370728,20.338470,-91.95,46.816996,10169.235229,20151015_074412
58,KDLH20151015_131312_V06,47,0.278,327.71,304.722900,11.571899,-92.03,46.815554,5785.949707,20151015_081312
61,KDLH20151015_132251_V06,56,0.102,418.49,59.711853,2.734055,-91.42,47.914880,1367.027283,20151015_082251
63,KDLH20151015_134210_V06,76,0.420,277.61,304.447968,11.009323,-92.36,46.816840,5504.661560,20151015_084210
54,KDLH20151016_132854_V06,61,0.269,314.14,343.565125,27.249969,-92.12,46.640956,13624.984741,20151016_082854
54,KDLH20151016_133835_V06,71,0.247,317.11,344.201227,33.788297,-92.10,46.638078,16894.148297,20151016_083835
52,KDLH20151016_125007_V06,23,0.119,331.07,341.472565,43.638630,-92.01,46.650225,21819.314957,20151016_075007
52,KDLH20151016_125949_V06,32,0.191,338.27,330.005066,28.414700,-91.96,46.701710,14207.349777,20151016_075949
55,KDLH20151016_133835_V06,71,0.143,193.81,317.264252,6.679985,-92.90,46.757178,3339.992523,20151016_083835
55,KDLH20151017_122347_V06,-6,0.139,361.20,58.739075,3.293869,-91.80,47.921237,1646.934509,20151017_072347
56,KDLH20151017_123328_V06,4,0.138,377.89,379.537292,6.624496,-91.70,46.478064,3312.248230,20151017_073328
57,KDLH20151017_124310_V06,14,0.153,115.94,395.857025,23.207451,-93.41,46.399495,11603.725433,20151017_074310
59,KDLH20151017_125253_V06,23,0.226,506.21,358.254639,6.112289,-90.86,46.566992,3056.144714,20151017_075253
60,KDLH20151017_130234_V06,33,0.158,366.30,316.788483,26.766006,-91.78,46.760606,13383.003235,20151017_080234
60,KDLH20151018_120707_V06,-23,0.258,368.32,462.427673,11.062683,-91.77,46.105480,5531.341553,20151018_070707
61,KDLH20151018_131459_V06,44,0.159,325.12,309.904053,10.262161,-92.05,46.792276,5131.080627,20151018_081459
62,KDLH20151018_134404_V06,74,0.766,235.85,134.424744,6.928688,-92.64,47.580815,3464.344025,20151018_084404
73,KDLH20151019_134532_V06,73,0.732,21.83,457.319824,27.422039,-94.01,46.115041,13711.019516,20151019_084532
73,KDLH20151019_135511_V06,83,0.536,27.32,464.455793,34.852357,-93.97,46.083510,17426.178468,20151019_085511
63,KDLH20151019_120854_V06,-24,0.496,244.55,207.410461,9.586136,-92.58,47.252783,4793.067932,20151019_070854
74,KDLH20151019_134532_V06,73,0.576,303.18,293.363220,3.287704,-92.19,46.866788,1643.852234,20151019_084532
66,KDLH20151020_124745_V06,14,0.222,296.90,332.799469,5.856598,-92.23,46.689414,2928.298950,20151020_074745
67,KDLH20151020_133603_V06,63,0.191,116.79,372.087524,6.717800,-93.40,46.506452,3358.900070,20151020_083603
68,KDLH20151022_120701_V06,-29,0.366,304.14,307.776703,5.975204,-92.18,46.801959,2987.602234,20151022_070701
68,KDLH20151022_121641_V06,-20,0.125,302.29,305.623895,13.673182,-92.19,46.811644,6836.591138,20151022_071641
70,KDLH20151022_121641_V06,-20,0.118,115.12,370.108154,7.262672,-93.41,46.515239,3631.336212,20151022_071641
71,KDLH20151022_130458_V06,28,0.695,300.34,302.682220,6.868896,-92.21,46.824876,3434.448242,20151022_080458
74,KDLH20151022_133357_V06,57,0.112,295.51,301.373505,3.329193,-92.24,46.830759,1664.596558,20151022_083357
81,KDLH20151023_125208_V06,15,0.125,554.13,367.638885,44.655510,-90.55,46.520683,22327.754974,20151023_075208
74,KDLH20151024_122927_V06,-10,0.471,319.42,311.399841,10.260605,-92.08,46.785596,5130.302429,20151024_072927
74,KDLH20151025_123925_V06,-1,0.640,116.15,369.832458,7.106304,-93.41,46.516551,3553.152084,20151025_073925
75,KDLH20151026_121335_V06,-29,0.707,360.04,273.795593,19.910828,-91.82,46.954120,9955.413818,20151026_071335
77,KDLH20151026_121335_V06,-29,0.200,130.11,411.476166,49.456703,-93.31,46.330179,24728.351593,20151026_071335
77,KDLH20151026_121853_V06,-24,-1.000,130.11,411.476166,57.406703,-93.31,46.330179,28703.351593,20151026_071853
77,KDLH20151026_122410_V06,-18,0.467,134.68,401.123566,33.830193,-93.28,46.377024,16915.096283,20151026_072410
77,KDLH20151026_122928_V06,-13,-1.000,134.68,401.123566,41.780193,-93.28,46.377024,20890.096283,20151026_072928
77,KDLH20151026_123445_V06,-8,0.230,160.72,404.576843,43.267700,-93.11,46.362965,21633.850098,20151026_073445
80,KDLH20151026_121335_V06,-29,0.118,78.87,394.590057,17.041275,-93.65,46.402403,8520.637512,20151026_071335
83,KDLH20151026_122410_V06,-18,0.164,308.57,344.407288,3.116199,-92.15,46.637192,1558.099747,20151026_072410
86,KDLH20151026_124935_V06,7,0.310,80.75,429.694946,20.644085,-93.63,46.244685,10322.042465,20151026_074935
89,KDLH20151026_132038_V06,38,0.107,386.75,285.278687,6.072815,-91.64,46.901738,3036.407471,20151026_082038
86,KDLH20151027_122418_V06,-19,0.175,38.77,490.320251,39.225555,-93.89,45.968323,19612.777710,20151027_072418
86,KDLH20151027_122940_V06,-14,0.451,40.10,488.196297,44.948470,-93.89,45.978002,22474.234825,20151027_072940
84,KDLH20151027_121924_V06,-24,0.289,377.31,98.582947,16.491829,-91.69,47.741637,8245.914459,20151027_071924
85,KDLH20151027_122418_V06,-19,0.292,23.40,333.405334,31.398130,-94.02,46.672388,15699.065208,20151027_072418
90,KDLH20151027_123501_V06,-8,0.149,179.46,126.346954,5.997330,-93.01,47.615150,2998.664856,20151027_073501
91,KDLH20151027_123501_V06,-8,0.139,468.35,200.419556,16.086166,-91.10,47.279432,8043.083191,20151027_073501
93,KDLH20151027_123955_V06,-4,0.352,119.68,351.125427,3.206718,-93.39,46.600920,1603.359222,20151027_073955
111,KDLH20151027_131512_V06,32,0.193,516.40,213.529083,6.717407,-90.78,47.216979,3358.703613,20151027_081512
119,KDLH20151027_135432_V06,71,0.158,551.58,426.933319,42.890823,-90.58,46.254287,21445.411682,20151027_085432
122,KDLH20151027_135926_V06,76,0.113,496.34,408.531677,2.899544,-90.93,46.341626,1449.771881,20151027_085926
93,KDLH20151029_121734_V06,-29,0.356,525.98,480.937195,77.269310,-90.75,46.013680,38634.654999,20151029_071734
93,KDLH20151029_122323_V06,-23,-1.000,525.98,480.937195,86.809310,-90.75,46.013680,43404.654999,20151029_072323
93,KDLH20151029_122912_V06,-17,0.364,517.82,490.808973,83.637154,-90.80,45.969948,41818.576995,20151029_072912
93,KDLH20151029_123501_V06,-11,-1.000,511.68,498.234907,83.614577,-90.84,45.937034,41807.288466,20151029_073501
93,KDLH20151029_124050_V06,-6,0.379,525.67,488.233228,78.872889,-90.75,45.980893,39436.444515,20151029_074050
93,KDLH20151029_124607_V06,0,0.347,526.29,486.440139,78.030794,-90.75,45.988906,39015.396923,20151029_074607
93,KDLH20151029_125124_V06,5,-1.000,527.56,485.006898,76.967648,-90.74,45.995245,38483.824133,20151029_075124
93,KDLH20151029_125642_V06,10,0.637,532.19,476.597133,70.177649,-90.71,46.032674,35088.824295,20151029_075642
93,KDLH20151029_130231_V06,16,-1.000,535.71,470.746045,65.510676,-90.69,46.058685,32755.338099,20151029_080231
93,KDLH20151029_130820_V06,22,0.620,547.86,450.163544,49.784264,-90.61,46.150165,24892.131805,20151029_080820
93,KDLH20151029_131359_V06,27,0.772,547.32,454.504451,54.500367,-90.61,46.130692,27250.183749,20151029_081359
93,KDLH20151029_131907_V06,33,-1.000,546.80,458.705329,60.910791,-90.61,46.111848,30455.395306,20151029_081907
93,KDLH20151029_132447_V06,38,0.128,489.92,489.983093,97.019577,-90.98,45.975754,48509.788513,20151029_082447
93,KDLH20151029_133030_V06,44,0.215,495.65,482.719927,102.898168,-90.95,46.008015,51449.083912,20151029_083030
93,KDLH20151029_133619_V06,50,0.149,517.37,470.354736,78.338280,-90.81,46.061976,39169.139862,20151029_083619
111,KDLH20151029_130231_V06,16,0.184,219.41,188.570892,30.476097,-92.74,47.336861,15238.048553,20151029_080231
111,KDLH20151029_130820_V06,22,0.237,222.97,190.837845,38.939356,-92.72,47.326772,19469.678211,20151029_080820
117,KDLH20151029_130820_V06,22,0.164,180.87,530.708801,43.478226,-92.98,45.796585,21739.112854,20151029_080820
117,KDLH20151029_131359_V06,27,0.467,179.20,536.261493,47.741793,-92.99,45.771534,23870.896442,20151029_081359
117,KDLH20151029_131907_V06,33,0.380,162.63,555.589661,29.653603,-93.09,45.683809,14826.801300,20151029_081907
148,KDLH20151029_140827_V06,82,0.160,150.71,414.356567,14.934082,-93.18,46.318443,7467.041016,20151029_090827
148,KDLH20151029_141314_V06,87,0.216,149.14,416.970540,22.661409,-93.19,46.306599,11330.704469,20151029_091314
92,KDLH20151029_121734_V06,-29,0.507,373.03,503.519775,93.898933,-91.74,45.920514,46949.466705,20151029_071734
112,KDLH20151029_130231_V06,16,0.119,82.78,487.576660,12.350998,-93.61,45.984533,6175.498962,20151029_080231
129,KDLH20151029_133619_V06,50,0.156,124.95,491.432709,24.252571,-93.34,45.970232,12126.285553,20151029_083619
139,KDLH20151029_135242_V06,66,0.159,182.70,519.610291,15.769093,-92.96,45.846588,7884.546280,20151029_085242
141,KDLH20151029_135242_V06,66,0.132,236.62,101.429688,26.641098,-92.63,47.729212,13320.549011,20151029_085242
144,KDLH20151029_140316_V06,77,0.216,207.51,145.869110,48.317192,-92.82,47.528502,24158.596039,20151029_090316
113,KDLH20151030_125730_V06,10,0.271,469.70,103.959351,23.191856,-91.08,47.713087,11595.928192,20151030_075730
120,KDLH20151031_133143_V06,42,0.134,142.97,317.940033,10.340500,-93.24,46.751633,5170.249939,20151031_083143
103,KDLH20151101_123903_V06,-11,0.190,546.58,340.210754,29.599873,-90.60,46.644722,14799.936295,20151101_063903
104,KDLH20151101_123903_V06,-11,0.181,418.65,94.760193,7.241806,-91.42,47.757274,3620.903015,20151101_063903
109,KDLH20151101_124844_V06,-2,0.217,294.80,412.848053,18.477661,-92.24,46.329354,9238.830566,20151101_064844
113,KDLH20151101_130809_V06,18,0.160,362.36,412.889313,6.296761,-91.80,46.328453,3148.380280,20151101_070809
114,KDLH20151101_130809_V06,18,0.120,306.39,433.101501,12.501991,-92.17,46.238249,6250.995636,20151101_070809
112,KDLH20151102_125050_V06,-2,0.279,220.51,464.591797,7.816977,-92.72,46.095440,3908.488274,20151102_065050
112,KDLH20151102_130032_V06,8,0.183,230.23,480.768405,14.531709,-92.66,46.022942,7265.854319,20151102_070032
122,KDLH20151102_131956_V06,27,0.161,353.34,440.402588,3.090172,-91.86,46.204889,1545.085907,20151102_071956
122,KDLH20151102_132937_V06,37,0.147,352.52,438.609132,14.350507,-91.87,46.212972,7175.253510,20151102_072937
133,KDLH20151102_140824_V06,76,0.336,13.09,536.096375,17.234184,-94.05,45.759886,8617.092133,20151102_080824
133,KDLH20151102_141807_V06,86,0.157,20.89,531.847575,32.034338,-94.00,45.779800,16017.168927,20151102_081807
108,KDLH20151102_123126_V06,-21,0.116,373.50,525.568176,7.099655,-91.74,45.821319,3549.827576,20151102_063126
109,KDLH20151102_123126_V06,-21,0.116,30.37,515.260315,32.868683,-93.95,45.855348,16434.341431,20151102_063126
111,KDLH20151102_125050_V06,-2,0.424,216.54,528.850037,19.524940,-92.75,45.806270,9762.470245,20151102_065050
115,KDLH20151102_125050_V06,-2,0.102,385.22,454.394684,6.926064,-91.66,46.141134,3463.031769,20151102_065050
116,KDLH20151102_130032_V06,8,0.219,392.35,286.325073,10.830276,-91.60,46.896843,5415.138245,20151102_070032
117,KDLH20151102_130032_V06,8,0.180,471.58,341.494446,6.454266,-91.09,46.644808,3227.132797,20151102_070032
119,KDLH20151102_131013_V06,18,0.136,444.13,297.344910,11.786743,-91.26,46.844983,5893.371582,20151102_071013
124,KDLH20151102_132937_V06,37,0.109,368.60,292.302429,7.690598,-91.76,46.870678,3845.298767,20151102_072937
125,KDLH20151102_133919_V06,47,0.134,370.26,426.976929,12.424522,-91.75,46.264892,6212.261200,20151102_073919
128,KDLH20151102_134901_V06,57,0.142,192.66,155.605530,6.320305,-92.92,47.484152,3160.152435,20151102_074901
130,KDLH20151102_135842_V06,66,0.184,238.88,135.265259,3.445961,-92.62,47.577108,1722.980499,20151102_075842
131,KDLH20151102_135842_V06,66,0.132,390.96,421.622437,10.807274,-91.62,46.288359,5403.636932,20151102_075842
129,KDLH20151103_125250_V06,-1,0.294,46.55,175.599792,22.584522,-93.89,47.384214,11292.261124,20151103_065250
129,KDLH20151103_130232_V06,9,0.713,42.26,178.402884,24.941557,-93.92,47.371194,12470.778325,20151103_070232
130,KDLH20151103_130232_V06,9,0.192,422.19,302.384033,10.445450,-91.41,46.823416,5222.724915,20151103_070232
130,KDLH20151103_131214_V06,19,0.239,421.06,299.573582,17.617073,-91.42,46.836108,8808.536416,20151103_071214
138,KDLH20151103_133137_V06,38,0.480,363.38,306.237183,38.100372,-91.79,46.808134,19050.186157,20151103_073137
138,KDLH20151103_134119_V06,48,0.625,366.57,307.827594,46.420236,-91.77,46.800903,23210.118214,20151103_074119
122,KDLH20151103_123327_V06,-20,0.580,49.73,151.023956,11.870846,-93.87,47.495010,5935.422897,20151103_063327
123,KDLH20151103_123327_V06,-20,0.406,421.12,296.022369,11.184875,-91.42,46.852076,5592.437744,20151103_063327
125,KDLH20151103_123327_V06,-20,0.168,19.17,117.503693,6.388109,-94.08,47.642606,3194.054604,20151103_063327
128,KDLH20151103_124308_V06,-10,0.135,20.91,293.593475,21.169720,-94.04,46.851131,10584.859848,20151103_064308
133,KDLH20151103_131214_V06,19,0.337,237.92,135.423462,6.946762,-92.62,47.576373,3473.381042,20151103_071214
135,KDLH20151103_131214_V06,19,0.138,28.57,384.064941,39.147545,-93.98,46.445129,19573.772430,20151103_071214
136,KDLH20151103_131214_V06,19,0.108,203.25,255.983154,7.467880,-92.85,47.033147,3733.940125,20151103_071214
137,KDLH20151103_132156_V06,28,0.124,369.67,317.615753,43.026424,-91.75,46.756800,21513.212204,20151103_072156
139,KDLH20151103_134119_V06,48,0.137,236.22,135.431091,6.859581,-92.63,47.576298,3429.790497,20151103_074119
140,KDLH20151103_135102_V06,58,0.110,15.01,417.898651,3.364748,-94.06,46.291594,1682.373881,20151103_075102
136,KDLH20151104_123618_V06,-19,0.112,169.92,405.885223,6.995369,-93.05,46.357539,3497.684479,20151104_063618
137,KDLH20151105_123550_V06,-21,0.129,91.63,79.259949,43.592129,-93.60,47.821335,21796.064377,20151105_063550
138,KDLH20151106_123046_V06,-28,0.183,401.19,182.284149,7.541473,-91.54,47.364421,3770.736694,20151106_063046
139,KDLH20151106_123046_V06,-28,0.119,368.32,88.858826,10.707024,-91.75,47.785617,5353.511810,20151106_063046
144,KDLH20151106_125948_V06,1,0.299,309.96,425.995605,12.167839,-92.15,46.270202,6083.919525,20151106_065948
146,KDLH20151106_125948_V06,1,0.167,218.60,450.099670,6.246742,-92.74,46.160571,3123.371124,20151106_065948
149,KDLH20151106_125948_V06,1,0.120,304.44,286.805603,6.278152,-92.18,46.896281,3139.076233,20151106_065948
153,KDLH20151106_130930_V06,11,0.254,400.82,407.355591,11.305199,-91.55,46.352180,5652.599335,20151106_070930
156,KDLH20151106_130930_V06,11,0.128,205.57,261.865692,6.829491,-92.83,47.006774,3414.745331,20151106_070930
158,KDLH20151106_131912_V06,21,0.214,337.15,436.675720,6.923424,-91.97,46.221924,3461.711884,20151106_071912
171,KDLH20151106_140739_V06,69,0.593,409.35,401.286011,20.432587,-91.50,46.379147,10216.293335,20151106_080739
151,KDLH20151107_141526_V06,76,0.857,490.02,525.835571,32.149567,-90.99,45.814491,16074.783325,20151107_081526
151,KDLH20151107_142507_V06,86,0.466,506.21,528.433892,37.038019,-90.88,45.801630,18519.009742,20151107_082507
149,KDLH20151107_135604_V06,57,0.118,408.63,271.279999,7.208298,-91.50,46.963892,3604.148865,20151107_075604
148,KDLH20151108_124109_V06,-20,0.158,354.63,278.140198,6.937057,-91.85,46.934697,3468.528748,20151108_064109
149,KDLH20151109_140426_V06,62,0.326,313.80,67.483459,2.776642,-92.12,47.882600,1388.320923,20151109_080426
150,KDLH20151111_123626_V06,-29,0.770,358.37,294.050629,10.106949,-91.83,46.863059,5053.474426,20151111_063626
153,KDLH20151111_131514_V06,10,0.192,366.13,226.607605,14.167236,-91.77,47.166201,7083.618164,20151111_071514
155,KDLH20151111_131514_V06,10,0.118,446.16,279.371277,3.089233,-91.25,46.925704,1544.616699,20151111_071514
153,KDLH20151112_124221_V06,-25,0.431,401.69,229.566864,39.717789,-91.54,47.151764,19858.894348,20151112_064221
162,KDLH20151112_130500_V06,-2,0.159,367.63,509.216797,60.833672,-91.77,45.895026,30416.835785,20151112_070500
163,KDLH20151112_131040_V06,3,0.390,482.78,509.704803,62.101295,-91.03,45.887540,31050.647736,20151112_071040
172,KDLH20151112_133336_V06,26,0.185,226.53,493.509735,31.926649,-92.68,45.965530,15963.324547,20151112_073336
175,KDLH20151112_134515_V06,38,0.102,266.59,410.553955,33.149017,-92.43,46.339472,16574.508667,20151112_074515
183,KDLH20151113_131803_V06,10,0.110,374.60,293.638550,7.062485,-91.72,46.864507,3531.242371,20151113_071803
183,KDLH20151113_132745_V06,19,-1.000,374.60,293.638550,21.372485,-91.72,46.864507,10686.242371,20151113_072745
183,KDLH20151113_133728_V06,29,0.948,350.93,300.518860,27.702236,-91.88,46.834120,13851.117798,20151113_073728
192,KDLH20151113_134710_V06,39,0.570,198.86,187.033234,14.712753,-92.88,47.343066,7356.376648,20151113_074710
192,KDLH20151113_135651_V06,48,0.172,204.23,192.244185,24.065752,-92.84,47.319833,12032.875810,20151113_075651
159,KDLH20151113_123916_V06,-29,0.701,313.38,488.055939,10.887035,-92.12,45.991023,5443.517685,20151113_063916
163,KDLH20151113_123916_V06,-29,0.171,213.09,431.751160,11.461845,-92.77,46.242933,5730.922699,20151113_063916
167,KDLH20151113_123916_V06,-29,0.111,306.55,451.484192,11.356522,-92.17,46.155559,5678.260803,20151113_063916
174,KDLH20151113_125839_V06,-10,0.229,215.79,495.790710,3.220783,-92.75,45.954959,1610.391617,20151113_065839
177,KDLH20151113_130821_V06,0,0.458,172.94,259.360138,31.110123,-93.05,47.016681,15555.061340,20151113_070821
181,KDLH20151113_130821_V06,0,0.123,372.18,289.830139,11.168716,-91.74,46.881702,5584.358215,20151113_070821
194,KDLH20151113_134710_V06,39,0.106,264.87,452.716187,20.986275,-92.44,46.149797,10493.137360,20151113_074710
199,KDLH20151113_141614_V06,68,0.225,211.57,439.660828,6.252914,-92.78,46.207306,3126.457214,20151113_081614
203,KDLH20151113_142555_V06,77,0.165,341.47,323.454865,27.776428,-91.94,46.731124,13888.214111,20151113_082555
204,KDLH20151113_142555_V06,77,0.160,263.18,431.515869,11.033588,-92.45,46.245138,5516.794205,20151113_082555
171,KDLH20151115_133332_V06,22,0.153,331.39,261.203217,6.540756,-92.00,47.011248,3270.378113,20151115_073332
172,KDLH20151115_134313_V06,32,0.124,214.37,310.653992,3.333046,-92.77,46.787647,1666.522980,20151115_074313
201,KDLH20151116_135832_V06,46,0.236,383.45,467.623627,65.812912,-91.67,46.081684,32906.455994,20151116_075832
201,KDLH20151116_140309_V06,51,0.183,380.57,471.304801,74.961870,-91.69,46.065212,37480.935050,20151116_080309
172,KDLH20151116_124756_V06,-25,0.146,266.41,423.247437,10.703384,-92.43,46.282373,5351.692200,20151116_064756
173,KDLH20151116_124756_V06,-25,0.128,266.69,177.658386,14.136951,-92.43,47.386960,7068.475723,20151116_064756
174,KDLH20151116_125804_V06,-14,0.175,532.68,300.148438,67.018593,-90.68,46.826115,33509.296417,20151116_065804
176,KDLH20151116_130252_V06,-10,0.180,383.44,377.170105,3.052330,-91.67,46.488545,1526.165009,20151116_070252
176,KDLH20151116_130730_V06,-5,0.169,398.35,398.869537,27.756538,-91.57,46.390440,13878.269196,20151116_070730
181,KDLH20151116_132603_V06,14,0.282,115.62,488.758118,10.463310,-93.40,45.981646,5231.655121,20151116_072603
198,KDLH20151116_135354_V06,41,0.319,478.56,483.996124,61.769875,-91.06,46.003452,30884.937286,20151116_075354
200,KDLH20151116_135832_V06,46,0.237,301.59,174.725555,45.735046,-92.20,47.400360,22867.523193,20151116_075832
225,KDLH20151117_134015_V06,26,0.118,27.37,466.964478,30.965679,-93.97,46.072233,15482.839584,20151117_074015
225,KDLH20151117_134555_V06,31,0.546,29.01,462.774320,35.550413,-93.96,46.091240,17775.206628,20151117_074555
225,KDLH20151117_135138_V06,37,0.191,31.34,449.012575,34.798549,-93.95,46.153357,17399.274582,20151117_075138
181,KDLH20151117_124612_V06,-28,0.294,284.83,148.693329,42.203487,-92.31,47.517389,21101.743698,20151117_064612
181,KDLH20151117_125050_V06,-24,0.292,285.53,146.734621,46.842935,-92.31,47.526202,23421.467296,20151117_065050
181,KDLH20151117_125527_V06,-19,0.541,285.13,189.807220,35.202484,-92.31,47.332492,17601.242065,20151117_065527
181,KDLH20151117_130004_V06,-14,0.580,285.01,185.007203,40.230990,-92.31,47.354078,20115.495188,20151117_070004
188,KDLH20151117_125527_V06,-19,0.311,402.52,116.570251,39.859253,-91.53,47.659883,19929.626465,20151117_065527
188,KDLH20151117_130004_V06,-14,0.150,404.68,113.034571,46.913077,-91.51,47.675696,23456.538350,20151117_070004
188,KDLH20151117_130442_V06,-10,0.206,394.77,99.905426,32.405121,-91.58,47.735114,16202.560425,20151117_070442
182,KDLH20151117_124612_V06,-28,0.248,176.62,187.363464,50.096542,-93.03,47.340633,25048.271179,20151117_064612
182,KDLH20151117_125050_V06,-24,0.107,182.76,158.722076,37.829308,-92.99,47.469713,18914.653778,20151117_065050
182,KDLH20151117_125527_V06,-19,0.146,177.22,150.049194,32.533958,-93.02,47.508460,16266.979218,20151117_065527
184,KDLH20151117_125050_V06,-24,0.199,416.08,123.938568,48.595093,-91.44,47.626182,24297.546387,20151117_065050
198,KDLH20151117_130442_V06,-10,0.357,537.28,252.316162,41.145020,-90.65,47.040787,20572.509766,20151117_070442
198,KDLH20151117_130919_V06,-5,0.173,537.99,232.610443,35.757629,-90.64,47.129327,17878.814697,20151117_070919
207,KDLH20151117_130919_V06,-5,0.103,215.55,137.415771,32.256683,-92.77,47.566788,16128.341675,20151117_070919
209,KDLH20151117_131358_V06,-1,0.135,462.01,492.979523,34.359467,-91.16,45.964083,17179.733276,20151117_071358
213,KDLH20151117_132347_V06,9,0.227,214.58,96.246216,20.668777,-92.78,47.751892,10334.388733,20151117_072347
217,KDLH20151117_132855_V06,14,0.755,249.24,123.880432,32.859383,-92.55,47.628527,16429.691315,20151117_072855
218,KDLH20151117_132855_V06,14,0.615,487.87,462.571075,38.793671,-90.99,46.099186,19396.835327,20151117_072855
218,KDLH20151117_133435_V06,20,0.181,482.62,443.072998,29.116056,-91.03,46.187240,14558.028221,20151117_073435
221,KDLH20151117_132855_V06,14,0.156,248.05,245.122345,10.409454,-92.55,47.083249,5204.727173,20151117_072855
236,KDLH20151117_141440_V06,60,0.223,25.64,336.572876,35.565590,-94.00,46.658377,17782.794952,20151117_081440
236,KDLH20151117_142025_V06,66,0.155,22.44,307.966705,25.721863,-94.03,46.786667,12860.931396,20151117_082025
242,KDLH20151117_143156_V06,77,0.223,139.92,171.501373,76.314796,-93.27,47.409985,38157.398224,20151117_083156
200,KDLH20151118_131855_V06,3,0.221,342.90,551.217651,15.295069,-91.93,45.706587,7647.534370,20151118_071855
211,KDLH20151118_140955_V06,54,0.890,250.75,409.293457,13.470718,-92.53,46.344899,6735.359192,20151118_080955
223,KDLH20151118_142655_V06,71,0.116,548.09,244.319366,22.983566,-90.58,47.075753,11491.783142,20151118_082655
213,KDLH20151119_125648_V06,-21,0.117,282.31,414.002350,7.532959,-92.32,46.324109,3766.479492,20151119_065648
213,KDLH20151119_130629_V06,-11,-1.000,282.31,414.002350,23.432959,-92.32,46.324109,11716.479492,20151119_070629
213,KDLH20151119_131611_V06,-1,0.704,250.17,443.021780,44.760238,-92.53,46.193174,22380.118832,20151119_071611
213,KDLH20151119_132552_V06,8,0.781,263.54,444.113985,46.292107,-92.45,46.188474,23146.053340,20151119_072552
243,KDLH20151119_135457_V06,37,0.494,189.02,470.814758,20.433252,-92.93,46.066343,10216.626167,20151119_075457
243,KDLH20151119_140439_V06,47,0.349,207.79,472.583005,27.112747,-92.81,46.059092,13556.373731,20151119_080439
201,KDLH20151119_124707_V06,-30,0.347,167.67,429.042175,17.017906,-93.07,46.253275,8508.953094,20151119_064707
214,KDLH20151119_130629_V06,-11,0.646,234.84,439.743042,43.661972,-92.63,46.207597,21830.986023,20151119_070629
273,KDLH20151119_143344_V06,76,0.605,374.81,404.279572,6.509018,-91.72,46.366863,3254.508972,20151119_083344
207,KDLH20151120_133339_V06,15,0.120,384.66,228.728760,10.776733,-91.65,47.156133,5388.366699,20151120_073339
210,KDLH20151120_141218_V06,54,0.220,309.52,306.120605,15.977905,-92.15,46.809394,7988.952637,20151120_081218
208,KDLH20151121_132303_V06,4,0.293,369.00,294.748352,41.634186,-91.76,46.859666,20817.092896,20151121_072303
211,KDLH20151121_140150_V06,42,0.280,299.98,290.320984,33.014160,-92.21,46.880473,16507.080078,20151121_080150
207,KDLH20151122_134522_V06,24,0.328,303.87,311.368469,3.162491,-92.18,46.785805,1581.245422,20151122_074522
208,KDLH20151122_134522_V06,24,0.152,287.08,281.144623,3.071838,-92.29,46.921714,1535.919189,20151122_074522
261,KDLH20151123_143529_V06,73,0.116,274.44,500.458801,11.070930,-92.37,45.935143,5535.465240,20151123_083529
261,KDLH20151123_144511_V06,83,0.329,263.43,487.218649,16.773949,-92.45,45.994576,8386.974578,20151123_084511
220,KDLH20151123_130811_V06,-14,0.177,178.80,465.584473,6.492546,-92.99,46.089432,3246.273041,20151123_070811
222,KDLH20151123_130811_V06,-14,0.150,88.64,264.364105,10.459854,-93.60,46.988804,5229.927063,20151123_070811
225,KDLH20151123_131753_V06,-5,0.428,252.16,492.282715,7.343506,-92.52,45.971621,3671.752930,20151123_071753
238,KDLH20151123_133716_V06,15,0.132,150.77,229.613403,11.705894,-93.19,47.149300,5852.947235,20151123_073716
219,KDLH20151124_132047_V06,-4,0.148,182.37,462.118225,6.887184,-92.97,46.105180,3443.592072,20151124_072047
219,KDLH20151124_133029_V06,6,0.202,205.94,467.164307,15.568211,-92.82,46.083403,7784.105534,20151124_073029
213,KDLH20151124_130122_V06,-23,0.164,203.06,479.959656,10.376577,-92.84,46.025746,5188.288689,20151124_070122
214,KDLH20151124_130122_V06,-23,0.144,359.27,297.673645,27.725479,-91.82,46.846744,13862.739563,20151124_070122
215,KDLH20151124_130122_V06,-23,0.135,224.69,492.646301,6.630142,-92.70,45.969364,3315.071106,20151124_070122
216,KDLH20151124_132047_V06,-4,0.327,340.92,487.475769,11.039356,-91.95,45.993358,5519.678116,20151124_072047
217,KDLH20151124_132047_V06,-4,0.217,161.51,463.336609,10.183304,-93.11,46.098715,5091.651917,20151124_072047
220,KDLH20151124_132047_V06,-4,0.107,20.83,426.167969,27.096464,-94.02,46.255018,13548.232079,20151124_072047
222,KDLH20151124_133029_V06,6,0.195,342.06,310.839630,21.322998,-91.93,46.787855,10661.499023,20151124_073029
224,KDLH20151124_134010_V06,16,0.419,67.98,160.540405,3.039028,-93.75,47.453901,1519.514084,20151124_074010
226,KDLH20151124_134010_V06,16,0.127,275.43,520.699341,10.676334,-92.37,45.844101,5338.167191,20151124_074010
228,KDLH20151124_143820_V06,74,0.107,93.10,322.470673,21.240383,-93.56,46.727860,10620.191574,20151124_083820
229,KDLH20151125_144131_V06,76,0.104,257.38,59.237183,3.038815,-92.49,47.919369,1519.407272,20151125_084131
226,KDLH20151126_130448_V06,-22,0.278,45.32,349.540588,47.674828,-93.87,46.602012,23837.413788,20151126_070448
233,KDLH20151126_130448_V06,-22,0.103,192.62,530.513794,11.384307,-92.90,45.797950,5692.153454,20151126_070448
243,KDLH20151126_134610_V06,20,0.115,349.60,506.831787,12.143127,-91.89,45.906143,6071.563721,20151126_074610
261,KDLH20151126_142456_V06,58,0.106,26.26,444.818176,32.321556,-93.98,46.171709,16160.778046,20151126_082456
262,KDLH20151126_143438_V06,68,0.465,550.02,443.235107,33.545700,-90.59,46.181123,16772.850037,20151126_083438
231,KDLH20151127_132710_V06,0,0.116,262.06,192.686890,3.067108,-92.46,47.319310,1533.554077,20151127_072710
234,KDLH20151128_132034_V06,-9,0.367,385.09,353.761810,3.340424,-91.65,46.593779,1670.211792,20151128_072034
238,KDLH20151128_133957_V06,10,0.133,241.39,260.722260,44.375198,-92.60,47.012950,22187.599182,20151128_073957
245,KDLH20151128_143105_V06,62,0.108,376.63,277.277283,11.441788,-91.71,46.938035,5720.893860,20151128_083105
234,KDLH20151129_134301_V06,13,0.205,28.72,547.573547,34.310680,-93.95,45.709867,17155.340195,20151129_074301
236,KDLH20151129_143120_V06,61,0.123,303.18,305.113953,3.265350,-92.19,46.813937,1632.675171,20151129_083120
260,KDLH20151130_142032_V06,49,0.362,237.65,141.077240,3.278252,-92.62,47.550942,1639.125824,20151130_082032
260,KDLH20151130_143012_V06,59,0.105,237.73,141.055514,10.548658,-92.62,47.551041,5274.328926,20151130_083012
264,KDLH20151130_142032_V06,49,0.142,523.68,527.966431,29.956226,-90.77,45.802358,14978.113174,20151130_082032
264,KDLH20151130_143012_V06,59,0.209,514.62,523.974476,37.802152,-90.83,45.821039,18901.075859,20151130_083012
264,KDLH20151130_143951_V06,68,0.666,497.42,510.200745,28.820267,-90.94,45.884288,14410.133362,20151130_083951
264,KDLH20151130_144930_V06,78,0.103,504.45,506.280377,36.316435,-90.89,45.901402,18158.217300,20151130_084930
237,KDLH20151130_130539_V06,-26,0.313,273.26,518.966431,7.163010,-92.38,45.851876,3581.504822,20151130_070539
246,KDLH20151130_133811_V06,7,0.180,433.78,577.596558,16.390484,-91.35,45.584993,8195.241928,20151130_073811
246,KDLH20151130_134249_V06,11,0.197,459.41,522.588928,71.162872,-91.18,45.831055,35581.436157,20151130_074249
261,KDLH20151130_142032_V06,49,0.341,233.95,141.113525,3.370712,-92.65,47.550688,1685.356140,20151130_082032
263,KDLH20151130_142032_V06,49,0.144,306.87,561.494934,24.742493,-92.17,45.660681,12371.246338,20151130_082032
259,KDLH20151201_134124_V06,9,0.185,336.89,159.138031,45.981628,-91.97,47.470202,22990.814209,20151201_074124
269,KDLH20151201_140438_V06,32,0.200,264.20,128.565125,19.854874,-92.45,47.607707,9927.436829,20151201_080438
245,KDLH20151204_135402_V06,18,0.503,296.07,296.435089,31.422073,-92.24,46.852971,15711.036682,20151204_075402
245,KDLH20151204_140343_V06,27,0.748,296.43,296.713726,33.658765,-92.23,46.851718,16829.382690,20151204_080343
245,KDLH20151204_141325_V06,37,0.741,293.89,297.669114,32.546493,-92.25,46.847417,16273.246548,20151204_081325
245,KDLH20151204_142306_V06,47,0.876,297.18,296.527407,31.122818,-92.23,46.852557,15561.408802,20151204_082306
245,KDLH20151204_143248_V06,56,0.154,295.89,295.118995,32.841872,-92.24,46.858890,16420.936059,20151204_083248
245,KDLH20151204_144230_V06,66,0.293,292.75,293.345182,32.695417,-92.26,46.866862,16347.708715,20151204_084230
245,KDLH20151204_145211_V06,76,0.902,294.31,295.234829,32.840586,-92.25,46.858366,16420.292971,20151204_085211
245,KDLH20151204_150153_V06,85,0.662,292.33,297.917367,34.099668,-92.26,46.846296,17049.833972,20151204_090153
244,KDLH20151204_133439_V06,-2,0.305,295.55,300.994385,28.979370,-92.24,46.832464,14489.685059,20151204_073439
250,KDLH20151210_131658_V06,-26,0.126,37.55,382.618103,41.399403,-93.92,46.452527,20699.701309,20151210_071658
250,KDLH20151210_132238_V06,-20,0.130,38.11,380.597896,48.025636,-93.91,46.461665,24012.817815,20151210_072238
279,KDLH20151210_143402_V06,52,0.216,37.78,432.402344,43.741455,-93.91,46.228682,21870.727539,20151210_083402
279,KDLH20151210_143910_V06,57,0.117,36.42,430.437354,49.289817,-93.92,46.237386,24644.908395,20151210_083910
281,KDLH20151210_143910_V06,57,0.258,408.33,130.601257,28.867065,-91.49,47.596553,14433.532715,20151210_083910
281,KDLH20151210_144418_V06,62,0.149,407.90,129.802709,34.791044,-91.49,47.600162,17395.521808,20151210_084418
293,KDLH20151210_150346_V06,81,0.119,54.96,77.075989,21.190689,-93.85,47.827959,10595.344543,20151210_090346
293,KDLH20151210_150832_V06,86,0.278,57.08,77.031304,27.479023,-93.83,47.828358,13739.511620,20151210_090832
247,KDLH20151210_131658_V06,-26,0.258,113.72,327.682892,60.147606,-93.43,46.705938,30073.802948,20151210_071658
247,KDLH20151210_132238_V06,-20,0.300,116.80,307.596527,51.613693,-93.41,46.796481,25806.846619,20151210_072238
248,KDLH20151210_131658_V06,-26,0.151,44.92,467.701996,44.207115,-93.86,46.070624,22103.557587,20151210_071658
274,KDLH20151210_142326_V06,41,0.203,80.51,110.970428,15.817768,-93.67,47.677852,7908.884048,20151210_082326
277,KDLH20151210_143402_V06,52,0.583,398.48,131.460968,32.614334,-91.56,47.593076,16307.167053,20151210_083402
280,KDLH20151210_143910_V06,57,0.448,453.16,197.243896,30.621902,-91.20,47.294638,15310.951233,20151210_083910
283,KDLH20151210_144418_V06,62,0.202,495.19,123.966339,29.427658,-90.91,47.621348,14713.829041,20151210_084418
286,KDLH20151210_145422_V06,72,0.497,40.16,414.636963,43.165802,-93.90,46.308799,21582.901001,20151210_085422
287,KDLH20151210_145859_V06,76,0.261,102.36,128.196045,11.231831,-93.52,47.602146,5615.915298,20151210_085859
294,KDLH20151210_150346_V06,81,0.111,134.60,316.649139,37.930618,-93.29,46.756933,18965.309143,20151210_090346
295,KDLH20151210_150346_V06,81,0.101,421.40,97.700928,50.089584,-91.40,47.743923,25044.792175,20151210_090346
262,KDLH20151211_132903_V06,-14,0.365,242.40,366.780212,18.510536,-92.59,46.535956,9255.268097,20151211_072903
263,KDLH20151211_132903_V06,-14,0.145,219.46,185.392853,7.029144,-92.74,47.351154,3514.572144,20151211_072903
265,KDLH20151211_140741_V06,24,0.320,343.99,322.057526,11.934265,-91.92,46.737368,5967.132568,20151211_080741
265,KDLH20151211_141720_V06,34,-1.000,343.99,322.057526,27.834265,-91.92,46.737368,13917.132568,20151211_081720
265,KDLH20151211_142659_V06,43,0.108,336.38,327.887329,3.032913,-91.97,46.711262,1516.456604,20151211_082659
267,KDLH20151211_140741_V06,24,0.113,429.35,218.491028,30.483246,-91.36,47.200365,15241.622925,20151211_080741
265,KDLH20151212_134150_V06,-3,0.477,283.43,332.463684,6.126816,-92.32,46.690875,3063.407898,20151212_074150
267,KDLH20151212_141056_V06,26,0.287,367.55,319.256683,3.223175,-91.77,46.749474,1611.587524,20151212_081056
278,KDLH20151213_133151_V06,-14,0.124,72.97,262.197540,77.447914,-93.70,46.997253,38723.957062,20151213_073151
278,KDLH20151213_133628_V06,-9,0.175,72.15,263.323820,84.278463,-93.71,46.992118,42139.231289,20151213_073628
278,KDLH20151213_134105_V06,-4,0.151,69.36,265.346326,83.048558,-93.73,46.982782,41524.278829,20151213_074105
278,KDLH20151213_134542_V06,0,-1.000,67.49,266.768468,83.519626,-93.74,46.976225,41759.812770,20151213_074542
278,KDLH20151213_135020_V06,5,0.110,54.57,283.410156,68.196045,-93.82,46.900234,34098.022461,20151213_075020
278,KDLH20151213_135528_V06,10,0.181,57.78,278.354090,75.024428,-93.80,46.923263,37512.213932,20151213_075528
272,KDLH20151213_132237_V06,-23,0.135,388.94,171.389038,76.063797,-91.62,47.413861,38031.898499,20151213_072237
272,KDLH20151213_132714_V06,-18,0.105,389.93,168.845655,81.506557,-91.61,47.425265,40753.278573,20151213_072714
272,KDLH20151213_133151_V06,-14,-1.000,390.57,167.204763,86.248983,-91.61,47.432622,43124.491524,20151213_073151
272,KDLH20151213_133628_V06,-9,0.266,372.96,96.672333,12.793900,-91.72,47.750355,6396.949768,20151213_073628
313,KDLH20151213_141357_V06,28,0.125,344.93,60.962036,11.725357,-91.91,47.911574,5862.678528,20151213_081357
313,KDLH20151213_141835_V06,33,0.217,344.24,59.686781,18.658055,-91.91,47.917320,9329.027539,20151213_081835
271,KDLH20151213_132237_V06,-23,0.185,249.18,577.836365,20.281712,-92.54,45.586705,10140.855789,20151213_072237
276,KDLH20151213_132714_V06,-18,0.100,188.34,499.859497,34.581352,-92.93,45.935668,17290.676117,20151213_072714
289,KDLH20151213_135020_V06,5,0.229,487.59,261.092194,8.320129,-90.98,47.005303,4160.064697,20151213_075020
289,KDLH20151213_135528_V06,10,0.340,501.08,239.130676,33.814919,-90.89,47.103070,16907.459259,20151213_075528
293,KDLH20151213_135020_V06,5,0.134,61.81,503.879150,58.149872,-93.74,45.909460,29074.935913,20151213_075020
299,KDLH20151213_140005_V06,15,0.417,349.07,78.307129,11.099945,-91.88,47.833500,5549.972534,20151213_080005
305,KDLH20151213_140443_V06,19,0.131,546.55,223.864777,29.578781,-90.58,47.167865,14789.390564,20151213_080443
310,KDLH20151213_140920_V06,24,0.127,365.05,71.194763,12.107086,-91.77,47.865133,6053.543091,20151213_080920
315,KDLH20151213_141835_V06,33,0.201,558.19,218.828888,30.818329,-90.51,47.189396,15409.164429,20151213_081835
319,KDLH20151213_141835_V06,33,0.117,365.78,170.135071,37.729813,-91.77,47.420182,18864.906311,20151213_081835
320,KDLH20151213_142312_V06,38,0.588,477.93,269.459412,7.625732,-91.04,46.968341,3812.866211,20151213_082312
298,KDLH20151214_134641_V06,0,0.162,289.62,412.510925,42.413631,-92.28,46.330856,21206.815720,20151214_074641
286,KDLH20151216_132923_V06,-18,0.781,413.16,560.083374,11.741264,-91.48,45.664703,5870.632172,20151216_072923
286,KDLH20151216_133905_V06,-8,0.120,416.33,544.237386,18.655163,-91.46,45.735851,9327.581376,20151216_073905
299,KDLH20151216_134846_V06,1,0.244,391.46,431.338684,10.979874,-91.62,46.244638,5489.936829,20151216_074846
299,KDLH20151216_135828_V06,11,0.560,407.10,457.573297,29.369638,-91.52,46.126060,14684.819186,20151216_075828
310,KDLH20151216_135828_V06,11,0.208,23.64,221.624939,31.761297,-94.03,47.174988,15880.648613,20151216_075828
324,KDLH20151216_142734_V06,40,0.150,456.45,482.384064,14.672657,-91.20,46.012066,7336.328506,20151216_082734
289,KDLH20151217_133738_V06,-11,0.329,516.52,440.178253,81.399849,-90.81,46.197759,40699.924469,20151217_073738
289,KDLH20151217_134717_V06,-1,0.452,443.41,468.502991,42.163795,-91.28,46.075221,21081.897736,20151217_074717
300,KDLH20151217_141615_V06,28,0.362,207.39,112.200256,20.014259,-92.83,47.679904,10007.129669,20151217_081615
316,KDLH20151218_144435_V06,55,0.263,535.59,353.547119,26.749214,-90.67,46.585742,13374.607086,20151218_084435
325,KDLH20151218_150400_V06,75,0.274,504.27,472.322174,10.119423,-90.89,46.054145,5059.711456,20151218_090400
289,KDLH20151219_133009_V06,-19,0.180,275.35,328.464996,6.102768,-92.37,46.708798,3051.383972,20151219_073009
291,KDLH20151219_133950_V06,-10,0.346,278.43,239.593323,3.309357,-92.35,47.108537,1654.678345,20151219_073950
298,KDLH20151219_145724_V06,68,0.118,377.65,364.139282,69.789948,-91.70,46.547329,34894.973755,20151219_085724
291,KDLH20151220_132342_V06,-27,0.285,302.55,300.139099,27.762039,-92.19,46.836313,13881.019592,20151220_072342
291,KDLH20151220_133324_V06,-17,0.696,301.98,302.699568,31.153977,-92.20,46.824797,15576.988500,20151220_073324
293,KDLH20151220_143134_V06,41,0.137,344.15,343.891815,2.950977,-91.92,46.639160,1475.488663,20151220_083134
308,KDLH20151223_150001_V06,69,0.105,28.49,424.281006,44.263222,-93.97,46.264284,22131.610870,20151223_090001
307,KDLH20151226_135452_V06,1,0.515,37.53,346.035248,43.024300,-93.92,46.617022,21512.149811,20151226_075452
307,KDLH20151226_140433_V06,11,0.392,33.00,343.335251,48.165536,-93.95,46.628715,24082.767952,20151226_080433
301,KDLH20151226_133529_V06,-18,0.166,36.34,371.290894,37.227566,-93.93,46.503342,18613.782883,20151226_073529
298,KDLH20151227_151317_V06,80,0.556,404.98,327.938629,16.496738,-91.52,46.709217,8248.369217,20151227_091317
303,KDLH20151229_150421_V06,71,0.385,260.36,303.000916,3.552322,-92.47,46.823148,1776.161194,20151229_090421
303,KDLH20151229_151400_V06,81,0.110,280.77,300.816986,12.684289,-92.34,46.833196,6342.144425,20151229_091400
