track_id,filename,from_sunrise,det_score,x,y,r,lon,lat,radius,is_rain,local_time
1,KAPX19961001_110941,-28,0.717,331.66,265.918823,7.428619,-84.52,45.060381,3714.309692,19961001_070941
6,KAPX19961001_121952,42,0.122,267.43,279.049011,7.055984,-84.93,45.001296,3527.992249,19961001_081952
3,KAPX19961002_111341,-25,0.117,335.17,305.399231,14.838882,-84.50,44.882711,7419.441223,19961002_071341
4,KAPX19961002_122349,45,0.183,30.37,173.040222,35.562958,-86.44,45.465487,17781.478882,19961002_082349
5,KAPX19961002_125301,75,0.506,359.86,315.726501,9.978531,-84.34,44.835835,4989.265442,19961002_085301
8,KAPX19961003_111941,-20,0.126,484.26,191.372345,25.148056,-83.54,45.389915,12574.028015,19961003_071941
8,KAPX19961003_112531,-14,0.560,495.63,186.718962,37.224886,-83.47,45.410080,18612.443218,19961003_072531
8,KAPX19961003_113122,-8,0.279,511.36,189.074679,38.761537,-83.37,45.398347,19380.768686,19961003_073122
21,KAPX19961003_121216,33,0.319,247.04,81.481384,19.521667,-85.06,45.889798,9760.833740,19961003_081216
21,KAPX19961003_121807,39,0.106,248.20,83.511641,27.370641,-85.05,45.880687,13685.320676,19961003_081807
23,KAPX19961003_121807,39,0.125,248.10,223.685272,10.397232,-85.05,45.250091,5198.616028,19961003_081807
23,KAPX19961003_122357,44,0.188,249.77,226.019620,16.183536,-85.04,45.239619,8091.768129,19961003_082357
7,KAPX19961003_111350,-26,0.146,267.47,89.962769,12.009254,-84.93,45.851959,6004.627228,19961003_071350
9,KAPX19961003_112531,-14,0.133,315.82,296.378876,6.245712,-84.62,44.923468,3122.856140,19961003_072531
11,KAPX19961003_113122,-8,0.276,277.11,105.099365,20.530762,-84.87,45.783963,10265.380859,19961003_073122
12,KAPX19961003_113122,-8,0.106,393.76,528.316162,36.823109,-84.14,43.878372,18411.554337,19961003_073122
13,KAPX19961003_113712,-2,0.115,400.65,271.464905,30.850418,-84.08,45.033822,15425.209045,19961003_073712
14,KAPX19961003_114302,4,0.355,174.27,138.740479,10.914879,-85.53,45.629897,5457.439423,19961003_074302
16,KAPX19961003_114853,9,0.374,305.14,117.835510,11.210602,-84.69,45.726757,5605.300903,19961003_074853
18,KAPX19961003_120035,21,0.118,494.16,156.935547,31.624428,-83.48,45.544150,15812.213898,19961003_080035
18,KAPX19961003_120626,27,-1.000,494.16,156.935547,41.164428,-83.48,45.544150,20582.213898,19961003_080626
18,KAPX19961003_121216,33,0.122,523.49,172.654358,40.438301,-83.29,45.471268,20219.150543,19961003_081216
19,KAPX19961003_120626,27,0.101,211.80,101.139130,44.830730,-85.29,45.800478,22415.365219,19961003_080626
20,KAPX19961003_121216,33,0.743,287.66,208.622986,13.415543,-84.80,45.318305,6707.771301,19961003_081216
24,KAPX19961003_123539,56,0.360,261.98,241.557800,12.654831,-84.96,45.169904,6327.415466,19961003_083539
25,KAPX19961003_125217,73,0.159,505.29,216.121887,22.034470,-83.41,45.277135,11017.234802,19961003_085217
24,KAPX19961005_112617,-16,0.341,286.17,435.518066,7.508003,-84.81,44.297426,3754.001617,19961005_072617
24,KAPX19961005_113611,-6,0.536,297.60,427.655637,14.773898,-84.73,44.332837,7386.948773,19961005_073611
25,KAPX19961005_112617,-16,0.281,280.38,255.704437,41.759995,-84.84,45.106445,20879.997253,19961005_072617
25,KAPX19961005_113611,-6,0.147,293.68,274.598270,60.651546,-84.76,45.021500,30325.772943,19961005_073611
25,KAPX19961005_114605,4,-1.000,306.24,292.422640,79.373764,-84.68,44.941305,39686.882084,19961005_074605
25,KAPX19961005_115559,13,0.417,304.24,295.792572,62.968437,-84.69,44.926147,31484.218597,19961005_075559
25,KAPX19961005_120553,23,0.103,293.30,243.417847,26.941727,-84.76,45.161783,13470.863342,19961005_080553
33,KAPX19961005_123534,53,0.149,292.80,164.579956,7.109772,-84.77,45.516465,3554.885864,19961005_083534
33,KAPX19961005_124528,63,0.285,301.85,164.668362,13.707863,-84.71,45.516076,6853.931422,19961005_084528
36,KAPX19961005_124528,63,0.254,361.81,270.957764,23.476410,-84.33,45.037214,11738.204956,19961005_084528
36,KAPX19961005_125522,73,0.508,357.18,270.029220,28.049337,-84.36,45.041489,14024.668692,19961005_085522
21,KAPX19961005_111623,-26,0.394,339.23,345.000702,23.632595,-84.47,44.704479,11816.297531,19961005_071623
27,KAPX19961005_113611,-6,0.368,216.70,282.262329,15.551483,-85.25,44.985806,7775.741577,19961005_073611
27,KAPX19961005_114605,4,-1.000,216.70,282.262329,31.451483,-85.25,44.985806,15725.741577,19961005_074605
27,KAPX19961005_115559,13,0.197,209.76,274.898499,6.928131,-85.29,45.018724,3464.065552,19961005_075559
34,KAPX19961005_123534,53,0.145,385.04,271.784363,39.648834,-84.18,45.032895,19824.417114,19961005_083534
35,KAPX19961005_123534,53,0.117,309.20,250.433533,34.445938,-84.66,45.130212,17222.969055,19961005_083534
34,KAPX19961006_113249,-11,0.623,234.70,237.222778,54.780697,-85.14,45.188909,27390.348434,19961006_073249
34,KAPX19961006_114243,-1,0.532,229.38,224.034223,58.102040,-85.17,45.248116,29051.019966,19961006_074243
34,KAPX19961006_115237,9,0.698,230.90,222.985701,56.729665,-85.16,45.252870,28364.832444,19961006_075237
34,KAPX19961006_120230,19,0.464,215.46,223.145355,60.895895,-85.26,45.251733,30447.947739,19961006_080230
34,KAPX19961006_121224,29,-1.000,201.58,223.071526,64.589682,-85.35,45.251615,32294.840923,19961006_081224
34,KAPX19961006_122218,39,0.310,231.82,208.944977,66.680578,-85.15,45.316060,33340.289004,19961006_082218
34,KAPX19961006_123212,49,0.211,228.50,216.181265,66.024002,-85.18,45.283423,33012.001001,19961006_083212
34,KAPX19961006_124206,59,0.147,210.60,243.085218,63.623823,-85.29,45.161876,31811.911736,19961006_084206
35,KAPX19961006_113249,-11,0.472,259.22,304.379089,23.692703,-84.98,44.887226,11846.351624,19961006_073249
35,KAPX19961006_114243,-1,0.161,258.00,303.957700,31.440983,-84.99,44.889104,15720.491586,19961006_074243
35,KAPX19961006_115237,9,0.189,230.14,299.977962,45.835391,-85.16,44.906463,22917.695705,19961006_075237
44,KAPX19961006_120230,19,0.318,317.61,414.082153,8.200500,-84.61,44.393860,4100.250244,19961006_080230
44,KAPX19961006_121224,29,0.108,326.72,414.149225,17.730682,-84.55,44.393489,8865.341109,19961006_081224
50,KAPX19961006_124206,59,0.627,365.39,324.615601,22.998032,-84.31,44.795719,11499.015808,19961006_084206
50,KAPX19961006_125200,69,0.562,365.74,325.375099,27.762217,-84.30,44.792294,13881.108372,19961006_085200
29,KAPX19961006_112255,-21,0.598,235.45,232.884796,61.500080,-85.13,45.208443,30750.040054,19961006_072255
30,KAPX19961006_112255,-21,0.332,323.41,334.537567,28.734039,-84.57,44.751729,14367.019653,19961006_072255
31,KAPX19961006_112255,-21,0.189,362.91,229.083466,6.450882,-84.32,45.225582,3225.440979,19961006_072255
33,KAPX19961006_113249,-11,0.924,471.45,335.586945,10.294083,-83.64,44.741965,5147.041321,19961006_073249
40,KAPX19961006_114243,-1,0.208,232.29,412.143860,6.124146,-85.14,44.401841,3062.072754,19961006_074243
46,KAPX19961006_121224,29,0.284,440.32,327.029053,10.832291,-83.83,44.782163,5416.145325,19961006_081224
47,KAPX19961006_121224,29,0.263,417.92,364.544861,6.435585,-83.98,44.614386,3217.792511,19961006_081224
51,KAPX19961006_124206,59,0.222,312.25,200.770935,34.498260,-84.64,45.353631,17249.130249,19961006_084206
52,KAPX19961006_124206,59,0.209,185.12,361.053101,9.987282,-85.44,44.630220,4993.640900,19961006_084206
42,KAPX19961007_111730,-27,0.279,393.45,557.155029,23.926727,-84.14,43.748608,11963.363647,19961007_071730
43,KAPX19961007_112322,-21,0.115,162.13,258.478455,36.361923,-85.60,45.090682,18180.961609,19961007_072322
44,KAPX19961007_112322,-21,0.102,172.80,425.332397,29.941254,-85.52,44.340489,14970.626831,19961007_072322
45,KAPX19961007_112912,-15,0.462,433.80,294.506012,10.592880,-83.87,44.928796,5296.440125,19961007_072912
46,KAPX19961007_120444,20,0.101,278.48,292.048981,6.948837,-84.86,44.942912,3474.418640,19961007_080444
47,KAPX19961007_121034,26,0.140,360.59,287.567932,10.863205,-84.34,44.962510,5431.602478,19961007_081034
48,KAPX19961007_121034,26,0.113,374.00,286.303528,10.826187,-84.25,44.967881,5413.093567,19961007_081034
50,KAPX19961007_122214,38,0.122,512.77,299.818237,36.631012,-83.37,44.900094,18315.505981,19961007_082214
51,KAPX19961007_122805,44,0.222,278.35,309.010895,6.723953,-84.86,44.866596,3361.976624,19961007_082805
53,KAPX19961007_123945,55,0.169,541.81,263.337585,11.434036,-83.18,45.061871,5717.018127,19961007_083945
54,KAPX19961007_123945,55,0.108,518.06,359.807495,52.592003,-83.35,44.629833,26296.001434,19961007_083945
54,KAPX19961007_124536,61,0.320,523.60,351.165039,43.593124,-83.31,44.668285,21796.562195,19961007_084536
54,KAPX19961007_125128,67,-1.000,523.60,351.165039,53.133124,-83.31,44.668285,26566.562195,19961007_085128
54,KAPX19961007_125718,73,0.182,542.53,341.125916,44.880077,-83.19,44.711905,22440.038681,19961007_085718
56,KAPX19961007_124536,61,0.107,321.09,304.154480,9.785034,-84.59,44.888450,4892.517090,19961007_084536
57,KAPX19961007_124536,61,0.102,556.40,256.936646,8.741653,-83.09,45.089382,4370.826721,19961007_084536
55,KAPX19961008_120837,22,0.140,245.17,575.111389,26.718798,-85.06,43.668781,13359.398842,19961008_080837
55,KAPX19961008_121427,28,0.129,249.92,573.601987,34.725885,-85.03,43.675659,17362.942601,19961008_081427
56,KAPX19961009_112104,-26,0.157,134.81,115.586761,89.317398,-85.78,45.731997,44658.699036,19961009_072104
56,KAPX19961009_112655,-21,-1.000,134.81,115.586761,97.267398,-85.78,45.731997,48633.699036,19961009_072655
56,KAPX19961009_113246,-15,0.156,134.96,131.424125,91.835101,-85.78,45.660768,45917.550739,19961009_073246
64,KAPX19961009_120159,14,0.130,186.45,123.096313,93.565231,-85.45,45.700791,46782.615662,19961009_080159
64,KAPX19961009_120749,20,0.166,188.17,128.006901,100.689297,-85.44,45.678771,50344.648262,19961009_080749
57,KAPX19961009_112655,-21,0.470,88.34,87.917175,40.877396,-86.08,45.853314,20438.697815,19961009_072655
63,KAPX19961009_120159,14,0.259,359.25,296.593994,20.783325,-84.34,44.921928,10391.662598,19961009_080159
65,KAPX19961009_120159,14,0.106,525.80,569.091187,33.608978,-83.32,43.687682,16804.489136,19961009_080159
88,KAPX19961010_125748,69,0.728,216.70,175.337524,39.678829,-85.25,45.466845,19839.414597,19961010_085748
88,KAPX19961010_130339,75,0.843,217.25,182.490783,43.916787,-85.25,45.434681,21958.393629,19961010_090339
88,KAPX19961010_130931,81,0.230,218.78,187.888776,44.903891,-85.24,45.410441,22451.945359,19961010_090931
90,KAPX19961010_130339,75,0.936,193.48,369.133148,42.163437,-85.39,44.594188,21081.718445,19961010_090339
90,KAPX19961010_130931,81,0.963,191.47,371.536666,41.649563,-85.40,44.583299,20824.781627,19961010_090931
90,KAPX19961010_131521,87,0.941,188.81,379.507822,39.906937,-85.42,44.547332,19953.468322,19961010_091521
65,KAPX19961010_112415,-24,0.214,184.86,561.084961,24.185709,-85.43,43.730151,12092.854500,19961010_072415
65,KAPX19961010_113005,-18,0.117,187.11,562.866573,31.681136,-85.42,43.722221,15840.567985,19961010_073005
73,KAPX19961010_115329,5,0.219,542.69,433.902100,54.092773,-83.20,44.294537,27046.386719,19961010_075329
73,KAPX19961010_115921,11,0.290,542.50,438.678030,63.393103,-83.20,44.273068,31696.551620,19961010_075921
73,KAPX19961010_120511,17,0.236,543.36,441.083740,55.528206,-83.20,44.262173,27764.102936,19961010_080511
73,KAPX19961010_121101,23,0.306,545.34,444.184521,60.331881,-83.18,44.248056,30165.940422,19961010_081101
77,KAPX19961010_121653,28,0.144,525.09,552.315063,12.170641,-83.32,43.763217,6085.320473,19961010_081653
77,KAPX19961010_122243,34,0.122,524.93,555.143633,18.784608,-83.32,43.750503,9392.303823,19961010_082243
78,KAPX19961010_122243,34,0.121,426.78,250.306549,28.775970,-83.91,45.127963,14387.985229,19961010_082243
78,KAPX19961010_122833,40,0.229,430.93,256.331081,38.194066,-83.89,45.100671,19097.033164,19961010_082833
78,KAPX19961010_123424,46,-1.000,434.49,261.494965,47.629577,-83.87,45.077274,23814.788536,19961010_083424
78,KAPX19961010_124015,52,0.322,433.09,271.407013,39.487549,-83.88,45.032748,19743.774414,19961010_084015
78,KAPX19961010_124606,58,-1.000,433.09,271.407013,49.027549,-83.88,45.032748,24513.774414,19961010_084606
78,KAPX19961010_125157,63,0.160,404.24,269.440704,58.491196,-84.06,45.042799,29245.597839,19961010_085157
80,KAPX19961010_123424,46,0.134,394.19,381.727417,6.485420,-84.13,44.537953,3242.710114,19961010_083424
80,KAPX19961010_124015,52,0.363,393.64,384.651119,12.506341,-84.13,44.524817,6253.170521,19961010_084015
83,KAPX19961010_125157,63,0.862,202.69,351.570435,44.482872,-85.33,44.673535,22241.436005,19961010_085157
83,KAPX19961010_125748,69,0.844,197.00,358.300667,47.115859,-85.37,44.643055,23557.929333,19961010_085748
89,KAPX19961010_125748,69,0.157,402.67,213.851288,30.606384,-84.07,45.292944,15303.192139,19961010_085748
89,KAPX19961010_130339,75,0.521,399.54,217.588352,36.117837,-84.09,45.276244,18058.918634,19961010_090339
62,KAPX19961010_112415,-24,0.364,531.81,493.705200,38.028061,-83.27,44.026384,19014.030457,19961010_072415
64,KAPX19961010_112415,-24,0.259,344.90,280.986786,3.138794,-84.44,44.992410,1569.396973,19961010_072415
66,KAPX19961010_112415,-24,0.123,126.20,557.915771,18.810596,-85.80,43.741515,9405.298233,19961010_072415
67,KAPX19961010_112415,-24,0.112,388.42,279.260590,8.528824,-84.16,44.999156,4264.411926,19961010_072415
68,KAPX19961010_113005,-18,0.275,521.63,559.513306,19.151304,-83.34,43.731095,9575.652122,19961010_073005
70,KAPX19961010_113556,-13,0.107,361.06,303.442902,3.320969,-84.33,44.891075,1660.484314,19961010_073556
71,KAPX19961010_114148,-7,0.228,396.98,310.697479,7.588409,-84.11,44.857441,3794.204712,19961010_074148
79,KAPX19961010_122243,34,0.110,219.39,588.769226,17.775747,-85.22,43.606723,8887.873650,19961010_082243
84,KAPX19961010_125157,63,0.195,512.68,480.149353,12.215075,-83.39,44.088836,6107.537270,19961010_085157
84,KAPX19961011_123756,48,0.296,179.08,317.552460,7.733963,-85.48,44.825685,3866.981506,19961011_083756
84,KAPX19961011_124750,58,0.679,188.33,316.617191,18.855473,-85.43,44.830270,9427.736449,19961011_084750
79,KAPX19961011_113832,-11,0.196,389.90,301.485626,7.364792,-84.15,44.899118,3682.395935,19961011_073832
82,KAPX19961011_115820,9,0.234,144.17,255.330353,10.812164,-85.71,45.103915,5406.082153,19961011_075820
83,KAPX19961011_122802,39,0.102,93.48,342.728394,6.927086,-86.02,44.707521,3463.542938,19961011_082802
91,KAPX19961012_123427,43,0.171,241.54,291.166962,29.200508,-85.09,44.946361,14600.254059,19961012_083427
91,KAPX19961012_124421,53,0.127,261.89,303.684683,50.759222,-84.96,44.890387,25379.610833,19961012_084421
91,KAPX19961012_125415,63,0.452,281.03,312.570975,54.712096,-84.84,44.850597,27356.048150,19961012_085415
91,KAPX19961012_130409,73,0.666,278.90,315.996122,52.624299,-84.85,44.835171,26312.149510,19961012_090409
91,KAPX19961012_131403,83,0.303,287.11,303.853880,64.013757,-84.80,44.889851,32006.878381,19961012_091403
85,KAPX19961012_113504,-16,0.101,235.72,276.249268,32.785065,-85.13,45.013352,16392.532349,19961012_073504
85,KAPX19961012_114458,-7,0.204,228.16,273.779222,44.901833,-85.18,45.024284,22450.916572,19961012_074458
85,KAPX19961012_115451,3,0.101,223.17,251.494371,64.311843,-85.21,45.124413,32155.921679,19961012_075451
85,KAPX19961012_120445,13,0.126,221.63,236.772064,72.468620,-85.22,45.190605,36234.309882,19961012_080445
88,KAPX19961012_121439,23,0.136,305.06,247.460999,20.624176,-84.69,45.143596,10312.088013,19961012_081439
88,KAPX19961012_122433,33,0.179,306.68,246.355986,29.231294,-84.68,45.148564,14615.647220,19961012_082433
88,KAPX19961012_123427,43,0.226,342.89,241.609627,37.394901,-84.45,45.169601,18697.450687,19961012_083427
86,KAPX19961012_114458,-7,0.224,310.29,267.166840,40.216324,-84.65,45.054924,20108.161926,19961012_074458
87,KAPX19961012_120445,13,0.226,352.00,279.890900,15.847427,-84.39,44.997219,7923.713684,19961012_080445
89,KAPX19961012_122433,33,0.600,279.81,315.538483,53.614288,-84.85,44.837237,26807.144165,19961012_082433
93,KAPX19961012_125415,63,0.133,222.01,264.753418,50.772156,-85.21,45.064729,25386.077881,19961012_085415
93,KAPX19961013_121114,19,0.111,253.85,190.917725,7.490788,-85.01,45.397608,3745.393753,19961013_081114
93,KAPX19961013_122108,29,0.300,256.93,196.088758,16.134281,-84.99,45.374393,8067.140338,19961013_082108
93,KAPX19961013_123102,39,0.182,250.61,183.482819,10.740986,-85.04,45.431001,5370.492935,19961013_083102
93,KAPX19961013_124056,48,0.295,253.93,188.849251,17.318919,-85.01,45.406915,8659.459714,19961013_084056
98,KAPX19961013_131038,78,0.400,262.43,189.499084,7.246792,-84.96,45.404117,3623.395920,19961013_091038
98,KAPX19961013_132031,88,0.317,262.78,190.388681,13.594325,-84.96,45.400120,6797.162584,19961013_092031
90,KAPX19961013_115126,-1,0.122,151.16,294.202545,11.311615,-85.66,44.929414,5655.807495,19961013_075126
91,KAPX19961013_115126,-1,0.104,220.63,239.629761,58.666283,-85.22,45.177721,29333.141327,19961013_075126
91,KAPX19961013_120120,9,-1.000,220.63,239.629761,74.566283,-85.22,45.177721,37283.141327,19961013_080120
91,KAPX19961013_121114,19,0.138,214.87,242.748322,62.069267,-85.26,45.163524,31034.633636,19961013_081114
94,KAPX19961013_122108,29,0.101,304.47,397.951294,6.811180,-84.69,44.466493,3405.590057,19961013_082108
96,KAPX19961013_124056,48,0.231,496.12,318.876190,13.930237,-83.48,44.815555,6965.118408,19961013_084056
98,KAPX19961014_113807,-15,0.632,404.92,255.035492,36.899261,-84.05,45.107582,18449.630737,19961014_073807
98,KAPX19961014_115751,4,0.137,400.78,236.594273,54.798637,-84.08,45.190696,27399.318383,19961014_075751
98,KAPX19961014_120743,14,0.314,375.14,242.022430,35.864838,-84.24,45.167072,17932.418823,19961014_080743
106,KAPX19961014_120743,14,0.298,169.05,298.690948,11.188736,-85.55,44.910100,5594.367981,19961014_080743
106,KAPX19961014_121737,24,0.237,185.16,292.028148,25.333992,-85.45,44.940771,12666.995994,19961014_081737
109,KAPX19961014_120743,14,0.129,219.38,208.242859,31.724274,-85.23,45.318890,15862.136841,19961014_080743
109,KAPX19961014_121737,24,-1.000,219.38,208.242859,47.624274,-85.23,45.318890,23812.136841,19961014_081737
109,KAPX19961014_122731,34,0.103,223.99,243.782860,48.287958,-85.20,45.159129,24143.979184,19961014_082731
109,KAPX19961014_123725,44,0.189,182.66,259.166626,11.306213,-85.46,45.088510,5653.106689,19961014_083725
113,KAPX19961014_122731,34,0.749,395.45,288.345215,23.300735,-84.11,44.958057,11650.367737,19961014_082731
113,KAPX19961014_123725,44,0.104,403.84,285.524639,36.035108,-84.06,44.970453,18017.553932,19961014_083725
96,KAPX19961014_112813,-25,0.451,181.17,325.877838,7.666832,-85.47,44.788317,3833.415985,19961014_072813
99,KAPX19961014_113807,-15,0.447,321.97,564.409668,7.181296,-84.58,43.717371,3590.647936,19961014_073807
100,KAPX19961014_113807,-15,0.367,337.82,323.872253,19.799805,-84.48,44.799562,9899.902344,19961014_073807
104,KAPX19961014_113807,-15,0.108,239.58,422.408752,11.110260,-85.10,44.355815,5555.130005,19961014_073807
108,KAPX19961014_120743,14,0.170,180.26,349.725189,7.892914,-85.47,44.680987,3946.456909,19961014_080743
111,KAPX19961014_121737,24,0.158,374.60,348.737183,6.480885,-84.25,44.686964,3240.442276,19961014_081737
112,KAPX19961014_121737,24,0.110,513.03,287.532013,11.453743,-83.37,44.955343,5726.871490,19961014_081737
114,KAPX19961014_122731,34,0.174,167.69,314.772919,11.630028,-85.56,44.837685,5815.013885,19961014_082731
117,KAPX19961014_124719,54,0.350,225.81,239.614990,20.078285,-85.19,45.177928,10039.142609,19961014_084719
118,KAPX19961014_125712,64,0.328,113.08,296.984772,12.392490,-85.90,44.914653,6196.245193,19961014_085712
119,KAPX19961014_125712,64,0.143,218.82,264.368866,11.295654,-85.24,45.066370,5647.827148,19961014_085712
111,KAPX19961015_113114,-23,0.133,296.53,301.506836,3.315536,-84.74,44.900438,1657.768250,19961015_073114
111,KAPX19961015_113705,-17,0.106,297.99,301.386359,10.940612,-84.73,44.900982,5470.306023,19961015_073705
111,KAPX19961015_114255,-12,0.250,301.59,293.766144,3.432770,-84.71,44.935267,1716.384888,19961015_074255
111,KAPX19961015_114846,-6,-1.000,301.59,293.766144,12.972770,-84.71,44.935267,6486.384888,19961015_074846
111,KAPX19961015_115438,0,0.198,301.62,293.901184,3.302017,-84.71,44.934659,1651.008606,19961015_075438
112,KAPX19961015_113705,-17,0.389,283.00,562.451599,6.903399,-84.83,43.726216,3451.699257,19961015_073705
112,KAPX19961015_114255,-12,0.168,285.71,562.199949,13.705114,-84.81,43.727363,6852.557123,19961015_074255
122,KAPX19961015_130448,70,0.112,290.41,286.488373,6.539536,-84.78,44.967996,3269.767761,19961015_090448
122,KAPX19961015_131039,76,0.117,283.32,286.418509,13.237410,-84.83,44.968277,6618.704838,19961015_091039
125,KAPX19961015_131630,82,0.113,390.39,551.879395,11.695219,-84.16,43.772445,5847.609520,19961015_091630
125,KAPX19961015_132221,88,0.273,396.31,555.293896,20.877502,-84.12,43.756891,10438.751067,19961015_092221
116,KAPX19961015_122943,35,0.225,260.39,279.833771,6.877747,-84.97,44.997676,3438.873291,19961015_082943
117,KAPX19961015_125858,64,0.104,354.21,547.304199,6.751503,-84.38,43.793928,3375.751495,19961015_085858
118,KAPX19961015_130448,70,0.556,262.41,286.907135,11.197678,-84.96,44.965879,5598.838806,19961015_090448
120,KAPX19961015_130448,70,0.130,129.44,292.519775,6.056570,-85.80,44.935766,3028.285027,19961015_090448
123,KAPX19961015_131039,76,0.110,346.39,278.110321,6.487183,-84.43,45.005328,3243.591309,19961015_091039
123,KAPX19961017_120844,11,0.267,164.75,92.425964,44.227013,-85.59,45.837787,22113.506317,19961017_080844
123,KAPX19961017_121435,17,0.244,169.49,95.728831,54.406456,-85.56,45.823157,27203.227760,19961017_081435
120,KAPX19961017_113340,-24,0.184,434.63,286.830536,3.448761,-83.87,44.963287,1724.380493,19961017_073340
122,KAPX19961017_120254,5,0.197,387.26,89.038513,24.624725,-84.16,45.854940,12312.362671,19961017_080254
124,KAPX19961017_122026,23,0.130,431.23,560.535522,27.450935,-83.91,43.731946,13725.467682,19961017_082026
124,KAPX19961018_114622,-12,0.188,309.86,359.768494,14.062431,-84.66,44.638284,7031.215668,19961018_074622
134,KAPX19961019_120215,2,0.619,288.43,145.165802,15.724152,-84.79,45.603789,7862.075806,19961019_080215
134,KAPX19961019_121209,12,0.456,290.29,151.624944,21.410352,-84.78,45.574738,10705.175966,19961019_081209
134,KAPX19961019_122202,22,0.576,293.23,166.078733,20.148790,-84.76,45.509723,10074.394800,19961019_082202
125,KAPX19961019_113233,-28,0.803,227.72,156.094604,27.889091,-85.18,45.553717,13944.545746,19961019_073233
125,KAPX19961019_114227,-18,0.182,237.30,147.690575,37.043394,-85.12,45.591754,18521.696950,19961019_074227
128,KAPX19961019_115221,-8,0.502,291.52,493.894287,13.109451,-84.77,44.034764,6554.725647,19961019_075221
128,KAPX19961019_120215,2,0.155,295.39,490.981222,28.673185,-84.75,44.047882,14336.592376,19961019_080215
128,KAPX19961019_121209,12,-1.000,299.03,488.233047,44.255952,-84.73,44.060252,22127.976083,19961019_081209
128,KAPX19961019_122202,22,0.257,275.65,491.382294,12.088768,-84.87,44.045979,6044.384003,19961019_082202
128,KAPX19961019_123156,31,0.300,276.43,491.342663,20.373837,-84.87,44.046163,10186.918485,19961019_083156
128,KAPX19961019_124150,41,-1.000,277.24,491.301665,30.041150,-84.86,44.046354,15020.574846,19961019_084150
128,KAPX19961019_125144,51,0.414,288.43,495.094330,10.767849,-84.79,44.029354,5383.924484,19961019_085144
128,KAPX19961019_130138,61,0.105,278.66,490.385134,21.796825,-84.85,44.050489,10898.412628,19961019_090138
130,KAPX19961019_115221,-8,0.349,227.95,184.198395,28.478161,-85.18,45.427293,14239.080429,19961019_075221
130,KAPX19961019_120215,2,0.413,224.51,193.235575,40.995084,-85.20,45.386547,20497.541952,19961019_080215
135,KAPX19961019_120215,2,0.590,453.06,280.901062,15.555649,-83.75,44.989031,7777.824402,19961019_080215
135,KAPX19961019_121209,12,0.268,450.88,293.789761,24.883858,-83.76,44.931164,12441.929030,19961019_081209
150,KAPX19961019_124150,41,0.239,249.73,409.263977,10.773170,-85.04,44.415156,5386.585236,19961019_084150
150,KAPX19961019_125144,51,0.339,266.39,419.638385,28.338139,-84.93,44.368717,14169.069691,19961019_085144
160,KAPX19961019_130138,61,0.127,239.86,479.795227,11.281004,-85.10,44.097598,5640.501976,19961019_090138
160,KAPX19961019_131132,71,0.114,237.62,484.932965,18.845311,-85.11,44.074432,9422.655269,19961019_091132
162,KAPX19961019_131132,71,0.210,201.14,286.481110,7.341835,-85.35,44.966327,3670.917511,19961019_091132
162,KAPX19961019_132126,81,0.155,190.25,285.938507,14.768388,-85.42,44.968369,7384.193905,19961019_092126
165,KAPX19961019_131132,71,0.125,270.24,279.068207,10.657074,-84.91,45.001241,5328.536987,19961019_091132
165,KAPX19961019_132126,81,0.106,271.54,286.103897,17.808867,-84.90,44.969599,8904.433437,19961019_092126
129,KAPX19961019_115221,-8,0.361,126.35,287.433441,24.616995,-85.82,44.958461,12308.497429,19961019_075221
132,KAPX19961019_115221,-8,0.135,270.43,445.926086,19.545761,-84.90,44.250475,9772.880554,19961019_075221
132,KAPX19961019_120215,2,0.124,277.08,456.147583,15.517105,-84.86,44.204541,7758.552551,19961019_080215
137,KAPX19961019_120215,2,0.160,477.22,318.356232,7.241364,-83.60,44.819129,3620.681763,19961019_080215
139,KAPX19961019_120215,2,0.103,313.58,438.037964,11.841553,-84.63,44.286089,5920.776367,19961019_080215
139,KAPX19961019_121209,12,-1.000,313.58,438.037964,27.741553,-84.63,44.286089,13870.776367,19961019_081209
139,KAPX19961019_122202,22,0.322,311.02,431.879456,11.039146,-84.65,44.313811,5519.573212,19961019_082202
140,KAPX19961019_121209,12,0.401,207.05,134.699097,26.182602,-85.32,45.649357,13091.300964,19961019_081209
140,KAPX19961019_122202,22,-1.000,207.05,134.699097,42.082602,-85.32,45.649357,21041.300964,19961019_082202
140,KAPX19961019_123156,31,0.177,200.10,156.212158,35.667641,-85.36,45.552341,17833.820343,19961019_083156
140,KAPX19961019_124150,41,0.351,205.79,159.804108,30.394325,-85.32,45.536379,15197.162628,19961019_084150
143,KAPX19961019_122202,22,0.217,504.68,292.707153,11.920845,-83.42,44.932675,5960.422516,19961019_082202
144,KAPX19961019_122202,22,0.133,133.02,300.112244,16.072929,-85.78,44.901822,8036.464691,19961019_082202
145,KAPX19961019_122202,22,0.128,257.45,439.209595,11.115677,-84.99,44.280535,5557.838440,19961019_082202
149,KAPX19961019_124150,41,0.292,367.19,183.529938,19.444595,-84.29,45.430420,9722.297668,19961019_084150
151,KAPX19961019_124150,41,0.209,405.22,247.531769,10.268951,-84.05,45.141329,5134.475708,19961019_084150
152,KAPX19961019_124150,41,0.134,399.72,288.618134,10.566055,-84.09,44.956682,5283.027649,19961019_084150
155,KAPX19961019_125144,51,0.228,242.20,230.256134,21.628155,-85.09,45.220415,10814.077377,19961019_085144
157,KAPX19961019_125144,51,0.115,305.66,403.646484,12.062866,-84.68,44.440865,6031.433105,19961019_085144
159,KAPX19961019_130138,61,0.152,497.54,326.334137,11.207794,-83.47,44.781907,5603.897095,19961019_090138
161,KAPX19961019_131132,71,0.360,300.81,124.911316,7.121231,-84.71,45.694931,3560.615540,19961019_091132
164,KAPX19961019_131132,71,0.181,371.04,150.964783,7.973953,-84.26,45.576826,3986.976624,19961019_091132
155,KAPX19961020_115614,-5,0.445,305.94,299.721924,62.520157,-84.68,44.908465,31260.078430,19961020_075614
155,KAPX19961020_120608,5,0.203,307.04,298.482176,70.798998,-84.68,44.914040,35399.499220,19961020_080608
155,KAPX19961020_121602,15,0.145,311.22,302.045433,68.243684,-84.65,44.897995,34121.841776,19961020_081602
155,KAPX19961020_122556,24,-1.000,314.59,304.666486,67.338464,-84.63,44.886187,33669.231894,19961020_082556
155,KAPX19961020_123550,34,0.135,308.14,302.009236,65.287531,-84.67,44.898168,32643.765390,19961020_083550
155,KAPX19961020_124543,44,-1.000,306.10,301.757119,63.687926,-84.68,44.899308,31843.962795,19961020_084543
155,KAPX19961020_125537,54,-1.000,304.05,301.505002,62.088320,-84.69,44.900446,31044.160200,19961020_085537
155,KAPX19961020_130531,64,-1.000,302.01,301.252885,60.488715,-84.71,44.901582,30244.357605,19961020_090531
155,KAPX19961020_131525,74,-1.000,299.96,301.000768,58.889110,-84.72,44.902717,29444.555010,19961020_091525
155,KAPX19961020_132519,84,0.153,326.34,298.918861,65.141094,-84.55,44.911963,32570.546964,19961020_092519
154,KAPX19961020_115614,-5,0.698,414.36,317.893890,14.642960,-84.00,44.824420,7321.479797,19961020_075614
154,KAPX19961020_120608,5,0.127,414.18,322.147283,21.709990,-84.00,44.805291,10854.995216,19961020_080608
154,KAPX19961020_121602,15,0.343,411.48,317.799412,21.111544,-84.01,44.824959,10555.771839,19961020_081602
154,KAPX19961020_122556,24,-1.000,409.38,314.957589,21.619210,-84.03,44.837826,10809.605171,19961020_082556
154,KAPX19961020_123550,34,-1.000,407.04,311.800008,22.183284,-84.04,44.852121,11091.642207,19961020_083550
154,KAPX19961020_124543,44,-1.000,404.70,308.642426,22.747358,-84.06,44.866413,11373.679242,19961020_084543
154,KAPX19961020_125537,54,-1.000,402.37,305.484845,23.311433,-84.07,44.880705,11655.716278,19961020_085537
154,KAPX19961020_130531,64,-1.000,400.03,302.327264,23.875507,-84.09,44.894994,11937.753313,19961020_090531
154,KAPX19961020_131525,74,0.933,383.30,265.863891,27.371374,-84.19,45.059582,13685.687007,19961020_091525
154,KAPX19961020_132519,84,0.207,376.86,290.485738,45.305421,-84.23,44.948989,22652.710665,19961020_092519
151,KAPX19961020_113627,-25,0.314,367.20,126.370300,7.602829,-84.29,45.687560,3801.414490,19961020_073627
157,KAPX19961020_120608,5,0.125,370.38,101.354034,10.733505,-84.27,45.800017,5366.752625,19961020_080608
159,KAPX19961020_121602,15,0.311,493.78,348.655792,11.905579,-83.50,44.681746,5952.789307,19961020_081602
161,KAPX19961020_123550,34,0.383,400.20,346.602417,11.195045,-84.09,44.695787,5597.522736,19961020_083550
162,KAPX19961020_123550,34,0.280,176.13,326.257935,10.490341,-85.50,44.786393,5245.170593,19961020_083550
163,KAPX19961020_124543,44,0.371,354.72,310.237457,22.842987,-84.37,44.860634,11421.493530,19961020_084543
164,KAPX19961020_124543,44,0.127,397.26,524.882324,7.063320,-84.11,43.893709,3531.660080,19961020_084543
165,KAPX19961020_125537,54,0.456,482.83,346.511322,7.213043,-83.57,44.692113,3606.521606,19961020_085537
167,KAPX19961020_125537,54,0.130,144.70,342.688354,6.664562,-85.70,44.710938,3332.281113,19961020_085537
175,KAPX19961021_124758,45,0.166,186.69,240.948578,11.190865,-85.44,45.170633,5595.432281,19961021_084758
175,KAPX19961021_125753,55,0.424,184.58,240.297211,19.255272,-85.45,45.173478,9627.636084,19961021_085753
177,KAPX19961021_125753,55,0.311,88.68,292.405151,11.128792,-86.06,44.933549,5564.395905,19961021_085753
177,KAPX19961021_130747,65,0.286,87.15,285.769603,20.011848,-86.07,44.963284,10005.923757,19961021_090747
161,KAPX19961021_113841,-24,0.384,371.36,134.621521,6.927902,-84.26,45.650339,3463.951111,19961021_073841
163,KAPX19961021_113841,-24,0.126,306.27,424.569641,24.204758,-84.68,44.346717,12102.378845,19961021_073841
164,KAPX19961021_115829,-4,0.625,344.75,120.556030,10.490753,-84.43,45.714166,5245.376587,19961021_075829
166,KAPX19961021_120823,6,0.450,271.65,179.269043,11.177094,-84.90,45.450248,5588.546753,19961021_080823
167,KAPX19961021_121817,16,0.173,295.87,101.025024,11.499237,-84.75,45.802382,5749.618530,19961021_081817
168,KAPX19961021_124758,45,0.460,308.48,73.719849,7.593994,-84.67,45.925204,3796.997070,19961021_084758
169,KAPX19961021_124758,45,0.454,242.44,528.030457,7.291542,-85.08,43.880596,3645.771027,19961021_084758
170,KAPX19961021_124758,45,0.343,279.92,93.206818,18.713074,-84.85,45.837483,9356.536865,19961021_084758
171,KAPX19961021_124758,45,0.293,318.06,182.145477,11.186874,-84.60,45.437393,5593.437195,19961021_084758
172,KAPX19961021_124758,45,0.195,406.14,380.493713,11.970123,-84.05,44.543088,5985.061646,19961021_084758
179,KAPX19961021_125753,55,0.119,241.41,190.265594,6.884392,-85.09,45.400310,3442.195892,19961021_085753
174,KAPX19961022_114811,-16,0.599,363.86,303.060974,6.717651,-84.32,44.892732,3358.825684,19961022_074811
174,KAPX19961022_115805,-6,0.118,369.17,295.071754,18.403652,-84.28,44.928553,9201.825874,19961022_075805
182,KAPX19961022_130722,63,0.189,301.78,299.950592,45.963760,-84.71,44.907442,22981.880188,19961022_090722
182,KAPX19961022_131716,73,0.223,302.43,298.318657,53.688406,-84.70,44.914784,26844.203138,19961022_091716
175,KAPX19961022_114811,-16,0.328,394.48,67.616394,2.773651,-84.11,45.951068,1386.825562,19961022_074811
176,KAPX19961022_114811,-16,0.267,327.69,176.770386,14.536285,-84.54,45.461496,7268.142700,19961022_074811
177,KAPX19961022_114811,-16,0.252,373.51,289.698822,15.045334,-84.25,44.952618,7522.666931,19961022_074811
180,KAPX19961022_120759,3,0.734,406.71,306.255310,13.707443,-84.04,44.877079,6853.721619,19961022_080759
183,KAPX19961022_131716,73,0.266,433.89,277.945557,42.672913,-83.87,45.003294,21336.456299,19961022_091716
190,KAPX19961023_122608,21,0.316,271.21,433.163635,14.478569,-84.90,44.307910,7239.284515,19961023_082608
190,KAPX19961023_123159,26,0.464,271.61,428.892268,19.719677,-84.90,44.327134,9859.838369,19961023_083159
191,KAPX19961023_122608,21,0.209,200.40,567.129517,27.485363,-85.34,43.703520,13742.681503,19961023_082608
191,KAPX19961023_123159,26,0.299,198.84,567.249736,36.330425,-85.35,43.702926,18165.212305,19961023_083159
181,KAPX19961023_113924,-26,0.126,150.28,173.843658,47.117760,-85.68,45.470813,23558.879852,19961023_073924
181,KAPX19961023_114514,-20,-1.000,150.28,173.843658,56.657760,-85.68,45.470813,28328.879852,19961023_074514
181,KAPX19961023_115105,-14,0.106,124.03,147.953339,37.775955,-85.85,45.585752,18887.977600,19961023_075105
182,KAPX19961023_114514,-20,0.211,477.03,265.672974,46.512596,-83.60,45.056144,23256.298065,19961023_074514
183,KAPX19961023_114514,-20,0.192,299.71,516.960205,36.093987,-84.72,43.930981,18046.993256,19961023_074514
185,KAPX19961023_120246,-3,0.348,311.39,394.448517,15.173409,-84.65,44.482235,7586.704254,19961023_080246
186,KAPX19961023_120246,-3,0.117,382.68,254.153717,37.952591,-84.19,45.112284,18976.295471,19961023_080246
187,KAPX19961023_120836,3,0.121,111.35,535.612671,19.513643,-85.89,43.840948,9756.821632,19961023_080836
188,KAPX19961023_121427,9,0.103,34.24,453.322968,39.020309,-86.38,44.205143,19510.154724,19961023_081427
189,KAPX19961023_122018,15,0.262,265.14,182.704132,11.615173,-84.94,45.434721,5807.586670,19961023_082018
192,KAPX19961023_124339,38,0.647,108.84,421.701538,22.753002,-85.92,44.353297,11376.501083,19961023_084339
193,KAPX19961023_124339,38,0.195,260.35,298.311951,26.649776,-84.97,44.914539,13324.888229,19961023_084339
194,KAPX19961023_124339,38,0.151,32.77,256.464386,25.274725,-86.42,45.090507,12637.362480,19961023_084339
195,KAPX19961023_124339,38,0.128,277.69,258.050537,14.514465,-84.86,45.095870,7257.232666,19961023_084339
196,KAPX19961023_124929,44,0.499,519.40,153.242188,32.051102,-83.31,45.558903,16025.550842,19961023_084929
197,KAPX19961023_130701,62,0.238,489.44,494.137177,20.380638,-83.54,44.027511,10190.319061,19961023_090701
198,KAPX19961023_130701,62,0.120,267.40,423.094879,18.838757,-84.92,44.353176,9419.378281,19961023_090701
199,KAPX19961023_131251,67,0.184,502.78,426.618774,14.540489,-83.45,44.330381,7270.244598,19961023_091251
200,KAPX19961023_132433,79,0.202,484.53,397.639160,20.748299,-83.56,44.461986,10374.149323,19961023_092433
204,KAPX19961024_115559,-11,0.553,40.09,233.945099,22.056976,-86.37,45.192474,11028.488159,19961024_075559
204,KAPX19961024_120149,-5,0.386,45.01,236.116483,27.954380,-86.34,45.183155,13977.190125,19961024_080149
204,KAPX19961024_120739,1,0.280,59.62,245.072123,28.059699,-86.25,45.144151,14029.849457,19961024_080739
204,KAPX19961024_121330,7,0.258,71.38,236.203661,34.974705,-86.17,45.185016,17487.352364,19961024_081330
204,KAPX19961024_121920,13,0.280,79.56,224.399044,43.567996,-86.12,45.238762,21783.997835,19961024_081920
201,KAPX19961024_114418,-22,0.958,354.36,303.220398,15.653427,-84.38,44.892212,7826.713562,19961024_074418
201,KAPX19961024_115008,-16,0.113,357.81,302.662095,24.320262,-84.35,44.894656,12160.130789,19961024_075008
205,KAPX19961024_115559,-11,0.405,462.37,276.766693,27.768219,-83.69,45.007114,13884.109497,19961024_075559
205,KAPX19961024_120149,-5,0.792,465.89,280.729540,32.626129,-83.67,44.989083,16313.064626,19961024_080149
205,KAPX19961024_120739,1,-1.000,468.90,284.126265,38.152909,-83.65,44.973625,19076.454736,19961024_080739
205,KAPX19961024_121330,7,0.510,482.48,281.736633,25.234299,-83.56,44.983537,12617.149353,19961024_081330
205,KAPX19961024_121920,13,0.201,485.81,282.537236,31.213357,-83.54,44.979719,15606.678544,19961024_081920
205,KAPX19961024_122511,19,0.133,500.82,288.155579,25.080994,-83.45,44.953425,12540.496826,19961024_082511
214,KAPX19961024_121330,7,0.341,162.31,166.594940,27.778587,-85.60,45.504036,13889.293671,19961024_081330
214,KAPX19961024_121920,13,0.308,162.58,170.598481,37.688918,-85.60,45.486039,18844.459228,19961024_081920
214,KAPX19961024_122511,19,0.251,137.49,170.201263,11.539665,-85.76,45.486488,5769.832611,19961024_082511
220,KAPX19961024_122511,19,0.208,433.10,522.299683,16.610336,-83.89,43.903914,8305.168152,19961024_082511
220,KAPX19961024_123103,25,0.120,438.80,522.779999,24.785644,-83.86,43.901487,12392.821933,19961024_083103
220,KAPX19961024_123654,30,0.711,462.06,524.466431,20.860886,-83.71,43.892699,10430.442810,19961024_083654
220,KAPX19961024_124555,39,0.829,482.20,527.225369,22.524760,-83.59,43.879096,11262.379951,19961024_084555
224,KAPX19961024_123103,25,0.138,201.72,109.973358,45.947372,-85.35,45.760401,22973.686218,19961024_083103
224,KAPX19961024_123654,30,0.291,205.90,109.960430,51.805558,-85.32,45.760604,25902.779050,19961024_083654
230,KAPX19961024_125737,51,0.248,535.80,527.833618,32.358391,-83.25,43.872519,16179.195404,19961024_085737
230,KAPX19961024_130327,57,0.159,536.94,522.841730,41.495567,-83.25,43.894885,20747.783737,19961024_090327
231,KAPX19961024_130918,63,0.109,527.39,233.366425,44.396790,-83.27,45.197876,22198.394775,19961024_090918
231,KAPX19961024_131510,69,0.417,528.71,235.209065,49.239837,-83.26,45.189482,24619.918572,19961024_091510
200,KAPX19961024_113828,-28,0.336,295.26,296.056152,11.377289,-84.75,44.924960,5688.644409,19961024_073828
206,KAPX19961024_120149,-5,0.271,571.69,387.835388,25.466469,-83.01,44.499179,12733.234406,19961024_080149
207,KAPX19961024_120149,-5,0.202,342.36,325.900482,15.040527,-84.45,44.790372,7520.263672,19961024_080149
209,KAPX19961024_120149,-5,0.101,469.57,380.887634,35.998512,-83.65,44.538272,17999.256134,19961024_080149
210,KAPX19961024_120739,1,0.833,475.01,281.378632,28.292923,-83.61,44.985616,14146.461487,19961024_080739
211,KAPX19961024_120739,1,0.318,130.09,333.616302,37.625153,-85.79,44.750922,18812.576294,19961024_080739
212,KAPX19961024_120739,1,0.176,151.21,177.486115,43.639931,-85.67,45.454478,21819.965363,19961024_080739
216,KAPX19961024_121330,7,0.175,537.96,289.952209,37.514160,-83.21,44.942481,18757.080078,19961024_081330
217,KAPX19961024_121920,13,0.116,450.93,508.330261,35.756451,-83.78,43.965903,17878.225327,19961024_081920
221,KAPX19961024_122511,19,0.205,343.69,294.130280,14.254547,-84.44,44.933294,7127.273560,19961024_082511
226,KAPX19961024_123654,30,0.144,137.31,349.022186,22.419514,-85.75,44.682032,11209.756851,19961024_083654
227,KAPX19961024_123654,30,0.113,298.47,121.308044,18.720993,-84.73,45.711140,9360.496521,19961024_083654
229,KAPX19961024_125146,45,0.138,238.91,175.816010,22.602493,-85.11,45.465262,11301.246643,19961024_085146
233,KAPX19961024_132101,75,0.262,329.17,406.234894,6.457245,-84.54,44.429076,3228.622437,19961024_092101
234,KAPX19961024_132101,75,0.126,470.45,270.816742,19.722733,-83.64,45.033407,9861.366272,19961024_092101
235,KAPX19961024_132651,80,0.132,373.18,270.196106,26.688934,-84.26,45.040371,13344.467163,19961024_092651
233,KAPX19961026_131743,68,0.124,244.02,287.999939,6.609840,-85.07,44.960660,3304.920197,19961026_091743
233,KAPX19961026_132737,78,0.121,249.29,291.148669,23.336715,-85.04,44.946592,11668.357418,19961026_092737
224,KAPX19961026_115825,-11,0.119,112.58,333.144073,10.820389,-85.90,44.751952,5410.194397,19961026_075825
225,KAPX19961026_123800,29,0.177,280.93,100.592468,18.616798,-84.84,45.804266,9308.399200,19961026_083800
226,KAPX19961026_123800,29,0.132,321.70,120.382385,11.252670,-84.58,45.715220,5626.335144,19961026_083800
227,KAPX19961026_124754,38,0.732,228.00,560.550903,11.460825,-85.17,43.733933,5730.412483,19961026_084754
228,KAPX19961026_124754,38,0.101,379.06,317.986725,6.684143,-84.22,44.825198,3342.071533,19961026_084754
229,KAPX19961026_125748,48,0.158,290.42,415.147522,11.436607,-84.78,44.389105,5718.303680,19961026_085748
230,KAPX19961026_125748,48,0.131,513.36,223.568939,10.373886,-83.36,45.243040,5186.943054,19961026_085748
231,KAPX19961026_131743,68,0.230,245.00,125.706207,8.100418,-85.07,45.690814,4050.209045,19961026_091743
254,KAPX19961030_123909,25,0.313,24.96,164.269836,28.586687,-86.48,45.504407,14293.343544,19961030_073909
254,KAPX19961030_124459,30,0.552,32.86,166.519060,36.281470,-86.43,45.495053,18140.735006,19961030_074459
254,KAPX19961030_125050,36,0.648,51.51,164.338588,34.329259,-86.31,45.506571,17164.629488,19961030_075050
254,KAPX19961030_125639,42,-1.000,68.44,162.842256,34.142729,-86.20,45.514747,17071.364563,19961030_075639
254,KAPX19961030_130821,54,0.863,73.96,157.142237,33.230216,-86.17,45.540835,16615.107812,19961030_080821
254,KAPX19961030_131411,60,0.910,95.60,167.057659,45.147339,-86.03,45.497894,22573.669467,19961030_081411
254,KAPX19961030_132002,66,0.384,110.72,167.144288,49.609090,-85.93,45.498564,24804.544896,19961030_082002
239,KAPX19961030_115813,-16,0.320,466.18,109.086365,31.568092,-83.65,45.761177,15784.046173,19961030_065813
239,KAPX19961030_120404,-10,-1.000,466.18,109.086365,41.108092,-83.65,45.761177,20554.046173,19961030_070404
239,KAPX19961030_120955,-5,0.474,451.36,120.006879,53.691464,-83.75,45.712898,26845.732128,19961030_070955
239,KAPX19961030_121545,1,0.830,450.67,124.742307,58.378875,-83.75,45.691634,29189.437340,19961030_071545
246,KAPX19961030_122135,7,0.198,528.95,196.353577,43.474030,-83.26,45.364233,21737.014771,19961030_072135
246,KAPX19961030_122726,13,-1.000,528.95,196.353577,53.014030,-83.26,45.364233,26507.014771,19961030_072726
246,KAPX19961030_123316,19,0.113,511.29,189.020856,54.407722,-83.37,45.398595,27203.860951,19961030_073316
246,KAPX19961030_123909,25,0.157,507.27,195.367859,64.767416,-83.40,45.370344,32383.707836,19961030_073909
255,KAPX19961030_123909,25,0.137,460.01,134.307434,57.466286,-83.69,45.648090,28733.142853,19961030_073909
255,KAPX19961030_124459,30,0.711,459.91,133.815872,60.506338,-83.69,45.650307,30253.169075,19961030_074459
255,KAPX19961030_125050,36,0.457,464.16,129.625447,57.598883,-83.67,45.668910,28799.441628,19961030_075050
255,KAPX19961030_125639,42,0.255,482.42,118.214722,47.584854,-83.55,45.719105,23792.427063,19961030_075639
255,KAPX19961030_130821,54,0.116,511.07,143.297607,29.870087,-83.37,45.604271,14935.043335,19961030_080821
255,KAPX19961030_131411,60,-1.000,511.07,143.297607,39.410087,-83.37,45.604271,19705.043335,19961030_081411
255,KAPX19961030_132002,66,0.462,485.86,172.805511,58.280190,-83.53,45.473327,29140.094757,19961030_082002
236,KAPX19961030_115224,-22,0.238,213.44,90.322571,67.327530,-85.28,45.849186,33663.764954,19961030_065224
236,KAPX19961030_115813,-16,0.148,213.94,91.301850,76.217554,-85.27,45.844796,38108.776766,19961030_065813
236,KAPX19961030_120404,-10,-1.000,214.37,92.141233,85.200431,-85.27,45.841034,42600.215463,19961030_070404
236,KAPX19961030_120955,-5,0.530,168.55,115.198700,71.684174,-85.56,45.735533,35842.086792,19961030_070955
236,KAPX19961030_121545,1,0.562,176.53,110.226076,74.526137,-85.51,45.758265,37263.068372,19961030_071545
236,KAPX19961030_122135,7,0.776,184.61,98.499298,63.434464,-85.46,45.811361,31717.231750,19961030_072135
236,KAPX19961030_122726,13,0.236,189.32,94.930790,69.531270,-85.43,45.827604,34765.634779,19961030_072726
243,KAPX19961030_121545,1,0.172,178.69,560.518921,44.434166,-85.47,43.732448,22217.082977,19961030_071545
243,KAPX19961030_122135,7,0.234,182.79,560.840885,49.377852,-85.45,43.731167,24688.925866,19961030_072135
243,KAPX19961030_122726,13,-1.000,186.31,561.116855,54.978154,-85.43,43.730064,27489.076914,19961030_072726
243,KAPX19961030_123316,19,0.396,188.22,567.556335,22.035437,-85.41,43.701160,11017.718315,19961030_073316
261,KAPX19961030_125050,36,0.130,132.74,378.291534,50.446804,-85.77,44.550087,25223.402023,19961030_075050
261,KAPX19961030_125639,42,0.147,134.84,376.872739,55.698780,-85.76,44.556592,27849.390194,19961030_075639
261,KAPX19961030_130821,54,0.357,128.20,338.246826,20.525436,-85.80,44.729977,10262.718201,19961030_080821
261,KAPX19961030_131411,60,0.499,133.40,337.705317,26.887709,-85.77,44.732721,13443.854327,19961030_081411
263,KAPX19961030_125050,36,0.104,200.49,387.801941,56.447285,-85.35,44.510442,28223.642349,19961030_075050
263,KAPX19961030_125639,42,0.323,201.92,387.677663,61.493546,-85.34,44.511051,30746.773026,19961030_075639
263,KAPX19961030_130821,54,-1.000,204.37,387.464614,72.869994,-85.32,44.512092,36434.997042,19961030_080821
263,KAPX19961030_131411,60,0.107,233.15,391.111694,50.442291,-85.14,44.496495,25221.145630,19961030_081411
277,KAPX19961030_132552,71,0.463,478.77,169.735992,51.130440,-83.58,45.487594,25565.219879,19961030_082552
277,KAPX19961030_133142,77,0.745,480.31,170.066081,55.712978,-83.57,45.486011,27856.488840,19961030_083142
277,KAPX19961030_133732,83,0.765,487.57,164.503571,48.674591,-83.52,45.510557,24337.295532,19961030_083732
278,KAPX19961030_133142,77,0.298,23.08,325.339325,23.467342,-86.47,44.779791,11733.671188,19961030_083142
278,KAPX19961030_133732,83,0.127,26.92,325.113932,29.556578,-86.45,44.781174,14778.288891,19961030_083732
233,KAPX19961030_114632,-28,0.495,258.84,499.000763,23.564381,-84.98,44.011507,11782.190323,19961030_064632
234,KAPX19961030_114632,-28,0.342,452.76,110.952637,46.570061,-83.74,45.753549,23285.030365,19961030_064632
235,KAPX19961030_114632,-28,0.115,208.13,177.425446,65.601936,-85.31,45.457185,32800.968170,19961030_064632
237,KAPX19961030_115224,-22,0.101,489.38,238.109772,37.270447,-83.51,45.179338,18635.223389,19961030_065224
238,KAPX19961030_115813,-16,0.367,455.07,334.517212,11.264648,-83.74,44.747712,5632.324219,19961030_065813
240,KAPX19961030_120404,-10,0.147,14.58,239.019135,10.362166,-86.54,45.167196,5181.083202,19961030_070404
241,KAPX19961030_120404,-10,0.132,233.71,575.768494,26.945433,-85.13,43.665587,13472.716331,19961030_070404
244,KAPX19961030_121545,1,0.118,557.37,515.665771,40.974018,-83.12,43.925437,20487.009048,19961030_071545
249,KAPX19961030_122726,13,0.227,491.76,177.442749,41.651237,-83.49,45.452072,20825.618744,19961030_072726
252,KAPX19961030_123909,25,0.458,404.34,456.151611,24.982368,-84.07,44.202733,12491.184235,19961030_073909
257,KAPX19961030_124459,30,0.286,430.90,192.173035,24.800888,-83.88,45.389298,12400.444031,19961030_074459
260,KAPX19961030_125050,36,0.133,236.75,126.968048,12.446579,-85.13,45.684963,6223.289490,19961030_075050
268,KAPX19961030_130821,54,0.149,59.43,94.742218,11.704893,-86.27,45.820273,5852.446556,19961030_080821
270,KAPX19961030_131411,60,0.258,451.94,363.529938,28.900112,-83.76,44.617352,14450.056076,19961030_081411
275,KAPX19961030_132002,66,0.163,24.94,350.585144,25.406895,-86.45,44.666415,12703.447342,19961030_082002
276,KAPX19961030_132002,66,0.103,532.42,272.262268,41.388344,-83.25,45.022511,20694.171906,19961030_082002
281,KAPX19961030_133732,83,0.276,533.75,385.960724,44.336643,-83.25,44.510946,22168.321609,19961030_083732
282,KAPX19961030_133732,83,0.177,152.32,384.142792,27.003908,-85.65,44.524835,13501.954079,19961030_083732
275,KAPX19961031_120724,-9,0.932,359.72,297.502411,30.340500,-84.34,44.917831,15170.249939,19961031_070724
275,KAPX19961031_121314,-3,0.764,369.94,296.387469,32.444125,-84.28,44.922615,16222.062701,19961031_071314
275,KAPX19961031_122026,4,-1.000,380.16,295.272527,36.137751,-84.21,44.927362,18068.875463,19961031_072026
275,KAPX19961031_123021,14,-1.000,394.76,293.679752,41.414359,-84.12,44.934079,20707.179409,19961031_073021
275,KAPX19961031_124014,24,-1.000,409.36,292.086977,46.690967,-84.03,44.940722,23345.483355,19961031_074014
275,KAPX19961031_125008,34,-1.000,423.96,290.494203,51.967575,-83.93,44.947290,25983.787301,19961031_075008
275,KAPX19961031_130002,44,-1.000,438.56,288.901428,57.244182,-83.84,44.953782,28622.091247,19961031_080002
275,KAPX19961031_130956,53,-1.000,451.70,287.467931,61.993130,-83.76,44.959561,30996.564798,19961031_080956
275,KAPX19961031_132116,65,0.882,438.92,321.032369,62.554812,-83.84,44.809211,31277.405893,19961031_082116
275,KAPX19961031_132707,71,0.799,450.17,313.863963,63.171123,-83.77,44.840891,31585.561335,19961031_082707
275,KAPX19961031_133257,76,0.853,461.63,316.247589,60.522619,-83.70,44.829541,30261.309602,19961031_083257
275,KAPX19961031_133847,82,0.746,468.72,320.322401,67.566167,-83.65,44.810799,33783.083390,19961031_083847
265,KAPX19961031_114951,-27,0.508,397.51,555.953491,48.349495,-84.11,43.753883,24174.747467,19961031_064951
265,KAPX19961031_115542,-21,0.932,405.96,558.198919,46.150799,-84.06,43.743484,23075.399593,19961031_065542
265,KAPX19961031_120132,-15,0.854,419.93,557.372932,46.339826,-83.98,43.746662,23169.913117,19961031_070132
265,KAPX19961031_120724,-9,0.920,427.35,557.077414,43.537974,-83.93,43.747678,21768.986837,19961031_070724
265,KAPX19961031_121314,-3,0.813,440.85,558.455217,46.314844,-83.85,43.740859,23157.421970,19961031_071314
264,KAPX19961031_114951,-27,0.776,408.02,279.694458,26.995941,-84.03,44.996527,13497.970581,19961031_064951
264,KAPX19961031_115542,-21,0.905,416.23,277.135388,28.395299,-83.98,45.007716,14197.649473,19961031_065542
264,KAPX19961031_120132,-15,0.858,438.02,276.101534,31.352780,-83.84,45.011393,15676.390116,19961031_070132
264,KAPX19961031_120724,-9,0.743,450.56,276.181388,32.506032,-83.76,45.010397,16253.015937,19961031_070724
287,KAPX19961031_132116,65,0.878,386.64,250.457581,34.102875,-84.17,45.128795,17051.437378,19961031_082116
287,KAPX19961031_132707,71,0.952,394.27,252.205535,34.825494,-84.12,45.120687,17412.746785,19961031_082707
287,KAPX19961031_133257,76,0.226,401.48,246.444772,35.229817,-84.07,45.146355,17614.908711,19961031_083257
287,KAPX19961031_133847,82,0.176,426.15,248.021851,30.238907,-83.92,45.138269,15119.453430,19961031_083847
287,KAPX19961031_134438,88,0.338,433.66,251.423016,36.721998,-83.87,45.122624,18360.998758,19961031_084438
262,KAPX19961031_114951,-27,0.865,543.87,432.832703,32.115685,-83.19,44.299249,16057.842255,19961031_064951
262,KAPX19961031_115542,-21,0.522,550.73,435.857579,38.491665,-83.15,44.285054,19245.832566,19961031_065542
263,KAPX19961031_114951,-27,0.793,419.04,401.064240,42.730186,-83.97,44.450029,21365.093231,19961031_064951
263,KAPX19961031_115542,-21,0.666,424.53,398.984975,48.846316,-83.94,44.459152,24423.157855,19961031_065542
267,KAPX19961031_114951,-27,0.201,198.45,505.208374,18.654182,-85.35,43.982092,9327.091217,19961031_064951
267,KAPX19961031_115542,-21,0.402,216.17,505.910583,15.926250,-85.24,43.979497,7963.125229,19961031_065542
267,KAPX19961031_120132,-15,0.125,264.13,482.848999,57.822395,-84.94,44.084258,28911.197662,19961031_070132
269,KAPX19961031_115542,-21,0.343,161.09,412.668213,41.106789,-85.59,44.396929,20553.394318,19961031_065542
270,KAPX19961031_115542,-21,0.115,333.61,306.772675,34.772552,-84.51,44.876550,17386.276245,19961031_065542
277,KAPX19961031_121314,-3,0.237,379.59,482.272949,68.853104,-84.22,44.085981,34426.551819,19961031_071314
278,KAPX19961031_122026,4,0.832,279.99,355.097870,16.126369,-84.85,44.659246,8063.184738,19961031_072026
279,KAPX19961031_122026,4,0.126,452.62,356.477875,12.169510,-83.76,44.649043,6084.754944,19961031_072026
280,KAPX19961031_123021,14,0.487,132.02,191.651123,24.389915,-85.79,45.389679,12194.957733,19961031_073021
281,KAPX19961031_123021,14,0.239,447.08,231.993317,16.257935,-83.78,45.209367,8128.967285,19961031_073021
282,KAPX19961031_124014,24,0.176,136.26,264.452148,26.184868,-85.76,45.062434,13092.433929,19961031_074014
283,KAPX19961031_124014,24,0.171,318.13,153.225098,13.219879,-84.60,45.567498,6609.939575,19961031_074014
284,KAPX19961031_124014,24,0.113,545.06,203.493347,33.149231,-83.16,45.330765,16574.615479,19961031_074014
285,KAPX19961031_130002,44,0.195,303.80,321.723206,10.739380,-84.70,44.809479,5369.689941,19961031_080002
286,KAPX19961031_130956,53,0.232,195.71,67.872009,3.348503,-85.39,45.949567,1674.251556,19961031_080956
291,KAPX19961031_132707,71,0.210,454.74,113.900848,52.284897,-83.73,45.740178,26142.448425,19961031_082707
293,KAPX19961031_133847,82,0.268,456.87,181.564026,38.697037,-83.72,45.435695,19348.518372,19961031_083847
299,KAPX19961101_125443,37,0.822,401.83,261.684296,39.886841,-84.07,45.077782,19943.420410,19961101_075443
299,KAPX19961101_130437,47,-1.000,401.83,261.684296,55.786841,-84.07,45.077782,27893.420410,19961101_080437
299,KAPX19961101_131431,57,0.120,409.33,272.836606,52.601415,-84.03,45.027330,26300.707498,19961101_081431
299,KAPX19961101_132425,67,0.171,425.38,264.074827,57.167064,-83.92,45.066085,28583.531756,19961101_082425
294,KAPX19961101_123456,17,0.634,87.72,342.506927,15.626568,-86.06,44.708095,7813.283920,19961101_073456
294,KAPX19961101_124449,27,-1.000,87.72,342.506927,31.526568,-86.06,44.708095,15763.283920,19961101_074449
294,KAPX19961101_125443,37,0.141,99.35,368.879783,31.184602,-85.98,44.590290,15592.300959,19961101_075443
294,KAPX19961101_130437,47,0.157,113.08,354.742340,11.381775,-85.90,44.654819,5690.887451,19961101_080437
294,KAPX19961101_131431,57,0.858,99.07,357.448713,21.205421,-85.99,44.641696,10602.710480,19961101_081431
282,KAPX19961101_115520,-22,0.596,256.01,255.365540,10.197205,-85.00,45.107696,5098.602295,19961101_065520
283,KAPX19961101_115520,-22,0.128,363.81,294.748810,22.612000,-84.32,44.930131,11305.999756,19961101_065520
285,KAPX19961101_120514,-12,0.319,196.87,339.344879,28.802158,-85.37,44.728336,14401.079178,19961101_070514
286,KAPX19961101_120514,-12,0.283,417.13,167.220764,20.195602,-83.97,45.502153,10097.801208,19961101_070514
287,KAPX19961101_120514,-12,0.199,401.73,239.469025,34.370972,-84.07,45.177729,17185.485840,19961101_070514
287,KAPX19961101_121508,-2,0.378,391.31,222.979431,20.496765,-84.14,45.252268,10248.382568,19961101_071508
288,KAPX19961101_120514,-12,0.101,384.52,408.878357,14.245163,-84.19,44.416090,7122.581482,19961101_070514
290,KAPX19961101_121508,-2,0.100,287.10,374.355865,6.637756,-84.80,44.572637,3318.878174,19961101_071508
291,KAPX19961101_122502,8,0.402,128.68,369.411804,12.417038,-85.80,44.589797,6208.518982,19961101_072502
293,KAPX19961101_122502,8,0.119,150.77,343.419464,22.093651,-85.66,44.707972,11046.825409,19961101_072502
295,KAPX19961101_123456,17,0.513,486.36,174.564117,21.282104,-83.53,45.465383,10641.052246,19961101_073456
296,KAPX19961101_123456,17,0.440,198.25,339.564178,25.508343,-85.36,44.727399,12754.171371,19961101_073456
301,KAPX19961101_125443,37,0.115,435.67,368.994751,6.135315,-83.87,44.593581,3067.657471,19961101_075443
302,KAPX19961101_130437,47,0.164,511.36,188.189514,6.928978,-83.37,45.402329,3464.488983,19961101_080437
302,KAPX19961101_131431,57,-1.000,511.36,188.189514,22.828978,-83.37,45.402329,11414.488983,19961101_081431
302,KAPX19961101_132425,67,0.384,506.76,178.154266,17.782806,-83.40,45.447809,8891.403198,19961101_082425
304,KAPX19961101_130437,47,0.119,200.31,339.358704,29.532730,-85.35,44.728396,14766.365051,19961101_080437
304,KAPX19961101_131431,57,0.320,217.44,344.434174,26.402912,-85.24,44.706106,13201.456070,19961101_081431
306,KAPX19961101_131431,57,0.430,81.95,286.833191,19.255882,-86.10,44.958106,9627.941132,19961101_081431
311,KAPX19961101_132425,67,0.207,188.14,405.417816,50.787628,-85.42,44.430729,25393.814087,19961101_082425
312,KAPX19961101_132425,67,0.126,475.83,399.622253,30.702057,-83.62,44.453609,15351.028442,19961101_082425
301,KAPX19961102_115211,-27,0.952,278.36,480.314087,24.224018,-84.85,44.095806,12112.009048,19961102_065211
301,KAPX19961102_115802,-21,0.822,282.90,483.420242,27.113202,-84.83,44.081859,13556.601225,19961102_065802
301,KAPX19961102_120352,-16,-1.000,286.14,485.638924,30.312620,-84.81,44.071892,15156.309923,19961102_070352
301,KAPX19961102_120943,-10,0.318,291.46,480.193013,32.283085,-84.77,44.096419,16141.542589,19961102_070943
301,KAPX19961102_121534,-4,0.357,298.68,483.624846,33.670613,-84.73,44.080988,16835.306543,19961102_071534
301,KAPX19961102_122124,2,0.152,288.54,472.553933,45.266308,-84.79,44.130783,22633.154186,19961102_072124
301,KAPX19961102_122714,8,-1.000,282.74,464.840272,54.303788,-84.83,44.165465,27151.894015,19961102_072714
301,KAPX19961102_123305,14,0.149,290.17,455.238849,51.022371,-84.78,44.208704,25511.185308,19961102_073305
302,KAPX19961102_115211,-27,0.728,354.80,492.811249,23.743896,-84.38,44.039134,11871.948242,19961102_065211
302,KAPX19961102_115802,-21,0.356,357.36,495.175537,31.668975,-84.36,44.028445,15834.487692,19961102_065802
302,KAPX19961102_120352,-16,0.176,366.29,507.926690,35.320250,-84.31,43.970877,17660.125222,19961102_070352
302,KAPX19961102_120943,-10,0.502,374.09,522.462747,33.378661,-84.26,43.905278,16689.330267,19961102_070943
302,KAPX19961102_121534,-4,0.170,380.31,526.728127,35.654724,-84.22,43.885919,17827.361869,19961102_071534
302,KAPX19961102_122124,2,-1.000,386.96,533.274458,37.403041,-84.18,43.856270,18701.520364,19961102_072124
302,KAPX19961102_122714,8,-1.000,393.62,539.820789,39.151358,-84.14,43.826606,19575.678859,19961102_072714
302,KAPX19961102_123305,14,-1.000,400.27,546.367120,40.899675,-84.10,43.796928,20449.837355,19961102_073305
302,KAPX19961102_123857,19,0.127,407.52,557.010142,45.298525,-84.05,43.748777,22649.262475,19961102_073857
314,KAPX19961102_124448,25,0.258,285.95,389.428284,7.753319,-84.81,44.504812,3876.659393,19961102_074448
314,KAPX19961102_125039,31,-1.000,285.95,389.428284,17.293319,-84.81,44.504812,8646.659393,19961102_075039
314,KAPX19961102_125630,37,0.176,304.71,385.673993,31.427706,-84.69,44.521736,15713.852780,19961102_075630
314,KAPX19961102_130220,43,0.103,315.87,385.214321,31.861018,-84.62,44.523764,15930.508917,19961102_080220
314,KAPX19961102_130811,49,0.406,317.70,392.034532,34.897182,-84.61,44.493065,17448.590784,19961102_080811
303,KAPX19961102_115211,-27,0.344,356.02,294.275177,6.807526,-84.36,44.932426,3403.762817,19961102_065211
303,KAPX19961102_115802,-21,0.284,358.59,297.210100,12.801895,-84.35,44.919170,6400.947492,19961102_065802
305,KAPX19961102_115802,-21,0.943,475.96,501.055969,32.959396,-83.62,43.997227,16479.698181,19961102_065802
305,KAPX19961102_120352,-16,0.885,480.20,503.295460,34.835926,-83.60,43.986891,17417.963143,19961102_070352
315,KAPX19961102_124448,25,0.132,317.73,311.601593,7.711853,-84.61,44.854966,3855.926514,19961102_074448
315,KAPX19961102_125039,31,0.108,318.83,314.840578,20.042973,-84.60,44.840386,10021.486311,19961102_075039
319,KAPX19961102_130811,49,0.245,427.06,565.843506,33.409996,-83.93,43.708244,16704.998016,19961102_080811
319,KAPX19961102_131402,55,0.227,430.81,565.551604,39.999584,-83.91,43.709393,19999.791919,19961102_081402
319,KAPX19961102_131953,60,0.374,448.80,567.059875,30.312605,-83.80,43.701747,15156.302452,19961102_081953
319,KAPX19961102_132614,67,0.407,441.39,568.597290,23.042843,-83.84,43.695196,11521.421432,19961102_082614
307,KAPX19961102_115802,-21,0.210,519.80,557.576111,36.788750,-83.36,43.739949,18394.374847,19961102_065802
317,KAPX19961102_125039,31,0.279,453.63,213.992737,6.530884,-83.74,45.289995,3265.441895,19961102_075039
318,KAPX19961102_125630,37,0.228,445.01,527.176941,32.806751,-83.82,43.881400,16403.375626,19961102_075630
321,KAPX19961102_131402,55,0.344,362.52,536.179199,21.688019,-84.33,43.843825,10844.009399,19961102_081402
324,KAPX19961102_131953,60,0.173,353.25,485.796936,31.791611,-84.39,44.070726,15895.805359,19961102_081953
322,KAPX19961106_122711,3,0.337,510.35,312.681946,10.982903,-83.39,44.842407,5491.451263,19961106_072711
322,KAPX19961106_123705,13,0.426,519.13,310.635475,17.268909,-83.33,44.850952,8634.454684,19961106_073705
324,KAPX19961106_122711,3,0.119,254.00,405.022064,8.036736,-85.01,44.434314,4018.367767,19961106_072711
324,KAPX19961106_123705,13,0.824,273.84,414.706958,16.030561,-84.88,44.390984,8015.280449,19961106_073705
325,KAPX19961106_123705,13,0.293,216.41,503.635193,10.558277,-85.24,43.989742,5279.138565,19961106_073705
325,KAPX19961106_124659,22,0.115,222.50,500.038845,18.867894,-85.20,44.006094,9433.947189,19961106_074659
326,KAPX19961106_123705,13,0.201,273.87,532.735352,6.499981,-84.88,43.859875,3249.990463,19961106_073705
326,KAPX19961106_124659,22,0.200,279.87,527.682362,13.749678,-84.84,43.882661,6874.839140,19961106_074659
327,KAPX19961106_124659,22,0.805,276.08,131.250092,7.765793,-84.87,45.666313,3882.896423,19961106_074659
327,KAPX19961106_125653,32,0.670,279.07,121.720072,13.532260,-84.85,45.709209,6766.129833,19961106_075653
330,KAPX19961106_124659,22,0.229,347.00,101.932495,15.066704,-84.42,45.797907,7533.351898,19961106_074659
330,KAPX19961106_125653,32,0.849,358.40,95.260092,22.443203,-84.34,45.827707,11221.601274,19961106_075653
330,KAPX19961106_130646,42,0.190,347.09,79.223328,6.318314,-84.42,45.900062,3159.156799,19961106_080646
330,KAPX19961106_131640,52,0.290,363.67,78.553647,23.732502,-84.31,45.902744,11866.251168,19961106_081640
331,KAPX19961106_125653,32,0.366,449.99,262.892120,11.257004,-83.77,45.070211,5628.501892,19961106_075653
331,KAPX19961106_130646,42,0.112,456.14,256.236209,19.355305,-83.73,45.099823,9677.652710,19961106_080646
336,KAPX19961106_130646,42,0.137,287.49,107.392426,7.035019,-84.80,45.773713,3517.509460,19961106_080646
336,KAPX19961106_131640,52,0.134,292.75,100.545273,15.999097,-84.77,45.804534,7999.548530,19961106_081640
339,KAPX19961106_132634,62,0.118,484.67,228.242645,7.341171,-83.54,45.224035,3670.585632,19961106_082634
339,KAPX19961106_133628,72,0.651,493.43,219.413189,13.648722,-83.49,45.263167,6824.360768,19961106_083628
313,KAPX19961106_115730,-27,0.863,246.31,502.705505,14.526516,-85.05,43.994631,7263.257980,19961106_065730
315,KAPX19961106_115730,-27,0.336,281.96,102.731995,15.337936,-84.84,45.794648,7668.968201,19961106_065730
316,KAPX19961106_115730,-27,0.223,196.94,383.441833,19.551865,-85.37,44.529935,9775.932312,19961106_065730
318,KAPX19961106_120724,-17,0.596,144.64,326.409546,10.424408,-85.70,44.784172,5212.203979,19961106_070724
319,KAPX19961106_120724,-17,0.155,230.49,308.923157,6.936890,-85.16,44.866225,3468.444824,19961106_070724
320,KAPX19961106_121718,-7,0.173,348.12,57.223816,7.377808,-84.41,45.999006,3688.903809,19961106_071718
332,KAPX19961106_125653,32,0.145,89.40,297.257355,10.830086,-86.05,44.911775,5415.042877,19961106_075653
333,KAPX19961106_130646,42,0.891,145.22,323.446014,8.131706,-85.70,44.797536,4065.853119,19961106_080646
337,KAPX19961106_130646,42,0.103,294.61,353.704681,12.529598,-84.75,44.665580,6264.799118,19961106_080646
338,KAPX19961106_131640,52,0.166,270.54,462.598663,14.155268,-84.90,44.175453,7077.633858,19961106_081640
340,KAPX19961106_133628,72,0.113,233.73,359.788361,20.330479,-85.14,44.637446,10165.239334,19961106_083628
341,KAPX19961108_122243,-5,0.123,184.75,230.713226,14.756439,-85.45,45.216601,7378.219604,19961108_072243
341,KAPX19961108_123237,5,0.183,183.30,235.905020,22.435066,-85.46,45.193185,11217.533223,19961108_073237
342,KAPX19961108_123237,5,0.109,337.41,124.881409,7.019104,-84.48,45.694815,3509.552002,19961108_073237
342,KAPX19961108_124231,15,0.666,337.04,121.489349,13.891490,-84.48,45.710080,6945.744798,19961108_074231
342,KAPX19961108_125225,25,0.786,335.04,120.637695,10.614838,-84.49,45.713937,5307.418823,19961108_075225
347,KAPX19961108_125225,25,0.369,147.99,326.838593,7.545982,-85.68,44.782422,3772.991180,19961108_075225
347,KAPX19961108_130219,35,0.585,132.61,299.312258,14.538293,-85.78,44.905397,7269.146580,19961108_080219
350,KAPX19961108_132235,55,0.105,145.52,326.311005,10.184090,-85.70,44.784663,5092.044830,19961108_082235
350,KAPX19961108_133229,65,0.694,146.00,327.091452,14.041249,-85.69,44.781178,7020.624328,19961108_083229
333,KAPX19961108_120256,-25,0.468,219.99,256.726013,16.044228,-85.23,45.100788,8022.113800,19961108_070256
336,KAPX19961108_120256,-25,0.115,385.56,77.231323,6.788437,-84.17,45.908106,3394.218445,19961108_070256
337,KAPX19961108_120256,-25,0.110,360.22,430.055603,10.679260,-84.34,44.321411,5339.630127,19961108_070256
338,KAPX19961108_121250,-15,0.297,383.87,302.445526,14.670868,-84.19,44.894983,7335.433960,19961108_071250
339,KAPX19961108_121250,-15,0.154,405.13,280.477539,29.676514,-84.05,44.993112,14838.256836,19961108_071250
343,KAPX19961108_124231,15,0.367,149.33,323.298798,8.454697,-85.67,44.798418,4227.348328,19961108_074231
348,KAPX19961108_125225,25,0.310,301.95,241.447235,27.899063,-84.71,45.170656,13949.531555,19961108_075225
348,KAPX19961108_130219,35,0.118,304.69,234.485718,24.925095,-84.69,45.201973,12462.547302,19961108_080219
351,KAPX19961108_133229,65,0.143,300.19,517.909851,7.027885,-84.72,43.926708,3513.942719,19961108_083229
353,KAPX19961108_134223,75,0.307,201.47,268.325592,16.099167,-85.35,45.048020,8049.583435,19961108_084223
346,KAPX19961114_135314,78,0.232,235.66,244.762665,7.733109,-85.13,45.155010,3866.554260,19961114_085314
347,KAPX19961114_135314,78,0.160,358.82,152.278168,21.003708,-84.34,45.571200,10501.853943,19961114_085314
349,KAPX19961118_122842,-12,0.207,213.41,292.544739,30.686012,-85.27,44.939446,15343.006134,19961118_072842
349,KAPX19961118_123836,-2,0.269,204.00,295.192768,37.841170,-85.33,44.927231,18920.584806,19961118_073836
349,KAPX19961118_124830,8,0.138,188.95,297.168640,26.770096,-85.42,44.917794,13385.047913,19961118_074830
349,KAPX19961118_125824,18,-1.000,188.95,297.168640,42.670096,-85.42,44.917794,21335.047913,19961118_075824
349,KAPX19961118_130817,28,0.180,208.68,294.674072,33.931931,-85.30,44.929718,16965.965271,19961118_080817
350,KAPX19961118_123836,-2,0.556,317.29,405.664307,22.081551,-84.61,44.431740,11040.775299,19961118_073836
353,KAPX19961118_123836,-2,0.137,272.42,452.653320,10.869301,-84.89,44.220224,5434.650421,19961118_073836
356,KAPX19961118_124830,8,0.105,231.43,366.299072,15.231804,-85.15,44.608097,7615.901947,19961118_074830
360,KAPX19961118_133759,57,0.180,146.59,321.440399,14.326698,-85.69,44.806633,7163.349152,19961118_083759
360,KAPX19961118_134753,67,-1.000,146.59,321.440399,30.226698,-85.69,44.806633,15113.349152,19961118_084753
360,KAPX19961118_135747,77,0.172,145.55,325.584473,9.968590,-85.70,44.787933,4984.294891,19961118_085747
362,KAPX19961118_134753,67,0.325,188.17,300.963928,19.392258,-85.43,44.900689,9696.128845,19961118_084753
363,KAPX19961118_134753,67,0.124,333.05,453.743713,6.979912,-84.51,44.215260,3489.955902,19961118_084753
362,KAPX19961119_123513,-7,0.437,272.52,132.774384,16.460907,-84.90,45.659423,8230.453491,19961119_073513
362,KAPX19961119_124507,3,0.594,274.14,135.056127,20.265747,-84.89,45.649174,10132.873434,19961119_074507
362,KAPX19961119_125501,13,0.249,265.09,135.410360,23.945102,-84.94,45.647482,11972.551004,19961119_075501
362,KAPX19961119_130455,22,0.143,262.92,139.673643,26.471146,-84.96,45.628275,13235.572770,19961119_080455
362,KAPX19961119_131449,32,-1.000,259.43,143.591534,29.463977,-84.98,45.610602,14731.988670,19961119_081449
362,KAPX19961119_132442,42,0.354,255.13,131.352147,32.209496,-85.01,45.665596,16104.747849,19961119_082442
355,KAPX19961119_121525,-27,0.438,180.34,121.335480,12.050484,-85.49,45.708457,6025.241852,19961119_071525
355,KAPX19961119_122519,-17,0.255,180.53,122.031330,18.400873,-85.49,45.705335,9200.436713,19961119_072519
363,KAPX19961119_123513,-7,0.245,283.39,399.851532,21.293304,-84.82,44.457899,10646.652222,19961119_073513
363,KAPX19961119_124507,3,0.530,275.94,405.630332,32.771528,-84.87,44.431844,16385.764009,19961119_074507
374,KAPX19961119_133436,52,0.541,111.21,209.634918,10.651127,-85.92,45.307466,5325.563431,19961119_083436
374,KAPX19961119_134430,62,0.135,126.89,205.756829,31.071886,-85.82,45.325916,15535.942858,19961119_084430
360,KAPX19961119_122519,-17,0.445,273.45,455.520752,10.196640,-84.89,44.207331,5098.320007,19961119_072519
361,KAPX19961119_123513,-7,0.645,267.07,68.319397,3.556946,-84.93,45.949315,1778.472900,19961119_073513
368,KAPX19961119_130455,22,0.457,277.59,255.178070,6.996216,-84.86,45.108792,3498.107910,19961119_080455
371,KAPX19961119_131449,32,0.306,89.30,299.782074,28.022655,-86.05,44.900411,14011.327744,19961119_081449
373,KAPX19961119_131449,32,0.104,199.76,470.097839,3.003126,-85.35,44.140125,1501.563072,19961119_081449
376,KAPX19961119_133436,52,0.185,206.81,138.925293,10.778519,-85.32,45.630337,5389.259338,19961119_083436
376,KAPX19961119_134430,62,-1.000,206.81,138.925293,26.678519,-85.32,45.630337,13339.259338,19961119_084430
376,KAPX19961119_135424,72,0.237,208.47,148.149414,7.021614,-85.31,45.588897,3510.807037,19961119_085424
380,KAPX19961120_133123,48,0.255,309.26,197.385376,27.573517,-84.66,45.368874,13786.758423,19961120_083123
380,KAPX19961120_134117,58,0.786,308.68,203.346229,28.971756,-84.66,45.342058,14485.877767,19961120_084117
380,KAPX19961120_135111,68,0.969,311.28,221.663645,27.596601,-84.65,45.259640,13798.300404,19961120_085111
376,KAPX19961120_130142,18,0.163,297.29,157.720978,22.843323,-84.74,45.547330,11421.661377,19961120_080142
376,KAPX19961120_131136,28,0.305,299.64,166.365706,30.139777,-84.72,45.508440,15069.888400,19961120_081136
376,KAPX19961120_132129,38,-1.000,301.86,174.521111,37.923224,-84.71,45.471751,18961.612008,19961120_082129
376,KAPX19961120_133123,48,0.124,313.15,141.194580,7.092056,-84.64,45.621647,3546.028137,19961120_083123
365,KAPX19961120_122206,-21,0.508,412.56,348.480316,8.804173,-84.01,44.686879,4402.086258,19961120_072206
366,KAPX19961120_122206,-21,0.225,272.84,214.132019,11.210892,-84.89,45.293417,5605.445862,19961120_072206
369,KAPX19961120_122206,-21,0.116,312.20,401.039001,11.488106,-84.64,44.452578,5744.052887,19961120_072206
370,KAPX19961120_123200,-11,0.174,69.56,324.784119,7.501209,-86.18,44.786415,3750.604630,19961120_073200
371,KAPX19961120_124154,-2,0.757,333.16,177.298767,15.380875,-84.51,45.459060,7690.437317,19961120_074154
372,KAPX19961120_124154,-2,0.667,288.22,238.606354,15.717819,-84.79,45.183413,7858.909607,19961120_074154
373,KAPX19961120_124154,-2,0.107,367.11,424.196533,14.308960,-84.30,44.347623,7154.479980,19961120_074154
374,KAPX19961120_125148,8,0.110,301.13,285.402740,7.233856,-84.71,44.972896,3616.928101,19961120_075148
375,KAPX19961120_130142,18,0.608,361.63,77.463867,10.411255,-84.32,45.907692,5205.627441,19961120_080142
377,KAPX19961120_130142,18,0.161,256.82,395.126556,15.115269,-84.99,44.478883,7557.634354,19961120_080142
379,KAPX19961120_131136,28,0.195,375.20,425.433777,10.837128,-84.25,44.341856,5418.563843,19961120_081136
382,KAPX19961120_133123,48,0.100,304.71,463.331665,11.311317,-84.69,44.172301,5655.658722,19961120_083123
400,KAPX19961126_131638,25,0.115,304.57,432.631592,24.200157,-84.69,44.310444,12100.078583,19961126_081638
400,KAPX19961126_132632,35,0.227,289.20,444.056984,37.615748,-84.79,44.259016,18807.874057,19961126_082632
400,KAPX19961126_133626,45,0.187,278.01,449.812873,36.386153,-84.86,44.233053,18193.076546,19961126_083626
400,KAPX19961126_134620,55,0.674,284.91,459.897109,41.181978,-84.81,44.187720,20590.988783,19961126_084620
400,KAPX19961126_135614,65,0.772,285.83,467.941224,40.497502,-84.81,44.151528,20248.751193,19961126_085614
400,KAPX19961126_140607,75,0.255,286.33,496.027884,49.975095,-84.80,44.025144,24987.547311,19961126_090607
379,KAPX19961126_122709,-24,0.574,298.10,414.328247,28.332420,-84.73,44.392806,14166.210175,19961126_072709
379,KAPX19961126_123703,-14,0.563,296.92,401.875967,34.771112,-84.74,44.448836,17385.556146,19961126_073703
380,KAPX19961126_122709,-24,0.348,311.24,182.070740,25.171570,-84.65,45.437764,12585.784912,19961126_072709
380,KAPX19961126_123703,-14,0.153,314.41,189.371352,33.368735,-84.63,45.404906,16684.367396,19961126_073703
380,KAPX19961126_124657,-5,-1.000,317.09,195.569985,41.138592,-84.61,45.377004,20569.295919,19961126_074657
380,KAPX19961126_125651,5,0.497,306.28,212.654694,15.679550,-84.68,45.300187,7839.775085,19961126_075651
380,KAPX19961126_130645,15,-1.000,306.28,212.654694,31.579550,-84.68,45.300187,15789.775085,19961126_080645
380,KAPX19961126_131638,25,0.358,307.39,218.174164,14.740021,-84.67,45.275352,7370.010376,19961126_081638
384,KAPX19961126_123703,-14,0.220,239.52,132.218567,18.043045,-85.11,45.661405,9021.522522,19961126_073703
384,KAPX19961126_124657,-5,0.184,243.71,138.038284,27.362360,-85.08,45.635312,13681.179785,19961126_074657
403,KAPX19961126_132632,35,0.114,299.22,228.674316,12.511261,-84.72,45.228122,6255.630493,19961126_082632
403,KAPX19961126_133626,45,0.101,290.89,229.855374,25.129332,-84.78,45.222794,12564.666016,19961126_083626
406,KAPX19961126_134620,55,0.180,285.22,177.054810,13.076157,-84.81,45.460314,6538.078308,19961126_084620
406,KAPX19961126_135614,65,0.100,288.94,186.602476,20.790271,-84.79,45.417378,10395.135617,19961126_085614
406,KAPX19961126_140607,75,0.706,294.62,206.177856,15.068649,-84.75,45.329327,7534.324646,19961126_090607
385,KAPX19961126_123703,-14,0.196,235.67,107.242126,22.487267,-85.13,45.773676,11243.633270,19961126_073703
387,KAPX19961126_124657,-5,0.761,265.83,454.479614,42.955994,-84.93,44.211936,21477.996826,19961126_074657
387,KAPX19961126_125651,5,-1.000,265.83,454.479614,58.855994,-84.93,44.211936,29427.996826,19961126_075651
387,KAPX19961126_130645,15,0.454,276.63,431.429535,28.834347,-84.87,44.315762,14417.173386,19961126_080645
390,KAPX19961126_124657,-5,0.440,496.17,286.550079,14.895630,-83.48,44.960972,7447.814941,19961126_074657
393,KAPX19961126_125651,5,0.419,300.96,284.863159,6.933197,-84.71,44.975324,3466.598511,19961126_075651
398,KAPX19961126_130645,15,0.175,181.64,420.591064,8.110291,-85.46,44.362198,4055.145264,19961126_080645
401,KAPX19961126_132632,35,0.689,221.65,509.308380,25.811409,-85.21,43.964360,12905.704498,19961126_082632
404,KAPX19961126_133626,45,0.408,530.41,284.805267,7.074982,-83.26,44.966254,3537.490845,19961126_083626
407,KAPX19961126_134620,55,0.168,221.65,441.638275,25.017387,-85.21,44.268859,12508.693695,19961126_084620
411,KAPX19961126_140607,75,0.285,444.72,378.281006,11.846527,-83.81,44.551359,5923.263550,19961126_090607
398,KAPX19961127_131312,21,0.294,440.12,351.436218,9.919426,-83.84,44.672364,4959.712982,19961127_081312
398,KAPX19961127_132305,31,0.180,440.24,355.207444,16.770359,-83.84,44.655391,8385.179613,19961127_082305
394,KAPX19961127_124330,-9,0.476,439.53,334.632538,9.947952,-83.84,44.747994,4973.976135,19961127_074330
395,KAPX19961127_124330,-9,0.171,360.84,425.133789,6.840584,-84.34,44.343544,3420.291901,19961127_074330
399,KAPX19961127_131312,21,0.262,147.82,331.604065,7.031082,-85.68,44.760974,3515.541077,19961127_081312
401,KAPX19961127_131312,21,0.158,501.65,364.815491,7.271713,-83.45,44.608505,3635.856628,19961127_081312
402,KAPX19961127_133259,40,0.179,297.14,281.107117,3.162521,-84.74,44.992221,1581.260681,19961127_083259
403,KAPX19961127_134253,50,0.105,357.09,124.548004,10.458298,-84.35,45.695983,5229.148865,19961127_084253
401,KAPX19961225_125419,-21,0.731,180.75,239.864960,28.445107,-85.48,45.175264,14222.553253,19961225_075419
401,KAPX19961225_130413,-11,0.175,185.29,238.863506,39.455842,-85.45,45.179957,19727.921081,19961225_080413
401,KAPX19961225_131406,-1,0.236,172.45,231.562103,17.684654,-85.53,45.212255,8842.327118,19961225_081406
401,KAPX19961225_132400,9,0.213,158.52,240.835830,29.910028,-85.62,45.169873,14955.013821,19961225_082400
407,KAPX19961225_131406,-1,0.218,74.84,325.800690,21.495445,-86.14,44.782263,10747.722626,19961225_081406
407,KAPX19961225_132400,9,0.107,74.56,333.039108,34.299910,-86.14,44.749679,17149.954862,19961225_082400
412,KAPX19961225_133354,18,0.521,329.94,134.599060,11.614502,-84.53,45.651189,5807.250977,19961225_083354
412,KAPX19961225_134348,28,0.170,333.06,134.469033,18.348686,-84.51,45.651739,9174.342768,19961225_084348
428,KAPX19961225_142323,68,0.255,188.85,255.970703,33.841568,-85.43,45.103137,16920.783997,19961225_092323
428,KAPX19961225_143317,78,0.245,192.43,264.485706,47.302179,-85.40,45.064967,23651.089403,19961225_093317
402,KAPX19961225_125419,-21,0.126,134.14,245.437256,35.274307,-85.77,45.147850,17637.153625,19961225_075419
402,KAPX19961225_130413,-11,-1.000,134.14,245.437256,51.174307,-85.77,45.147850,25587.153625,19961225_080413
402,KAPX19961225_131406,-1,0.114,138.89,230.137909,7.694672,-85.75,45.216949,3847.335815,19961225_081406
403,KAPX19961225_130413,-11,0.181,368.84,343.567230,10.316605,-84.29,44.710369,5158.302307,19961225_080413
404,KAPX19961225_130413,-11,0.144,340.60,388.949493,7.524208,-84.46,44.506714,3762.104034,19961225_080413
405,KAPX19961225_130413,-11,0.136,298.34,366.374603,11.084076,-84.73,44.608577,5542.037964,19961225_080413
409,KAPX19961225_131406,-1,0.110,299.76,147.468353,24.912338,-84.72,45.593455,12456.169128,19961225_081406
410,KAPX19961225_132400,9,0.684,323.31,138.056976,15.864487,-84.57,45.635696,7932.243347,19961225_082400
411,KAPX19961225_133354,18,0.658,403.57,316.048737,14.683823,-84.06,44.833133,7341.911316,19961225_083354
413,KAPX19961225_133354,18,0.102,363.10,344.274780,6.365662,-84.32,44.707318,3182.830811,19961225_083354
414,KAPX19961225_134348,28,0.101,190.62,223.358032,28.428307,-85.42,45.249924,14214.153290,19961225_084348
415,KAPX19961225_135342,38,0.382,138.43,273.617737,21.353378,-85.74,45.021326,10676.689148,19961225_085342
416,KAPX19961225_140336,48,0.532,281.70,362.618530,3.549614,-84.84,44.625419,1774.806976,19961225_090336
417,KAPX19961225_140336,48,0.322,309.08,386.236786,3.820923,-84.66,44.519193,1910.461426,19961225_090336
419,KAPX19961225_140336,48,0.297,511.73,276.063354,40.033134,-83.38,45.007029,20016.567230,19961225_090336
419,KAPX19961225_141330,58,0.220,536.81,263.109314,21.414673,-83.22,45.063320,10707.336426,19961225_091330
422,KAPX19961225_140336,48,0.132,202.90,92.986267,6.535057,-85.34,45.836857,3267.528534,19961225_090336
425,KAPX19961225_142323,68,0.844,371.62,139.906555,21.806656,-84.26,45.626557,10903.327942,19961225_092323
426,KAPX19961225_142323,68,0.702,412.41,132.577820,11.121002,-84.00,45.658186,5560.501099,19961225_092323
429,KAPX19961225_142323,68,0.135,387.29,556.273621,23.451633,-84.18,43.752765,11725.816727,19961225_092323
430,KAPX19961225_142323,68,0.128,459.55,127.119415,25.062515,-83.70,45.680449,12531.257629,19961225_092323
433,KAPX19961225_142323,68,0.120,376.35,277.890381,33.822174,-84.24,45.005670,16911.087036,19961225_092323
434,KAPX19961225_143317,78,0.126,86.28,336.525238,39.997978,-86.07,44.734897,19998.989105,19961225_093317
434,KAPX19961226_134032,25,0.320,161.35,189.405396,56.137451,-85.61,45.401377,28068.725586,19961226_084032
434,KAPX19961226_135026,35,-1.000,161.35,189.405396,72.037451,-85.61,45.401377,36018.725586,19961226_085026
434,KAPX19961226_140020,45,0.375,175.34,205.223149,72.439595,-85.51,45.330873,36219.797737,19961226_090020
434,KAPX19961226_141014,55,0.233,172.15,212.118375,71.099926,-85.53,45.299712,35549.962934,19961226_091014
434,KAPX19961226_142008,65,0.207,135.37,246.226196,10.829428,-85.77,45.144373,5414.713860,19961226_092008
436,KAPX19961226_135026,35,0.118,276.08,143.887756,26.526657,-84.87,45.609460,13263.328552,19961226_085026
436,KAPX19961226_140020,45,-1.000,276.08,143.887756,42.426657,-84.87,45.609460,21213.328552,19961226_090020
436,KAPX19961226_141014,55,-1.000,276.08,143.887756,58.326657,-84.87,45.609460,29163.328552,19961226_091014
436,KAPX19961226_142008,65,0.390,310.81,171.214085,71.504761,-84.65,45.486608,35752.380441,19961226_092008
436,KAPX19961226_143001,75,0.130,327.80,166.804215,77.441616,-84.54,45.506330,38720.807854,19961226_093001
426,KAPX19961226_125103,-24,0.293,157.48,236.147430,65.387924,-85.63,45.190912,32693.962097,19961226_075103
426,KAPX19961226_130057,-15,0.462,169.95,242.675903,74.045147,-85.55,45.162143,37022.573342,19961226_080057
430,KAPX19961226_131050,-5,0.119,248.60,160.330475,10.859879,-85.05,45.535121,5429.939270,19961226_081050
430,KAPX19961226_132044,5,0.142,267.96,154.466061,31.511973,-84.92,45.561791,15755.986729,19961226_082044
430,KAPX19961226_133039,15,-1.000,286.23,148.933596,51.895082,-84.81,45.586829,25947.540935,19961226_083039
430,KAPX19961226_134032,25,0.588,275.44,154.360321,35.416061,-84.88,45.562342,17708.030701,19961226_084032
425,KAPX19961226_125103,-24,0.572,206.89,480.321808,20.401005,-85.30,44.094358,10200.502396,19961226_075103
427,KAPX19961226_125103,-24,0.163,535.71,550.000305,47.784325,-83.26,43.772796,23892.162323,19961226_075103
427,KAPX19961226_130057,-15,0.211,545.61,523.523438,38.943527,-83.19,43.891101,19471.763611,19961226_080057
431,KAPX19961226_132044,5,0.134,13.29,460.008240,14.670895,-86.51,44.173071,7335.447311,19961226_082044
432,KAPX19961226_134032,25,0.606,533.83,497.549133,54.798187,-83.26,44.008929,27399.093628,19961226_084032
435,KAPX19961226_134032,25,0.256,379.23,67.270813,3.150986,-84.21,45.953099,1575.492859,19961226_084032
440,KAPX19961226_143001,75,0.168,353.06,531.780090,20.202129,-84.39,43.863808,10101.064682,19961226_093001
436,KAPX19961227_125111,-25,0.338,84.98,119.325348,49.043968,-86.10,45.711793,24521.984100,19961227_075111
436,KAPX19961227_130105,-15,0.782,99.23,124.335383,49.088705,-86.01,45.690317,24544.352376,19961227_080105
436,KAPX19961227_131058,-6,0.541,129.59,132.284293,45.133610,-85.81,45.656577,22566.804839,19961227_081058
436,KAPX19961227_132052,4,-1.000,161.64,140.776241,41.181235,-85.61,45.620145,20590.617304,19961227_082052
436,KAPX19961227_133046,14,-1.000,193.69,149.268189,37.228860,-85.40,45.583343,18614.429769,19961227_083046
436,KAPX19961227_134040,24,-1.000,225.74,157.760137,33.276484,-85.20,45.546173,16638.242234,19961227_084040
436,KAPX19961227_135034,34,-1.000,257.79,166.252084,29.324109,-84.99,45.508635,14662.054700,19961227_085034
436,KAPX19961227_140028,44,-1.000,289.84,174.744032,25.371734,-84.78,45.470730,12685.867165,19961227_090028
436,KAPX19961227_141022,54,-1.000,321.90,183.235980,21.419359,-84.58,45.432460,10709.679630,19961227_091022
436,KAPX19961227_142016,64,-1.000,353.95,191.727928,17.466984,-84.38,45.393824,8733.492095,19961227_092016
436,KAPX19961227_143010,74,0.102,323.55,176.619231,34.123110,-84.57,45.462214,17061.555112,19961227_093010
436,KAPX19961227_144004,84,0.684,340.25,145.037265,33.473041,-84.46,45.604102,16736.520443,19961227_094004
439,KAPX19961227_130105,-15,0.288,271.28,454.447418,6.958443,-84.90,44.212140,3479.221344,19961227_080105
439,KAPX19961227_131058,-6,0.133,270.69,454.874798,14.196870,-84.90,44.210211,7098.435005,19961227_081058
439,KAPX19961227_132052,4,0.175,270.29,453.541016,6.777100,-84.91,44.216208,3388.549805,19961227_082052
442,KAPX19961227_131058,-6,0.353,315.14,380.911255,29.221542,-84.62,44.543130,14610.771179,19961227_081058
442,KAPX19961227_132052,4,0.172,308.71,390.214618,34.946731,-84.66,44.501295,17473.365472,19961227_082052
446,KAPX19961227_132052,4,0.179,148.19,325.791473,7.260010,-85.68,44.787144,3630.004883,19961227_082052
446,KAPX19961227_133046,14,0.128,147.60,326.223461,15.961231,-85.68,44.785169,7980.615266,19961227_083046
449,KAPX19961227_133046,14,0.935,279.37,160.414124,40.128948,-84.85,45.535139,20064.474106,19961227_083046
449,KAPX19961227_134040,24,0.437,300.98,161.823434,45.060100,-84.71,45.528875,22530.049788,19961227_084040
451,KAPX19961227_135034,34,0.108,411.97,132.557312,17.967133,-84.00,45.658296,8983.566284,19961227_085034
451,KAPX19961227_140028,44,0.102,410.75,139.405021,28.282722,-84.01,45.627540,14141.360834,19961227_090028
459,KAPX19961227_143010,74,0.398,441.53,256.947144,29.940735,-83.82,45.097391,14970.367432,19961227_093010
459,KAPX19961227_144004,84,0.397,432.33,262.937859,41.587318,-83.88,45.070884,20793.659101,19961227_094004
435,KAPX19961227_125111,-25,0.884,144.32,223.711090,17.689142,-85.71,45.246164,8844.571114,19961227_075111
438,KAPX19961227_130105,-15,0.675,142.49,90.607971,27.073952,-85.73,45.844796,13536.975861,19961227_080105
444,KAPX19961227_131058,-6,0.127,199.78,470.616547,3.116364,-85.35,44.137792,1558.181763,19961227_081058
445,KAPX19961227_132052,4,0.262,228.63,145.712952,31.379974,-85.18,45.600443,15689.987183,19961227_082052
448,KAPX19961227_132052,4,0.172,277.30,83.925537,7.439056,-84.87,45.879215,3719.528198,19961227_082052
450,KAPX19961227_135034,34,0.361,270.80,453.723938,9.833099,-84.90,44.215390,4916.549683,19961227_085034
452,KAPX19961227_140028,44,0.280,143.59,243.021881,15.134880,-85.71,45.159254,7567.440033,19961227_090028
453,KAPX19961227_141022,54,0.971,471.64,272.527435,23.289215,-83.63,45.025640,11644.607544,19961227_091022
455,KAPX19961227_141022,54,0.369,412.85,216.532867,19.489517,-84.00,45.280492,9744.758606,19961227_091022
455,KAPX19961227_142016,64,-1.000,412.85,216.532867,35.389517,-84.00,45.280492,17694.758606,19961227_092016
455,KAPX19961227_143010,74,0.318,430.26,210.426544,12.615021,-83.89,45.307213,6307.510376,19961227_093010
456,KAPX19961227_141022,54,0.297,273.21,200.808502,19.746555,-84.89,45.353361,9873.277664,19961227_091022
457,KAPX19961227_141022,54,0.103,229.66,315.423920,7.001488,-85.16,44.836957,3500.743866,19961227_091022
458,KAPX19961227_142016,64,0.107,278.02,268.478821,6.404175,-84.86,45.048954,3202.087402,19961227_092016
461,KAPX19961227_143010,74,0.276,241.82,157.155090,6.986954,-85.09,45.549274,3493.476868,19961227_093010
462,KAPX19961227_143010,74,0.200,436.29,302.520630,7.609497,-83.86,44.892620,3804.748535,19961227_093010
461,KAPX19961228_132546,9,0.128,144.49,329.556305,7.362221,-85.70,44.770007,3681.110382,19961228_082546
461,KAPX19961228_133539,19,0.225,144.62,329.361230,14.066319,-85.70,44.770891,7033.159496,19961228_083539
464,KAPX19961228_142508,69,0.177,263.48,88.516785,10.356075,-84.95,45.858414,5178.037643,19961228_092508
464,KAPX19961228_143502,79,0.747,266.17,82.912501,13.302536,-84.94,45.883659,6651.267957,19961228_093502
466,KAPX19961228_143502,79,0.129,199.84,470.759247,3.018135,-85.35,44.137152,1509.067535,19961228_093502
466,KAPX19961228_144456,88,0.124,199.76,470.664619,10.314214,-85.35,44.137575,5157.107196,19961228_094456
456,KAPX19961228_125604,-20,0.702,307.03,68.322144,3.226303,-84.67,45.949489,1613.151550,19961228_075604
457,KAPX19961228_125604,-20,0.354,339.13,67.622192,3.487778,-84.47,45.952371,1743.888855,19961228_075604
459,KAPX19961228_131552,-1,0.132,293.20,494.328827,6.641876,-84.76,44.032813,3320.938110,19961228_081552
460,KAPX19961228_132546,9,0.581,227.14,67.824036,3.347702,-85.19,45.950784,1673.851013,19961228_082546
462,KAPX19961228_135527,39,0.301,461.60,342.521942,19.426636,-83.70,44.711338,9713.317871,19961228_085527
463,KAPX19961228_142508,69,0.452,411.26,150.231445,31.796753,-84.01,45.578818,15898.376465,19961228_092508
496,KAPX19961229_142656,70,0.122,51.18,160.705597,23.482695,-86.31,45.522882,11741.347313,19961229_092656
496,KAPX19961229_143247,76,0.653,49.50,165.821648,37.205585,-86.32,45.499723,18602.792591,19961229_093247
496,KAPX19961229_143838,82,0.430,47.34,180.684842,53.438470,-86.33,45.432681,26719.234761,19961229_093838
496,KAPX19961229_144428,88,0.692,58.65,175.397228,66.135512,-86.26,45.457455,33067.755879,19961229_094428
473,KAPX19961229_132832,12,0.391,25.13,142.982391,32.344551,-86.48,45.600160,16172.275543,19961229_082832
473,KAPX19961229_133423,18,0.681,37.78,149.164502,46.806416,-86.40,45.573568,23403.208121,19961229_083423
473,KAPX19961229_134013,24,0.664,47.98,158.411154,56.299515,-86.33,45.532916,28149.757563,19961229_084013
473,KAPX19961229_134603,30,-1.000,58.28,167.046749,66.452884,-86.27,45.494981,33226.441875,19961229_084603
473,KAPX19961229_135154,35,0.187,95.19,195.155640,73.917679,-86.03,45.371479,36958.839417,19961229_085154
473,KAPX19961229_135744,41,0.330,30.28,212.295929,33.743622,-86.44,45.288926,16871.810913,19961229_085744
473,KAPX19961229_140334,47,0.142,42.48,179.395691,51.383057,-86.37,45.438038,25691.528320,19961229_090334
483,KAPX19961229_134603,30,0.490,124.99,89.001892,36.152218,-85.85,45.850977,18076.108932,19961229_084603
483,KAPX19961229_135154,35,0.586,131.18,92.283983,45.004517,-85.81,45.836596,22502.258396,19961229_085154
483,KAPX19961229_135744,41,0.782,130.55,84.110169,52.730260,-85.81,45.873323,26365.130189,19961229_085744
483,KAPX19961229_140334,47,-1.000,130.94,77.684282,60.869876,-85.81,45.902250,30434.938178,19961229_090334
483,KAPX19961229_140925,53,0.407,147.04,114.135803,75.440170,-85.70,45.739219,37720.085144,19961229_090925
483,KAPX19961229_141515,59,0.149,135.09,149.161072,73.255211,-85.78,45.580992,36627.605438,19961229_091515
483,KAPX19961229_142105,65,0.164,130.16,197.843292,103.535767,-85.80,45.361712,51767.883301,19961229_092105
472,KAPX19961229_131650,0,0.139,181.72,138.645721,89.034622,-85.48,45.630648,44517.311096,19961229_081650
472,KAPX19961229_132241,6,0.336,188.57,132.814615,93.999197,-85.43,45.657160,46999.598405,19961229_082241
472,KAPX19961229_132832,12,0.388,223.43,119.117340,88.995453,-85.21,45.719947,44497.726440,19961229_082832
472,KAPX19961229_133423,18,-1.000,223.43,119.117340,98.535453,-85.21,45.719947,49267.726440,19961229_083423
472,KAPX19961229_134013,24,0.110,238.38,81.967041,45.834141,-85.12,45.887436,22917.070389,19961229_084013
486,KAPX19961229_135744,41,0.526,107.97,180.140289,60.326469,-85.95,45.439919,30163.234711,19961229_085744
486,KAPX19961229_140334,47,0.243,108.64,171.973521,66.233555,-85.94,45.476700,33116.777254,19961229_090334
494,KAPX19961229_142656,70,0.509,140.32,137.962280,65.246269,-85.74,45.631669,32623.134613,19961229_092656
494,KAPX19961229_143247,76,0.183,139.74,138.889724,70.590242,-85.75,45.627464,35295.121214,19961229_093247
494,KAPX19961229_143838,82,0.170,194.37,159.883606,95.371078,-85.40,45.535615,47685.539246,19961229_093838
465,KAPX19961229_124736,-29,0.315,249.34,107.200745,69.999123,-85.05,45.774144,34999.561310,19961229_074736
467,KAPX19961229_125326,-23,0.263,280.32,291.306854,6.973022,-84.84,44.946264,3486.511230,19961229_075326
469,KAPX19961229_131058,-6,0.139,89.64,147.596771,42.763046,-86.07,45.584987,21381.523132,19961229_081058
470,KAPX19961229_131650,0,0.348,42.10,114.707031,31.702534,-86.38,45.728937,15851.266861,19961229_081650
482,KAPX19961230_132314,7,0.144,168.31,290.550690,25.829956,-85.55,44.946688,12914.978027,19961230_082314
482,KAPX19961230_133308,17,0.521,181.34,293.541746,30.462619,-85.47,44.933805,15231.309606,19961230_083308
484,KAPX19961230_133308,17,0.717,95.22,359.566437,15.700611,-86.01,44.631897,7850.305557,19961230_083308
484,KAPX19961230_134302,27,0.523,117.62,371.398943,24.017621,-85.87,44.580176,12008.810289,19961230_084302
493,KAPX19961230_140250,46,0.854,499.37,374.052612,42.076321,-83.46,44.567108,21038.160324,19961230_090250
493,KAPX19961230_141244,56,0.863,524.85,386.327896,54.056478,-83.31,44.510004,27028.238917,19961230_091244
495,KAPX19961230_140250,46,0.101,36.14,201.333801,32.025780,-86.40,45.338783,16012.889862,19961230_090250
495,KAPX19961230_141244,56,0.722,57.09,204.508881,39.132155,-86.27,45.326384,19566.077743,19961230_091244
496,KAPX19961230_141244,56,0.889,536.02,211.728119,15.690613,-83.22,45.294497,7845.306396,19961230_091244
496,KAPX19961230_142237,66,0.572,539.97,242.493232,28.679870,-83.19,45.155785,14339.934965,19961230_092237
497,KAPX19961230_141244,56,0.541,191.35,406.348999,14.272026,-85.40,44.426662,7136.013031,19961230_091244
497,KAPX19961230_142237,66,0.172,210.20,411.404187,29.416223,-85.28,44.404565,14708.111689,19961230_092237
502,KAPX19961230_142237,66,0.414,235.01,203.693787,20.602478,-85.13,45.339759,10301.239014,19961230_092237
502,KAPX19961230_143231,76,-1.000,235.01,203.693787,36.502478,-85.13,45.339759,18251.239014,19961230_093231
502,KAPX19961230_144225,86,0.133,252.34,175.273858,35.150019,-85.02,45.467961,17575.009420,19961230_094225
475,KAPX19961230_125333,-23,0.331,204.58,327.723633,13.019905,-85.32,44.780890,6509.952545,19961230_075333
476,KAPX19961230_125333,-23,0.234,138.24,159.651306,15.356171,-85.76,45.533988,7678.085327,19961230_075333
477,KAPX19961230_125333,-23,0.170,180.00,320.302826,24.216667,-85.48,44.813350,12108.333588,19961230_075333
478,KAPX19961230_125333,-23,0.114,331.20,103.549469,6.619507,-84.52,45.790854,3309.753418,19961230_075333
480,KAPX19961230_130327,-13,0.125,329.94,288.709595,70.987900,-84.53,44.957860,35493.949890,19961230_080327
485,KAPX19961230_133308,17,0.111,550.49,495.555481,32.569004,-83.16,44.016510,16284.502029,19961230_083308
486,KAPX19961230_134302,27,0.657,220.75,137.164185,15.609329,-85.23,45.638689,7804.664612,19961230_084302
489,KAPX19961230_134302,27,0.119,468.79,268.191803,16.183792,-83.65,45.045315,8091.896057,19961230_084302
489,KAPX19961230_135256,36,-1.000,468.79,268.191803,30.493792,-83.65,45.045315,15246.896057,19961230_085256
489,KAPX19961230_140250,46,0.102,416.66,261.446503,60.186066,-83.98,45.078281,30093.032837,19961230_090250
490,KAPX19961230_135256,36,0.207,217.93,432.265137,20.982651,-85.23,44.310931,10491.325378,19961230_085256
492,KAPX19961230_135256,36,0.129,30.74,114.367004,34.172752,-86.45,45.729395,17086.376190,19961230_085256
501,KAPX19961230_141244,56,0.108,362.87,73.679871,3.525574,-84.31,45.924686,1762.786865,19961230_091244
504,KAPX19961230_142237,66,0.129,92.20,344.659760,21.953472,-86.03,44.698739,10976.736069,19961230_092237
505,KAPX19961230_143231,76,0.154,116.18,319.435883,12.703808,-85.88,44.813855,6351.903915,19961230_093231
506,KAPX19961230_143231,76,0.151,176.18,414.734741,7.373978,-85.50,44.388319,3686.988831,19961230_093231
498,KAPX19961231_134323,27,0.332,218.11,145.955170,24.913605,-85.24,45.599066,12456.802368,19961231_084323
498,KAPX19961231_135317,37,0.118,216.35,148.776327,33.930926,-85.26,45.586323,16965.463126,19961231_085317
496,KAPX19961231_130113,-15,0.194,268.26,390.984711,6.362411,-84.92,44.497668,3181.205750,19961231_080113
497,KAPX19961231_132335,7,0.101,368.86,287.038055,11.254028,-84.28,44.964705,5627.014160,19961231_082335
499,KAPX19961231_134323,27,0.206,330.49,453.936340,6.225594,-84.53,44.214421,3112.796783,19961231_084323
500,KAPX19961231_140311,47,0.352,398.13,403.327759,16.252586,-84.10,44.440633,8126.293182,19961231_090311
500,KAPX19961231_141305,57,-1.000,398.13,403.327759,32.152586,-84.10,44.440633,16076.293182,19961231_091305
500,KAPX19961231_142259,66,0.929,400.28,414.211426,23.255257,-84.09,44.391588,11627.628326,19961231_092259
502,KAPX19961231_142259,66,0.578,423.52,234.884094,30.305389,-83.93,45.197489,15152.694702,19961231_092259
503,KAPX19961231_142259,66,0.375,214.99,201.627075,14.504166,-85.26,45.348524,7252.082825,19961231_092259
