track_id,filename,from_sunrise,det_score,x,y,r,lon,lat,radius,is_rain
3,KTYX20201001_103318_V06,-27,0.114,429.30,272.117584,10.309250,-74.88,43.878477,5154.624939
3,KTYX20201001_103841_V06,-22,0.140,423.54,272.128029,16.682492,-74.91,43.878676,8341.246103
3,KTYX20201001_104350_V06,-17,-1.000,418.89,272.136451,23.360913,-74.94,43.878829,11680.456718
3,KTYX20201001_104859_V06,-12,0.557,428.83,257.654694,10.240768,-74.88,43.943577,5120.384216
9,KTYX20201001_103841_V06,-22,0.182,447.80,300.975677,31.897736,-74.76,43.747756,15948.867798
10,KTYX20201001_103841_V06,-22,0.105,336.44,319.679077,3.308868,-75.45,43.667047,1654.434204
14,KTYX20201001_104859_V06,-12,0.233,354.73,314.279877,6.069550,-75.34,43.691064,3034.774780
16,KTYX20201001_104859_V06,-12,0.194,18.78,174.690582,21.508520,-77.44,44.306208,10754.260063
25,KTYX20201001_110857_V06,8,0.117,309.57,290.598602,10.681000,-75.62,43.798122,5340.499878
27,KTYX20201001_111845_V06,18,0.215,527.85,130.055206,25.366890,-74.25,44.511649,12683.444977
32,KTYX20201001_112833_V06,28,0.119,442.70,383.159119,6.549469,-74.80,43.378184,3274.734497
36,KTYX20201001_113820_V06,38,0.109,457.20,95.781433,48.805939,-74.69,44.670515,24402.969360
39,KTYX20201001_115513_V06,55,0.139,355.09,314.421875,5.902100,-75.34,43.690418,2951.049805
21,KTYX20201002_111340_V06,11,0.194,308.02,285.746674,6.629227,-75.63,43.819961,3314.613342
25,KTYX20201002_111814_V06,16,0.130,30.27,89.644165,36.329697,-77.38,44.689850,18164.848328
34,KTYX20201002_113152_V06,29,0.144,9.47,150.175385,10.420394,-77.50,44.415573,5210.196972
17,KTYX20201003_111025_V06,7,0.107,155.24,303.702179,10.693375,-76.58,43.735637,5346.687317
17,KTYX20201003_111504_V06,12,0.414,155.93,303.480151,15.920381,-76.57,43.736670,7960.190536
17,KTYX20201003_111944_V06,16,0.132,160.37,302.723877,10.417366,-76.55,43.740286,5208.683014
17,KTYX20201003_112422_V06,21,-1.000,160.37,302.723877,18.367366,-76.55,43.740286,9183.683014
17,KTYX20201003_112902_V06,26,0.102,168.09,302.333008,10.748566,-76.50,43.742398,5374.282837
17,KTYX20201003_113342_V06,30,0.101,171.78,300.983643,7.996407,-76.48,43.748632,3998.203278
16,KTYX20201003_104230_V06,-21,0.216,384.31,341.673950,10.885448,-75.16,43.567095,5442.724228
26,KTYX20201004_112841_V06,24,0.220,150.42,77.461182,21.028786,-76.62,44.753340,10514.392853
26,KTYX20201004_113524_V06,31,0.796,150.67,72.949206,22.789367,-76.62,44.773652,11394.683616
26,KTYX20201004_114208_V06,38,0.559,155.63,71.319007,22.781010,-76.59,44.781238,11390.505008
16,KTYX20201004_104016_V06,-24,0.342,301.77,296.106964,9.964111,-75.67,43.773349,4982.055664
16,KTYX20201004_104720_V06,-17,0.268,302.24,296.141355,16.147391,-75.67,43.773194,8073.695486
27,KTYX20201004_112841_V06,24,0.182,23.23,300.783234,28.580566,-77.40,43.739392,14290.283203
27,KTYX20201004_113524_V06,31,0.112,31.53,308.611057,43.005799,-77.35,43.704938,21502.899594
17,KTYX20201004_104016_V06,-24,0.243,211.29,140.932495,7.738976,-76.24,44.470263,3869.487762
20,KTYX20201004_110829_V06,4,0.229,355.72,317.331635,7.017853,-75.33,43.677312,3508.926392
22,KTYX20201004_111513_V06,11,0.460,39.48,361.226593,41.077713,-77.29,43.468922,20538.856506
28,KTYX20201004_112841_V06,24,0.122,304.23,294.084961,6.448700,-75.65,43.782445,3224.349976
29,KTYX20201004_120220_V06,58,0.185,24.62,368.914978,32.409462,-77.38,43.432997,16204.730988
24,KTYX20201005_104003_V06,-25,0.268,360.67,509.887390,63.537315,-75.31,42.810620,31768.657684
36,KTYX20201005_110158_V06,-4,0.212,224.25,398.052155,2.968124,-76.15,43.313606,1484.062195
37,KTYX20201005_110158_V06,-4,0.131,220.27,445.879822,32.678955,-76.17,43.098255,16339.477539
39,KTYX20201005_110617_V06,1,0.345,110.56,339.244690,10.450073,-76.85,43.573193,5225.036621
40,KTYX20201005_110617_V06,1,0.127,299.56,285.852448,6.396942,-75.68,43.819496,3198.471069
42,KTYX20201005_111045_V06,5,0.144,202.26,564.271423,7.544622,-76.28,42.564877,3772.311211
44,KTYX20201005_111512_V06,10,0.331,449.22,494.437653,15.723488,-74.77,42.877083,7861.743927
45,KTYX20201005_112408_V06,19,0.220,38.13,316.318451,25.225571,-77.30,43.670851,12612.785339
47,KTYX20201005_113316_V06,28,0.333,309.75,288.060577,12.604523,-75.62,43.809543,6302.261353
48,KTYX20201005_113316_V06,28,0.165,248.72,373.887970,3.099220,-76.00,43.422873,1549.610138
52,KTYX20201005_120147_V06,56,0.167,354.99,79.739197,34.521194,-75.33,44.746428,17260.597229
54,KTYX20201005_120656_V06,61,0.124,318.00,294.030060,12.239578,-75.57,43.782641,6119.789124
57,KTYX20201005_121652_V06,71,0.193,59.54,311.115631,43.958599,-77.17,43.696070,21979.299545
38,KTYX20201006_112252_V06,16,0.617,353.01,308.294830,6.695389,-75.35,43.718028,3347.694397
70,KTYX20201007_120427_V06,57,0.680,152.94,109.534698,6.785881,-76.61,44.609169,3392.940521
70,KTYX20201007_121014_V06,63,0.496,157.97,109.163643,11.855010,-76.57,44.611088,5927.505037
38,KTYX20201007_103911_V06,-28,0.460,20.06,350.813812,23.148258,-77.41,43.514011,11574.129105
38,KTYX20201007_104344_V06,-24,0.173,32.80,376.411499,40.469666,-77.33,43.400012,20234.832764
43,KTYX20201007_104344_V06,-24,0.129,27.77,300.305511,30.130138,-77.37,43.741961,15065.069199
45,KTYX20201007_110216_V06,-5,0.133,27.81,204.090149,31.744225,-77.38,44.174808,15872.112274
62,KTYX20201007_114807_V06,41,0.133,23.12,382.855499,29.593637,-77.39,43.370138,14796.818733
68,KTYX20201007_115353_V06,46,0.125,31.60,461.032349,46.440800,-77.33,43.019165,23220.399857
76,KTYX20201007_121014_V06,63,0.847,172.93,109.380188,3.787155,-76.48,44.610806,1893.577576
48,KTYX20201008_114508_V06,36,0.200,381.36,319.888123,3.242416,-75.18,43.665216,1621.208191
48,KTYX20201008_120217_V06,53,0.121,361.39,314.104139,11.963433,-75.30,43.691724,5981.716318
45,KTYX20201008_111912_V06,10,0.253,377.19,325.524628,7.184982,-75.20,43.639962,3592.491150
47,KTYX20201008_113633_V06,27,0.163,231.61,269.757233,3.045662,-76.11,43.891134,1522.830963
49,KTYX20201008_114508_V06,36,0.155,381.23,325.405426,3.502945,-75.18,43.640391,1751.472473
50,KTYX20201009_111232_V06,2,0.139,305.54,293.083313,6.465363,-75.65,43.786951,3232.681274
50,KTYX20201010_110158_V06,-10,0.119,310.80,286.993744,6.539673,-75.61,43.814340,3269.836426
51,KTYX20201010_110857_V06,-3,0.302,348.18,290.706818,6.723129,-75.38,43.797259,3361.564636
52,KTYX20201010_110857_V06,-3,0.154,370.52,303.511993,23.712936,-75.24,43.739187,11856.468201
54,KTYX20201010_112950_V06,18,0.155,347.10,310.043579,7.076523,-75.39,43.710259,3538.261414
55,KTYX20201010_112950_V06,18,0.152,354.23,311.252411,6.430786,-75.34,43.704697,3215.393066
56,KTYX20201010_120423_V06,53,0.155,355.70,310.485077,6.671432,-75.33,43.708123,3335.716248
56,KTYX20201011_113331_V06,21,0.182,286.12,301.385681,10.707947,-75.77,43.749562,5353.973389
61,KTYX20201012_113552_V06,21,0.264,355.09,311.259003,6.811249,-75.34,43.704651,3405.624390
61,KTYX20201012_114239_V06,28,0.111,364.18,316.945421,13.777008,-75.28,43.678879,6888.503804
60,KTYX20201012_112430_V06,10,0.109,411.86,526.624512,39.693943,-75.00,42.733833,19846.971512
62,KTYX20201012_121644_V06,62,0.210,355.03,312.197723,6.366287,-75.34,43.700428,3183.143616
64,KTYX20201012_123022_V06,76,0.107,357.83,173.761383,31.884613,-75.32,44.323323,15942.306519
74,KTYX20201013_111725_V06,2,0.740,519.57,579.718872,20.121794,-74.34,42.489011,10060.896873
74,KTYX20201013_112212_V06,7,0.386,521.54,578.152368,27.063793,-74.33,42.495918,13531.896305
63,KTYX20201013_110227_V06,-13,0.392,175.17,83.943604,16.720009,-76.47,44.725346,8360.004425
69,KTYX20201013_110735_V06,-8,0.298,294.99,288.448090,10.458618,-75.71,43.807811,5229.309082
106,KTYX20201013_121259_V06,57,0.171,307.88,384.277710,7.022934,-75.63,43.376545,3511.466980
65,KTYX20201014_104924_V06,-27,0.472,305.57,286.855347,7.394455,-75.65,43.814977,3697.227478
67,KTYX20201014_111037_V06,-6,0.125,348.26,302.184784,7.149002,-75.38,43.745605,3574.501038
73,KTYX20201015_123405_V06,77,0.204,23.56,111.994080,29.276274,-77.42,44.588687,14638.136864
73,KTYX20201015_123828_V06,81,0.444,26.14,111.045643,36.643962,-77.40,44.593198,18321.981076
67,KTYX20201015_110855_V06,-9,0.115,53.00,124.472992,67.627693,-77.23,44.535200,33813.846588
67,KTYX20201015_111559_V06,-2,0.383,52.05,181.689819,76.610558,-77.23,44.277727,38305.278778
69,KTYX20201015_111559_V06,-2,0.314,36.58,104.022217,35.756130,-77.34,44.625754,17878.065109
71,KTYX20201015_114959_V06,32,0.259,30.57,94.883423,44.680744,-77.38,44.666311,22340.372086
101,KTYX20201016_121850_V06,60,0.218,93.96,327.985260,18.653275,-76.96,43.622754,9326.637268
72,KTYX20201017_112634_V06,6,0.101,355.66,311.629425,6.210709,-75.33,43.702974,3105.354309
72,KTYX20201017_113318_V06,13,0.112,355.28,312.873472,13.145574,-75.34,43.697383,6572.787095
72,KTYX20201017_114006_V06,20,0.179,355.89,317.539734,6.331619,-75.33,43.676372,3165.809631
72,KTYX20201017_114659_V06,26,0.166,360.93,319.823049,12.918798,-75.30,43.665998,6459.399101
73,KTYX20201017_113318_V06,13,0.184,206.42,128.237610,34.270874,-76.27,44.527231,17135.437012
76,KTYX20201017_114659_V06,26,0.150,209.24,325.973724,3.120056,-76.24,43.637558,1560.028076
77,KTYX20201017_120037_V06,40,0.311,337.36,307.781738,6.516220,-75.45,43.720576,3258.110046
78,KTYX20201017_120734_V06,47,0.213,264.79,221.125519,6.266525,-75.90,44.110555,3133.262634
79,KTYX20201017_120734_V06,47,0.185,306.83,286.567749,6.529587,-75.64,43.816269,3264.793396
82,KTYX20201017_123527_V06,75,0.322,112.80,271.514069,14.689335,-76.84,43.878093,7344.667435
80,KTYX20201018_111607_V06,-5,0.371,19.38,287.490265,28.303186,-77.42,43.798832,14151.593208
80,KTYX20201018_112251_V06,1,0.691,22.20,279.539968,33.604079,-77.41,43.834865,16802.039304
80,KTYX20201018_112935_V06,8,0.253,25.88,261.719893,32.726571,-77.39,43.915375,16363.285387
80,KTYX20201018_113620_V06,15,-1.000,29.45,245.135654,32.821777,-77.37,43.990312,16410.888263
80,KTYX20201018_114305_V06,22,-1.000,33.01,228.551416,32.916982,-77.35,44.065245,16458.491139
80,KTYX20201018_114948_V06,28,0.102,32.20,250.462025,34.012224,-77.35,43.966601,17006.112177
82,KTYX20201018_112935_V06,8,0.143,39.28,396.569763,63.789299,-77.29,43.309886,31894.649506
88,KTYX20201018_122330_V06,62,0.153,20.99,234.985596,24.726643,-77.42,44.035186,12363.321304
83,KTYX20201019_110020_V06,-22,0.653,453.95,289.333710,40.820084,-74.72,43.799829,20410.041809
89,KTYX20201019_112228_V06,0,0.238,194.67,50.568970,2.960945,-76.35,44.876277,1480.472565
98,KTYX20201019_114238_V06,20,0.533,517.65,355.703003,83.977577,-74.33,43.497211,41988.788605
86,KTYX20201020_110526_V06,-18,0.123,152.29,564.815125,30.556219,-76.58,42.560416,15278.109550
89,KTYX20201020_111700_V06,-6,0.181,493.36,557.575806,12.239243,-74.50,42.590440,6119.621277
104,KTYX20201020_124037_V06,77,0.125,206.55,566.074158,26.693951,-76.25,42.556897,13346.975327
105,KTYX20201020_124645_V06,83,0.293,157.61,515.975159,32.348286,-76.55,42.780482,16174.142838
92,KTYX20201021_111652_V06,-9,0.162,23.42,232.330048,24.386795,-77.41,44.047360,12193.397522
103,KTYX20201022_112253_V06,-4,0.769,285.92,279.891083,11.563492,-75.77,43.846289,5781.745911
103,KTYX20201022_112733_V06,1,0.728,287.60,284.888616,20.999286,-75.76,43.823807,10499.642817
103,KTYX20201022_113213_V06,6,0.296,283.90,293.587809,28.287799,-75.78,43.784642,14143.899344
107,KTYX20201022_112253_V06,-4,0.186,85.66,514.614014,15.844444,-76.99,42.782373,7922.222137
107,KTYX20201022_112733_V06,1,0.332,89.33,515.615872,22.716108,-76.97,42.778122,11358.053808
109,KTYX20201022_112733_V06,1,0.447,340.67,357.050964,10.594765,-75.43,43.498809,5297.382355
109,KTYX20201022_113213_V06,6,0.111,340.99,357.323450,16.486993,-75.43,43.497579,8243.496508
92,KTYX20201022_110913_V06,-17,0.629,61.46,526.536438,21.147293,-77.14,42.726914,10573.646545
92,KTYX20201022_111332_V06,-13,-1.000,61.46,526.536438,27.507293,-77.14,42.726914,13753.646545
92,KTYX20201022_111759_V06,-9,0.260,76.86,523.291016,22.805824,-77.04,42.742690,11402.912140
93,KTYX20201022_110913_V06,-17,0.517,56.52,185.921448,11.011874,-77.20,44.259065,5505.937099
93,KTYX20201022_111332_V06,-13,0.103,32.18,201.493103,35.120419,-77.35,44.186894,17560.209274
94,KTYX20201022_110913_V06,-17,0.285,203.69,284.948608,9.947166,-76.28,43.821997,4973.583221
110,KTYX20201022_112733_V06,1,0.195,504.59,87.748779,33.696503,-74.39,44.703699,16848.251343
110,KTYX20201022_113213_V06,6,0.128,534.63,112.734283,52.288277,-74.20,44.589030,26144.138336
110,KTYX20201022_113636_V06,10,-1.000,534.63,112.734283,58.648277,-74.20,44.589030,29324.138336
110,KTYX20201022_114055_V06,14,0.388,511.08,89.943268,20.301559,-74.35,44.693362,10150.779724
117,KTYX20201022_115015_V06,24,0.575,264.05,263.345642,22.079559,-75.90,43.920559,11039.779663
120,KTYX20201022_115015_V06,24,0.238,100.39,285.869263,46.473633,-76.92,43.812693,23236.816406
121,KTYX20201022_115453_V06,28,0.114,237.19,367.013428,2.826050,-76.07,43.453591,1413.024902
124,KTYX20201024_113829_V06,9,0.109,552.67,333.709473,44.878468,-74.12,43.593404,22439.233780
126,KTYX20201024_115025_V06,21,0.669,548.30,556.461243,37.893555,-74.17,42.591469,18946.777344
137,KTYX20201024_121911_V06,50,0.500,117.60,397.159576,7.633652,-76.80,43.313026,3816.825867
104,KTYX20201025_112142_V06,-9,0.340,287.34,312.185760,34.660667,-75.76,43.700965,17330.333710
107,KTYX20201025_120222_V06,32,0.564,279.51,302.627014,14.396286,-75.81,43.743937,7198.143005
109,KTYX20201025_121616_V06,46,0.248,407.09,127.869781,3.330902,-75.01,44.528421,1665.451050
111,KTYX20201025_123705_V06,67,0.134,379.02,174.113037,6.311111,-75.18,44.321245,3155.555725
113,KTYX20201025_124351_V06,73,0.286,72.08,173.709778,80.003250,-77.11,44.315254,40001.625061
156,KTYX20201026_112741_V06,-4,0.108,476.62,577.325928,11.269899,-74.61,42.502570,5634.949684
156,KTYX20201026_113217_V06,1,0.105,478.81,575.422279,17.202480,-74.59,42.511010,8601.240189
175,KTYX20201026_114132_V06,10,0.410,409.94,140.279907,62.738205,-74.99,44.472477,31369.102478
175,KTYX20201026_114609_V06,15,0.194,413.86,137.003310,67.875154,-74.96,44.487069,33937.577115
122,KTYX20201026_110702_V06,-24,0.240,444.58,282.234955,34.239807,-74.78,43.832244,17119.903564
134,KTYX20201026_111139_V06,-20,0.526,162.25,411.001190,19.182327,-76.53,43.253122,9591.163635
203,KTYX20201026_121351_V06,42,0.351,494.23,79.763428,17.543114,-74.45,44.740335,8771.556854
215,KTYX20201026_122743_V06,56,0.403,28.67,249.305420,32.246498,-77.37,43.971483,16123.249054
220,KTYX20201026_123235_V06,61,0.458,200.32,582.744080,20.118446,-76.29,42.481669,10059.223175
119,KTYX20201027_114253_V06,10,0.192,175.21,213.014313,3.471207,-76.46,44.144616,1735.603333
119,KTYX20201027_114936_V06,17,0.192,175.15,213.137611,10.004850,-76.46,44.144059,5002.425124
128,KTYX20201027_123032_V06,58,0.889,63.32,344.265930,43.184742,-77.14,43.547221,21592.370987
128,KTYX20201027_123714_V06,65,0.400,67.66,343.922409,50.377292,-77.12,43.549109,25188.646047
115,KTYX20201027_111348_V06,-19,0.465,23.16,422.742096,27.125542,-77.38,43.190683,13562.770844
118,KTYX20201027_113605_V06,4,0.136,274.62,277.278168,6.412155,-75.84,43.857972,3206.077576
126,KTYX20201027_121628_V06,44,0.266,178.43,211.376617,7.121826,-76.44,44.152120,3560.913086
132,KTYX20201027_124416_V06,72,0.268,516.95,527.370483,26.785484,-74.36,42.724781,13392.742157
150,KTYX20201028_112845_V06,-6,0.509,185.18,187.378693,44.969688,-76.40,44.260371,22484.844208
150,KTYX20201028_113306_V06,-1,0.833,194.60,188.330120,50.021673,-76.34,44.256444,25010.836421
150,KTYX20201028_113930_V06,5,0.160,208.16,184.373971,49.167044,-76.26,44.274701,24583.521820
150,KTYX20201028_114352_V06,9,0.238,220.04,179.291278,46.622513,-76.18,44.297920,23311.256273
150,KTYX20201028_114814_V06,14,0.245,226.57,177.817797,46.103901,-76.14,44.304721,23051.950343
150,KTYX20201028_115235_V06,18,0.106,235.16,177.958092,45.982446,-76.09,44.304292,22991.223168
150,KTYX20201028_120110_V06,27,-1.000,252.96,176.324323,45.149034,-75.97,44.311984,22574.516920
150,KTYX20201028_120531_V06,31,-1.000,260.87,175.598204,44.778628,-75.93,44.315367,22389.314144
150,KTYX20201028_120951_V06,35,-1.000,268.78,174.872084,44.408223,-75.88,44.318730,22204.111367
150,KTYX20201028_121422_V06,40,-1.000,278.67,173.964435,43.945216,-75.81,44.322903,21972.607896
150,KTYX20201028_121853_V06,44,-1.000,286.58,173.238316,43.574810,-75.76,44.326217,21787.405119
150,KTYX20201028_122324_V06,49,-1.000,296.46,172.330666,43.111803,-75.70,44.330330,21555.901648
150,KTYX20201028_122755_V06,53,-1.000,304.37,171.604547,42.741398,-75.65,44.333596,21370.698871
150,KTYX20201028_123233_V06,58,-1.000,314.26,170.696898,42.278391,-75.59,44.337649,21139.195400
150,KTYX20201028_123711_V06,63,-1.000,324.15,169.789248,41.815384,-75.53,44.341668,20907.691929
150,KTYX20201028_124141_V06,67,-1.000,332.06,169.063129,41.444978,-75.48,44.344859,20722.489153
150,KTYX20201028_124618_V06,72,-1.000,341.94,168.155480,40.981971,-75.42,44.348818,20490.985682
150,KTYX20201028_125056_V06,76,-1.000,349.85,167.429360,40.611566,-75.37,44.351961,20305.782905
150,KTYX20201028_125534_V06,81,0.568,352.75,179.842565,47.712043,-75.35,44.296056,23856.021251
140,KTYX20201028_112424_V06,-10,0.690,341.77,159.526398,13.814072,-75.42,44.387648,6907.035828
140,KTYX20201028_112845_V06,-6,-1.000,341.77,159.526398,20.174072,-75.42,44.387648,10087.035828
140,KTYX20201028_113306_V06,-1,-1.000,341.77,159.526398,28.124072,-75.42,44.387648,14062.035828
140,KTYX20201028_113930_V06,5,-1.000,341.77,159.526398,37.664072,-75.42,44.387648,18832.035828
140,KTYX20201028_114352_V06,9,-1.000,341.77,159.526398,44.024072,-75.42,44.387648,22012.035828
140,KTYX20201028_114814_V06,14,-1.000,341.77,159.526398,51.974072,-75.42,44.387648,25987.035828
140,KTYX20201028_115235_V06,18,-1.000,341.77,159.526398,58.334072,-75.42,44.387648,29167.035828
140,KTYX20201028_120110_V06,27,0.415,358.43,171.396866,61.923458,-75.31,44.333950,30961.728845
140,KTYX20201028_120531_V06,31,0.158,365.33,173.170511,63.071006,-75.27,44.325824,31535.502974
140,KTYX20201028_120951_V06,35,0.632,373.59,168.048830,62.452335,-75.22,44.348673,31226.167508
140,KTYX20201028_121422_V06,40,0.758,377.32,166.261615,61.363444,-75.20,44.356619,30681.721943
140,KTYX20201028_121853_V06,44,-1.000,381.31,164.560406,60.791393,-75.17,44.364165,30395.696671
140,KTYX20201028_122324_V06,49,0.462,397.04,159.595620,67.617717,-75.07,44.386024,33808.858270
225,KTYX20201028_122755_V06,53,0.394,32.93,322.393280,39.890118,-77.34,43.643058,19945.058823
225,KTYX20201028_123233_V06,58,-1.000,32.93,322.393280,47.840118,-77.34,43.643058,23920.058823
225,KTYX20201028_123711_V06,63,0.294,40.51,308.443023,58.235647,-77.29,43.706492,29117.823625
225,KTYX20201028_124141_V06,67,0.265,49.42,312.596191,60.599530,-77.23,43.688572,30299.765161
225,KTYX20201028_124618_V06,72,-1.000,58.41,311.732841,66.207884,-77.18,43.693201,33103.942068
225,KTYX20201028_125056_V06,76,0.737,58.94,304.707602,63.171535,-77.18,43.724852,31585.767382
124,KTYX20201028_110650_V06,-28,0.273,390.05,290.704987,33.107010,-75.12,43.796290,16553.504944
124,KTYX20201028_111115_V06,-23,0.480,392.38,288.504142,37.793597,-75.11,43.806122,18896.798515
124,KTYX20201028_111541_V06,-19,0.444,402.96,283.148894,37.957639,-75.04,43.829872,18978.819616
134,KTYX20201028_111115_V06,-23,0.102,376.63,144.959045,44.166153,-75.20,44.452488,22083.076477
134,KTYX20201028_111541_V06,-19,0.241,378.29,145.587224,49.916366,-75.19,44.449618,24958.183217
134,KTYX20201028_112002_V06,-14,0.493,386.17,147.895570,52.898267,-75.14,44.439010,26449.133658
143,KTYX20201028_112424_V06,-10,0.361,519.72,352.515259,44.118660,-74.32,43.511402,22059.329987
143,KTYX20201028_112845_V06,-6,0.505,520.76,353.989625,51.068953,-74.32,43.504691,25534.476715
143,KTYX20201028_113306_V06,-1,0.585,528.05,351.538896,51.742594,-74.27,43.515170,25871.297160
143,KTYX20201028_113930_V06,5,-1.000,535.44,349.406885,54.217948,-74.22,43.524188,27108.973957
143,KTYX20201028_114352_V06,9,0.136,507.14,327.137024,73.562660,-74.40,43.626493,36781.330109
143,KTYX20201028_114814_V06,14,0.236,505.82,327.040185,78.722726,-74.40,43.627021,39361.363083
227,KTYX20201028_122755_V06,53,0.331,281.62,235.105072,11.941513,-75.79,44.047802,5970.756531
227,KTYX20201028_123233_V06,58,0.905,286.32,236.245628,13.416387,-75.77,44.042695,6708.193443
227,KTYX20201028_123711_V06,63,0.239,296.73,230.899461,19.480628,-75.70,44.066782,9740.314139
135,KTYX20201028_111541_V06,-19,0.314,522.82,365.716553,54.954010,-74.30,43.451773,27477.005005
135,KTYX20201028_112002_V06,-14,0.250,520.92,365.172406,61.688469,-74.32,43.454362,30844.234324
142,KTYX20201028_112424_V06,-10,0.383,491.02,278.935455,31.596756,-74.49,43.844457,15798.377991
142,KTYX20201028_112845_V06,-6,0.189,492.43,278.215670,36.326453,-74.48,43.847605,18163.226746
158,KTYX20201028_113930_V06,5,0.687,347.68,256.787659,7.345535,-75.38,43.949904,3672.767639
158,KTYX20201028_114352_V06,9,-1.000,347.68,256.787659,13.705535,-75.38,43.949904,6852.767639
158,KTYX20201028_114814_V06,14,0.755,339.99,243.124431,25.579880,-75.43,44.011502,12789.939996
178,KTYX20201028_114814_V06,14,0.212,388.15,193.020294,6.477112,-75.13,44.235910,3238.555908
178,KTYX20201028_115235_V06,18,0.134,389.76,192.778730,11.520235,-75.12,44.236948,5760.117510
177,KTYX20201028_114814_V06,14,0.217,273.49,214.930664,10.679779,-75.85,44.138522,5339.889526
177,KTYX20201028_115235_V06,18,-1.000,273.49,214.930664,17.039779,-75.85,44.138522,8519.889526
177,KTYX20201028_120110_V06,27,0.119,299.90,204.258931,20.208589,-75.68,44.186663,10104.294673
177,KTYX20201028_120531_V06,31,0.200,252.66,195.264343,60.783882,-75.98,44.226754,30391.941071
177,KTYX20201028_120951_V06,35,0.518,256.06,197.451287,64.130265,-75.95,44.216967,32065.132350
221,KTYX20201028_122324_V06,49,0.110,524.35,347.515442,67.239502,-74.29,43.533554,33619.750977
221,KTYX20201028_122755_V06,53,0.336,525.82,344.676700,71.386629,-74.28,43.546216,35693.314313
221,KTYX20201028_123233_V06,58,-1.000,527.15,342.096026,77.324926,-74.27,43.557726,38662.462801
221,KTYX20201028_123711_V06,63,0.226,525.72,322.486176,65.835068,-74.28,43.646067,32917.533875
221,KTYX20201028_124141_V06,67,-1.000,525.72,322.486176,72.195068,-74.28,43.646067,36097.533875
221,KTYX20201028_124618_V06,72,0.124,522.03,322.481409,72.090864,-74.30,43.646366,36045.432125
221,KTYX20201028_125056_V06,76,0.149,530.37,316.222382,62.126987,-74.25,43.673894,31063.493729
187,KTYX20201028_115235_V06,18,0.159,137.70,279.114136,13.963417,-76.69,43.845368,6981.708527
187,KTYX20201028_120110_V06,27,-1.000,137.70,279.114136,28.273417,-76.69,43.845368,14136.708527
187,KTYX20201028_120531_V06,31,-1.000,137.70,279.114136,34.633417,-76.69,43.845368,17316.708527
187,KTYX20201028_120951_V06,35,-1.000,137.70,279.114136,40.993417,-76.69,43.845368,20496.708527
187,KTYX20201028_121422_V06,40,-1.000,137.70,279.114136,48.943417,-76.69,43.845368,24471.708527
187,KTYX20201028_121853_V06,44,-1.000,137.70,279.114136,55.303417,-76.69,43.845368,27651.708527
187,KTYX20201028_122324_V06,49,-1.000,137.70,279.114136,63.253417,-76.69,43.845368,31626.708527
187,KTYX20201028_122755_V06,53,-1.000,137.70,279.114136,69.613417,-76.69,43.845368,34806.708527
187,KTYX20201028_123233_V06,58,0.217,133.58,282.545587,65.474059,-76.71,43.829699,32737.029469
187,KTYX20201028_123711_V06,63,-1.000,132.70,283.275522,70.852423,-76.72,43.826365,35426.211253
187,KTYX20201028_124141_V06,67,0.127,166.10,325.885071,11.631889,-76.51,43.636327,5815.944672
187,KTYX20201028_124618_V06,72,-1.000,166.10,325.885071,19.581889,-76.51,43.636327,9790.944672
187,KTYX20201028_125056_V06,76,-1.000,166.10,325.885071,25.941889,-76.51,43.636327,12970.944672
187,KTYX20201028_125534_V06,81,0.562,150.83,314.765844,33.973457,-76.61,43.685635,16986.728273
245,KTYX20201028_124141_V06,67,0.350,215.21,293.148376,11.640602,-76.21,43.785450,5820.301056
245,KTYX20201028_124618_V06,72,0.235,217.19,293.166292,17.132691,-76.19,43.785426,8566.345471
249,KTYX20201028_124618_V06,72,0.695,56.05,303.180817,52.005394,-77.19,43.731485,26002.696991
249,KTYX20201028_125056_V06,76,-1.000,56.05,303.180817,58.365394,-77.19,43.731485,29182.696991
249,KTYX20201028_125534_V06,81,0.554,70.69,293.283775,56.663128,-77.10,43.777182,28331.564158
125,KTYX20201028_110650_V06,-28,0.171,518.41,380.249481,60.981678,-74.33,43.386706,30490.839005
126,KTYX20201028_110650_V06,-28,0.125,290.44,581.584961,23.993780,-75.74,42.488500,11996.890068
132,KTYX20201028_111115_V06,-23,0.236,167.11,272.507355,43.390892,-76.51,43.876564,21695.446014
136,KTYX20201028_112002_V06,-14,0.366,538.17,451.270874,54.255890,-74.22,43.065629,27127.944946
137,KTYX20201028_112002_V06,-14,0.295,530.39,522.977844,45.287827,-74.27,42.743558,22643.913269
145,KTYX20201028_112424_V06,-10,0.201,233.71,163.364471,23.749405,-76.10,44.369925,11874.702454
151,KTYX20201028_112845_V06,-6,0.215,159.64,585.093079,19.058638,-76.53,42.469496,9529.318810
153,KTYX20201028_112845_V06,-6,0.112,446.86,215.066589,10.456299,-74.76,44.134362,5228.149414
157,KTYX20201028_113306_V06,-1,0.130,189.50,584.379395,20.570675,-76.35,42.473936,10285.337448
165,KTYX20201028_113930_V06,5,0.176,146.05,325.060669,12.886307,-76.63,43.639066,6443.153381
171,KTYX20201028_114352_V06,9,0.171,437.01,520.924866,32.136745,-74.84,42.758453,16068.372726
173,KTYX20201028_114352_V06,9,0.147,333.16,245.536774,28.729904,-75.47,44.000731,14364.952087
203,KTYX20201028_120531_V06,31,0.105,531.73,326.148956,71.448769,-74.24,43.629125,35724.384308
203,KTYX20201028_120951_V06,35,0.190,533.22,311.789368,57.144714,-74.23,43.693616,28572.357178
203,KTYX20201028_121422_V06,40,-1.000,533.22,311.789368,65.094714,-74.23,43.693616,32547.357178
203,KTYX20201028_121853_V06,44,0.183,524.87,363.595642,47.428059,-74.29,43.461162,23714.029312
219,KTYX20201028_122324_V06,49,0.189,267.82,239.823151,15.037766,-75.88,44.026453,7518.882751
226,KTYX20201028_122755_V06,53,0.356,30.42,85.665161,15.860348,-77.38,44.707762,7930.173874
232,KTYX20201028_123233_V06,58,0.630,502.80,330.807678,75.024704,-74.42,43.610276,37512.351990
236,KTYX20201028_123233_V06,58,0.142,53.60,83.536377,21.574083,-77.23,44.719399,10787.041664
241,KTYX20201028_123711_V06,63,0.255,85.81,92.062744,30.618889,-77.03,44.683600,15309.444427
248,KTYX20201028_124141_V06,67,0.104,124.91,303.587433,41.111000,-76.77,43.734519,20555.500031
248,KTYX20201028_124618_V06,72,-1.000,124.91,303.587433,49.061000,-76.77,43.734519,24530.500031
248,KTYX20201028_125056_V06,76,0.309,144.49,313.099487,33.367966,-76.64,43.692808,16683.982849
254,KTYX20201028_125056_V06,76,0.532,555.68,547.533020,31.753513,-74.12,42.631035,15876.756668
161,KTYX20201029_113854_V06,3,0.901,100.36,422.412964,3.450222,-76.91,43.198289,1725.111008
161,KTYX20201029_114324_V06,8,0.852,101.23,422.672916,6.435789,-76.90,43.197178,3217.894594
164,KTYX20201029_113854_V06,3,0.296,26.10,411.347473,7.850465,-77.37,43.242221,3925.232649
164,KTYX20201029_114324_V06,8,0.827,27.52,414.124037,10.711220,-77.36,43.229858,5355.609991
165,KTYX20201029_113854_V06,3,0.124,131.99,217.919373,34.037239,-76.73,44.120394,17018.619537
169,KTYX20201029_114324_V06,8,0.113,108.45,416.713501,3.083855,-76.86,43.224464,1541.927338
170,KTYX20201029_121256_V06,37,0.423,358.34,182.004181,35.499832,-75.31,44.286223,17749.916077
171,KTYX20201029_121256_V06,37,0.120,246.93,117.992889,26.670670,-76.01,44.574346,13335.334778
163,KTYX20201030_110928_V06,-27,0.390,25.66,441.565704,32.298241,-77.37,43.106219,16149.120331
163,KTYX20201030_111611_V06,-20,0.170,25.45,443.076781,39.514046,-77.37,43.099400,19757.023249
172,KTYX20201030_122519_V06,49,0.132,178.88,210.077850,6.868134,-76.44,44.157982,3434.066772
172,KTYX20201030_123202_V06,56,0.116,178.56,210.255524,13.694313,-76.44,44.157169,6847.156628
174,KTYX20201030_123844_V06,62,0.114,68.92,344.633728,3.084293,-77.11,43.546006,1542.146683
174,KTYX20201030_124527_V06,69,0.391,69.73,354.706510,8.981600,-77.10,43.500747,4490.800071
164,KTYX20201030_110928_V06,-27,0.185,63.63,513.537354,60.017998,-77.12,42.785579,30008.998871
165,KTYX20201030_112937_V06,-7,0.389,282.86,298.977173,26.790741,-75.79,43.760383,13395.370483
166,KTYX20201030_114303_V06,7,0.104,34.94,480.017700,55.174828,-77.30,42.934034,27587.413788
173,KTYX20201030_123844_V06,62,0.164,273.67,440.477234,19.304955,-75.84,43.123511,9652.477264
175,KTYX20201030_124527_V06,69,0.516,269.38,301.480286,7.070114,-75.87,43.749010,3535.057068
178,KTYX20201030_125223_V06,76,0.262,300.26,277.042419,7.122513,-75.68,43.859142,3561.256409
172,KTYX20201031_111805_V06,-20,0.165,349.38,81.255005,11.655220,-75.37,44.739709,5827.610016
173,KTYX20201031_115253_V06,14,0.117,230.99,254.395294,3.142570,-76.11,43.960247,1571.285248
176,KTYX20201101_122524_V06,46,0.420,32.67,197.719147,42.832138,-77.35,44.203915,21416.069031
176,KTYX20201101_123227_V06,53,0.190,34.91,203.985198,55.748634,-77.34,44.175930,27874.316829
174,KTYX20201101_120215_V06,23,0.187,40.42,288.029175,54.148140,-77.29,43.798326,27074.069977
179,KTYX20201101_124634_V06,67,0.143,176.32,214.279633,10.057182,-76.45,44.138969,5028.591156
231,KTYX20201102_120150_V06,21,0.465,117.77,396.299957,35.342979,-76.80,43.316904,17671.489716
231,KTYX20201102_120627_V06,26,0.470,119.40,398.551182,41.551371,-76.79,43.306873,20775.685655
240,KTYX20201102_121557_V06,35,0.160,502.43,465.280609,100.460777,-74.44,43.005199,50230.388641
186,KTYX20201103_112353_V06,-19,0.154,441.37,520.573242,32.674595,-74.82,42.759835,16337.297440
186,KTYX20201103_113055_V06,-12,0.356,449.52,526.018240,40.659680,-74.77,42.734939,20329.839978
179,KTYX20201103_111650_V06,-26,0.530,269.52,514.624023,29.230289,-75.87,42.789755,14615.144730
180,KTYX20201103_111650_V06,-26,0.457,435.14,522.284912,44.955517,-74.85,42.752416,22477.758408
182,KTYX20201103_111650_V06,-26,0.170,376.57,520.099548,37.781025,-75.21,42.764297,18890.512466
184,KTYX20201103_111650_V06,-26,0.116,516.07,529.448059,60.126991,-74.36,42.715494,30063.495636
195,KTYX20201103_120610_V06,24,0.224,356.32,318.358063,6.397705,-75.33,43.672682,3198.852539
195,KTYX20201103_121313_V06,31,-1.000,356.32,318.358063,17.527705,-75.33,43.672682,8763.852539
195,KTYX20201103_122010_V06,38,0.289,355.17,317.385620,7.209503,-75.34,43.677079,3604.751587
201,KTYX20201103_123603_V06,54,0.174,266.39,455.217651,31.840931,-75.89,43.057097,15920.465469
202,KTYX20201103_124254_V06,60,0.104,356.56,317.583618,6.796967,-75.33,43.676162,3398.483276
191,KTYX20201104_120343_V06,20,0.142,296.62,292.469879,11.406525,-75.70,43.789715,5703.262329
192,KTYX20201104_122439_V06,41,0.107,297.29,286.284851,7.832184,-75.70,43.817549,3916.091919
193,KTYX20201104_123136_V06,48,0.437,174.68,213.235260,3.537498,-76.46,44.143599,1768.749237
194,KTYX20201104_123136_V06,48,0.175,169.41,213.465118,3.408768,-76.50,44.142336,1704.383850
193,KTYX20201105_122048_V06,36,0.241,296.84,284.401855,7.594818,-75.70,43.826022,3797.409058
192,KTYX20201106_112133_V06,-24,0.105,355.66,311.914612,6.374695,-75.33,43.701690,3187.347412
192,KTYX20201106_112816_V06,-17,0.162,355.39,312.141656,13.223841,-75.34,43.700674,6611.920625
193,KTYX20201106_114139_V06,-4,0.107,289.72,290.280396,21.384933,-75.74,43.799552,10692.466736
194,KTYX20201106_114821_V06,3,0.110,355.04,311.534332,6.558624,-75.34,43.703413,3279.312134
195,KTYX20201107_114433_V06,-3,0.207,287.40,294.290894,20.933075,-75.76,43.781495,10466.537476
196,KTYX20201107_121938_V06,32,0.178,179.88,210.406311,6.514305,-76.43,44.156545,3257.152557
197,KTYX20201107_121938_V06,32,0.176,238.34,509.445679,10.925884,-76.06,42.812588,5462.942123
198,KTYX20201107_121938_V06,32,0.134,355.45,312.252655,6.218323,-75.34,43.700173,3109.161377
199,KTYX20201107_124728_V06,60,0.179,355.19,311.504883,6.766678,-75.34,43.703543,3383.338928
203,KTYX20201108_113711_V06,-11,0.167,355.17,310.276764,7.004562,-75.34,43.709070,3502.281189
205,KTYX20201108_121923_V06,31,0.196,69.67,301.612335,3.205437,-77.11,43.739631,1602.718353
206,KTYX20201108_121923_V06,31,0.168,377.83,321.964539,6.783401,-75.20,43.655966,3391.700745
207,KTYX20201108_121923_V06,31,0.112,213.29,513.374573,10.808674,-76.21,42.794291,5404.336929
209,KTYX20201108_130837_V06,80,0.110,374.31,326.043182,10.990173,-75.22,43.637702,5495.086670
208,KTYX20201109_120405_V06,15,0.319,355.23,310.476562,6.556290,-75.34,43.708170,3278.144836
208,KTYX20201109_121107_V06,22,-1.000,355.23,310.476562,17.686290,-75.34,43.708170,8843.144836
208,KTYX20201109_121809_V06,29,0.140,364.88,312.014126,23.234605,-75.28,43.701055,11617.302302
206,KTYX20201109_112153_V06,-28,0.108,356.70,317.243927,6.811371,-75.33,43.677688,3405.685425
207,KTYX20201109_112856_V06,-21,0.167,44.92,456.843384,49.245930,-77.25,43.039170,24622.964859
211,KTYX20201109_122510_V06,36,0.105,286.23,299.663269,10.371384,-75.77,43.757313,5185.691833
212,KTYX20201109_123212_V06,43,0.155,177.26,210.752838,6.825035,-76.45,44.154878,3412.517548
214,KTYX20201109_125317_V06,64,0.132,377.08,319.236786,6.964996,-75.20,43.668261,3482.498169
212,KTYX20201110_130718_V06,76,0.114,31.54,443.344604,32.717770,-77.33,43.098745,16358.884811
227,KTYX20201111_131158_V06,79,0.106,360.89,105.029846,35.057487,-75.30,44.632519,17528.743744
214,KTYX20201112_112505_V06,-28,0.128,258.59,206.638000,6.281036,-75.94,44.175665,3140.518188
214,KTYX20201112_113156_V06,-22,0.111,258.73,206.836524,12.913712,-75.94,44.174774,6456.856062
217,KTYX20201112_120608_V06,13,0.209,179.15,210.308777,6.657364,-76.44,44.156954,3328.681946
217,KTYX20201112_121255_V06,19,0.114,179.13,210.105102,13.325054,-76.44,44.157870,6662.527055
213,KTYX20201112_112505_V06,-28,0.132,177.81,210.977051,6.776192,-76.44,44.153892,3388.095856
216,KTYX20201112_114538_V06,-8,0.131,323.47,309.647308,6.061951,-75.53,43.712323,3030.975342
218,KTYX20201112_121255_V06,19,0.300,374.09,327.166534,11.446640,-75.22,43.632652,5723.320007
219,KTYX20201112_123947_V06,46,0.329,178.60,210.566437,6.946846,-76.44,44.155772,3473.423004
220,KTYX20201112_130652_V06,73,0.106,178.63,209.887970,6.808647,-76.44,44.158826,3404.323578
221,KTYX20201112_130652_V06,73,0.105,347.24,293.650787,6.632889,-75.39,43.784026,3316.444397
221,KTYX20201113_112711_V06,-28,0.243,363.86,321.806152,14.939865,-75.28,43.657012,7469.932556
221,KTYX20201113_113407_V06,-21,-1.000,363.86,321.806152,26.069865,-75.28,43.657012,13034.932556
221,KTYX20201113_114102_V06,-14,0.235,374.60,321.376373,10.520554,-75.22,43.658696,5260.276794
225,KTYX20201113_114754_V06,-8,0.225,260.77,206.604919,7.222565,-75.93,44.175844,3611.282349
226,KTYX20201113_120838_V06,13,0.126,352.06,318.668365,3.288712,-75.36,43.671363,1644.355774
227,KTYX20201113_122919_V06,34,0.186,289.73,285.153931,7.792007,-75.74,43.822621,3896.003723
228,KTYX20201113_131034_V06,75,0.155,298.77,284.205078,7.089325,-75.69,43.826909,3544.662476
249,KTYX20201114_122739_V06,31,0.617,360.49,318.841858,14.331329,-75.30,43.670422,7165.664673
249,KTYX20201114_123430_V06,38,0.525,363.40,322.704689,21.232903,-75.29,43.652978,10616.451646
249,KTYX20201114_124126_V06,45,-1.000,366.00,326.146120,28.595760,-75.27,43.637435,14297.880040
249,KTYX20201114_124829_V06,52,0.158,348.44,344.765139,38.949591,-75.38,43.553983,19474.795624
228,KTYX20201114_113212_V06,-24,0.178,357.27,313.142609,10.095001,-75.32,43.696134,5047.500610
228,KTYX20201114_113908_V06,-17,0.171,357.72,312.621554,17.269693,-75.32,43.698470,8634.846742
228,KTYX20201114_114604_V06,-10,0.197,355.42,311.870575,6.308807,-75.34,43.701893,3154.403687
240,KTYX20201114_115300_V06,-3,0.393,178.83,210.745667,6.687630,-76.44,44.154975,3343.814850
240,KTYX20201114_120651_V06,10,0.222,177.51,210.889396,13.109255,-76.45,44.154274,6554.627626
251,KTYX20201114_122739_V06,31,0.167,362.43,405.453705,25.968658,-75.30,43.280603,12984.329224
251,KTYX20201114_123430_V06,38,0.864,366.56,410.969636,26.493316,-75.27,43.255690,13246.657848
271,KTYX20201114_131613_V06,80,0.205,372.19,325.318207,7.566956,-75.23,43.641017,3783.477783
271,KTYX20201114_132308_V06,87,0.211,371.95,325.572609,14.369702,-75.23,43.639878,7184.851086
229,KTYX20201114_113908_V06,-17,0.382,259.22,215.245697,6.970703,-75.93,44.136941,3485.351562
234,KTYX20201114_114604_V06,-10,0.256,377.43,386.325562,33.474274,-75.20,43.366337,16737.136841
239,KTYX20201114_115300_V06,-3,0.698,419.86,468.466766,36.967072,-74.95,42.995272,18483.535767
243,KTYX20201114_115300_V06,-3,0.136,302.55,323.495453,6.004578,-75.66,43.650095,3002.288818
246,KTYX20201114_121347_V06,17,0.309,379.99,320.576630,10.228210,-75.18,43.662155,5114.105225
248,KTYX20201114_122043_V06,24,0.195,422.04,455.269928,33.172981,-74.93,43.054577,16586.490631
269,KTYX20201114_130221_V06,66,0.197,124.83,391.998718,41.794197,-76.76,43.336681,20897.098541
241,KTYX20201115_114210_V06,-15,0.116,27.87,389.015961,39.396736,-77.36,43.342858,19698.368073
241,KTYX20201115_114701_V06,-10,0.157,31.01,386.080795,47.589913,-77.34,43.356347,23794.956656
254,KTYX20201115_123846_V06,41,0.138,37.11,237.044861,53.823635,-77.32,44.027403,26911.817551
254,KTYX20201115_124435_V06,47,0.178,38.37,232.302053,58.652521,-77.31,44.048852,29326.260496
238,KTYX20201115_113238_V06,-25,0.100,29.70,119.342468,37.137917,-77.38,44.556209,18568.958282
248,KTYX20201115_122642_V06,29,0.121,24.87,346.820496,33.253201,-77.38,43.532425,16626.600266
250,KTYX20201115_123247_V06,35,0.230,121.84,188.103912,39.980499,-76.80,44.253944,19990.249634
245,KTYX20201116_113321_V06,-26,0.844,143.19,349.834534,12.046177,-76.65,43.527438,6023.088455
245,KTYX20201116_113925_V06,-20,0.253,145.21,349.634043,22.116811,-76.64,43.528445,11058.405378
284,KTYX20201116_115036_V06,-9,0.134,149.49,68.140625,31.256073,-76.63,44.795224,15628.036499
284,KTYX20201116_120118_V06,2,-1.000,149.49,68.140625,48.746073,-76.63,44.795224,24373.036499
284,KTYX20201116_120654_V06,7,0.110,143.56,79.953175,46.410128,-76.67,44.741766,23205.063868
284,KTYX20201116_121259_V06,13,-1.000,139.84,87.366153,49.495172,-76.69,44.708213,24747.586145
284,KTYX20201116_121905_V06,20,0.118,172.61,81.629333,41.198677,-76.48,44.735647,20599.338531
309,KTYX20201116_121905_V06,20,0.122,376.01,512.038574,69.085342,-75.22,42.800592,34542.671204
309,KTYX20201116_122510_V06,26,-1.000,376.01,512.038574,78.625342,-75.22,42.800592,39312.671204
309,KTYX20201116_123101_V06,32,0.210,386.49,513.480825,74.818606,-75.15,42.793819,37409.303100
318,KTYX20201116_123101_V06,32,0.296,458.69,471.285614,70.762207,-74.71,42.980794,35381.103516
318,KTYX20201116_123705_V06,38,0.345,458.96,474.648907,80.301643,-74.71,42.965644,40150.821544
260,KTYX20201116_113925_V06,-20,0.631,249.91,188.917175,3.323799,-75.99,44.255269,1661.899567
261,KTYX20201116_113925_V06,-20,0.627,253.85,189.540588,3.263889,-75.97,44.252529,1631.944656
275,KTYX20201116_114500_V06,-14,0.163,125.45,373.484192,28.431660,-76.76,43.420031,14215.829849
281,KTYX20201116_115036_V06,-9,0.269,539.77,462.268097,58.592422,-74.21,43.016017,29296.211243
285,KTYX20201116_115036_V06,-9,0.129,263.98,209.783936,3.124100,-75.91,44.161580,1562.049866
305,KTYX20201116_121905_V06,20,0.244,174.68,514.505188,35.617649,-76.45,42.787852,17808.824539
333,KTYX20201116_124900_V06,50,0.372,306.74,69.859985,7.127045,-75.64,44.791392,3563.522339
341,KTYX20201116_130533_V06,66,0.190,136.71,99.486938,39.858360,-76.71,44.653508,19929.180145
341,KTYX20201116_131138_V06,72,0.727,149.56,101.349304,34.706139,-76.63,44.645823,17353.069305
341,KTYX20201116_131729_V06,78,0.325,163.01,95.839722,27.804573,-76.54,44.671276,13902.286530
276,KTYX20201117_120340_V06,3,0.110,66.94,308.987793,72.726578,-77.13,43.706234,36363.288879
276,KTYX20201117_120847_V06,8,0.192,65.11,309.240377,77.659703,-77.14,43.704953,38829.851292
276,KTYX20201117_121353_V06,13,0.185,63.05,309.956576,74.457699,-77.15,43.701567,37228.849487
276,KTYX20201117_121845_V06,18,0.586,66.65,316.372262,75.378744,-77.13,43.672987,37689.372177
276,KTYX20201117_122337_V06,23,0.162,70.71,323.475960,75.787306,-77.10,43.641341,37893.652996
276,KTYX20201117_122828_V06,28,0.181,69.32,322.587029,73.093347,-77.11,43.645233,36546.673447
304,KTYX20201117_124334_V06,43,0.107,514.29,454.606934,82.581635,-74.36,43.052411,41290.817261
304,KTYX20201117_124840_V06,48,0.110,515.99,454.100703,87.764701,-74.35,43.054567,43882.350748
320,KTYX20201117_132146_V06,81,0.179,28.19,286.615967,41.847118,-77.37,43.803587,20923.559189
320,KTYX20201117_132721_V06,87,0.274,29.01,290.475858,49.361976,-77.36,43.786297,24680.987786
285,KTYX20201117_121845_V06,18,0.222,505.72,503.754456,78.265877,-74.42,42.831841,39132.938385
287,KTYX20201117_121845_V06,18,0.104,555.01,396.299561,38.283546,-74.11,43.311593,19141.773224
294,KTYX20201117_122828_V06,28,0.137,389.54,564.157288,33.074905,-75.13,42.565643,16537.452698
310,KTYX20201117_124840_V06,48,0.111,435.64,512.001160,39.250019,-74.85,42.798677,19625.009537
265,KTYX20201118_114838_V06,-13,0.225,354.89,312.104767,6.645660,-75.34,43.700849,3322.830200
265,KTYX20201118_120232_V06,1,0.543,356.59,312.607579,14.267147,-75.33,43.698554,7133.573635
264,KTYX20201118_114142_V06,-20,0.136,369.30,327.357880,13.245071,-75.25,43.631907,6622.535706
269,KTYX20201118_120928_V06,8,0.112,302.80,288.045074,2.956039,-75.66,43.809627,1478.019714
272,KTYX20201118_122327_V06,22,0.152,361.94,342.024841,11.440845,-75.30,43.566065,5720.422745
274,KTYX20201118_123721_V06,36,0.186,372.75,330.621124,14.962219,-75.23,43.617139,7481.109619
276,KTYX20201118_130513_V06,64,0.191,179.03,209.809143,6.944260,-76.44,44.159197,3472.129822
277,KTYX20201118_130513_V06,64,0.125,371.18,318.693665,6.469315,-75.24,43.670852,3234.657288
269,KTYX20201119_114533_V06,-17,0.160,175.64,213.243347,4.059425,-76.46,44.143603,2029.712677
270,KTYX20201119_121231_V06,10,0.182,177.05,211.612732,10.723915,-76.45,44.151000,5361.957550
279,KTYX20201120_123639_V06,32,0.148,333.26,311.293640,9.639114,-75.47,43.704820,4819.557190
279,KTYX20201120_124101_V06,37,0.452,334.39,310.678310,15.101475,-75.47,43.707577,7550.737291
272,KTYX20201120_114301_V06,-21,0.111,541.42,375.118896,20.385406,-74.19,43.408021,10192.703247
273,KTYX20201120_120547_V06,1,0.242,303.27,286.294128,7.041595,-75.66,43.817506,3520.797729
275,KTYX20201120_121906_V06,15,0.154,282.91,12.715149,16.835358,-75.79,45.048457,8417.678833
275,KTYX20201120_122326_V06,19,0.184,297.23,12.434998,14.430313,-75.70,45.049766,7215.156555
280,KTYX20201120_124551_V06,41,0.131,350.90,311.443878,10.317566,-75.36,43.703894,5158.782959
278,KTYX20201121_120115_V06,-4,0.227,355.53,312.156738,6.662155,-75.34,43.700603,3331.077576
278,KTYX20201121_120811_V06,3,0.304,355.50,311.741776,13.013828,-75.34,43.702471,6506.913771
281,KTYX20201121_124304_V06,38,0.356,355.80,310.331696,6.777176,-75.33,43.708811,3388.587952
281,KTYX20201121_124955_V06,44,0.235,355.72,310.379869,12.938009,-75.33,43.708596,6469.004512
281,KTYX20201121_130342_V06,58,0.156,356.08,318.229950,6.828384,-75.33,43.673263,3414.192200
281,KTYX20201121_131038_V06,65,-1.000,356.08,318.229950,17.958384,-75.33,43.673263,8979.192200
281,KTYX20201121_131734_V06,72,-1.000,356.08,318.229950,29.088384,-75.33,43.673263,14544.192200
281,KTYX20201121_132429_V06,79,0.156,375.94,313.280422,27.955100,-75.21,43.695095,13977.549802
282,KTYX20201121_124304_V06,38,0.300,177.96,211.958862,6.678940,-76.44,44.149480,3339.469910
282,KTYX20201121_124955_V06,44,0.203,177.73,211.885145,12.940013,-76.44,44.149802,6470.006602
282,KTYX20201121_130342_V06,58,0.239,177.19,211.337189,6.577599,-76.45,44.152246,3288.799286
282,KTYX20201121_131038_V06,65,-1.000,177.19,211.337189,17.707599,-76.45,44.152246,8853.799286
282,KTYX20201121_131734_V06,72,0.450,175.84,212.895844,3.780273,-76.46,44.145176,1890.136719
276,KTYX20201121_114030_V06,-25,0.191,356.29,310.974426,6.753220,-75.33,43.705910,3376.609802
277,KTYX20201121_114030_V06,-25,0.146,348.12,309.427795,7.224075,-75.38,43.713013,3612.037659
280,KTYX20201121_122911_V06,24,0.765,178.82,211.043732,6.541595,-76.44,44.153634,3270.797729
282,KTYX20201122_114702_V06,-19,0.132,323.35,310.484894,6.123505,-75.54,43.708554,3061.752319
283,KTYX20201122_115550_V06,-11,0.131,351.85,312.045624,3.256882,-75.36,43.701170,1628.440857
288,KTYX20201122_131223_V06,66,0.106,365.96,308.091370,19.431290,-75.27,43.718685,9715.644836
293,KTYX20201122_132823_V06,82,0.121,352.05,310.715973,10.199570,-75.36,43.707150,5099.784851
299,KTYX20201123_131622_V06,69,0.159,178.08,210.948425,6.933052,-76.44,44.154032,3466.526031
299,KTYX20201123_132039_V06,73,0.335,178.10,211.183527,11.642799,-76.44,44.152975,5821.399366
295,KTYX20201123_122734_V06,20,0.348,178.37,210.782227,6.583908,-76.44,44.154792,3291.954041
296,KTYX20201123_130251_V06,55,0.374,178.64,211.285614,6.671150,-76.44,44.152538,3335.575104
297,KTYX20201123_130728_V06,60,0.101,355.42,318.851746,6.181824,-75.34,43.670477,3090.911865
298,KTYX20201123_131205_V06,65,0.131,478.53,564.729187,41.174553,-74.59,42.559152,20587.276459
291,KTYX20201124_114522_V06,-24,0.347,371.90,324.851471,7.879150,-75.23,43.643124,3939.575195
301,KTYX20201124_121304_V06,4,0.239,131.20,457.812561,36.387886,-76.72,43.040877,18193.943024
307,KTYX20201124_124054_V06,31,0.164,165.81,459.175720,23.328112,-76.50,43.036483,11664.055824
312,KTYX20201124_132231_V06,73,0.504,179.19,210.645996,6.510010,-76.44,44.155438,3255.004883
314,KTYX20201124_132923_V06,80,0.170,154.15,493.015656,7.914097,-76.57,42.883647,3957.048416
309,KTYX20201125_124622_V06,36,0.119,52.66,394.869263,66.158844,-77.20,43.318672,33079.421997
322,KTYX20201126_133455_V06,83,0.295,208.52,148.230347,23.521996,-76.25,44.437342,11760.997772
322,KTYX20201126_133947_V06,88,0.124,211.22,149.661341,32.934082,-76.24,44.430986,16467.040839
299,KTYX20201126_120137_V06,-10,0.182,162.59,466.462708,36.508942,-76.52,43.003543,18254.470825
300,KTYX20201126_120137_V06,-10,0.118,274.90,75.072876,3.268951,-75.84,44.767836,1634.475708
301,KTYX20201126_120730_V06,-4,0.169,29.88,175.221680,31.174614,-77.37,44.304864,15587.306976
304,KTYX20201126_124628_V06,35,0.252,300.98,64.095703,25.236229,-75.67,44.817335,12618.114471
307,KTYX20201126_125123_V06,40,0.879,181.92,243.913879,35.116829,-76.42,44.005856,17558.414459
317,KTYX20201126_132950_V06,78,0.239,93.99,254.315552,37.742397,-76.96,43.954224,18871.198654
318,KTYX20201126_132950_V06,78,0.108,281.90,255.459808,10.829727,-75.79,43.956208,5414.863586
321,KTYX20201126_133455_V06,83,0.526,258.68,16.432007,17.926876,-75.94,45.031488,8963.438034
319,KTYX20201127_123412_V06,22,0.101,352.13,310.670502,3.588104,-75.36,43.707353,1794.052124
319,KTYX20201127_124114_V06,29,0.120,353.62,313.503917,11.650584,-75.35,43.694576,5825.291911
319,KTYX20201127_124810_V06,36,0.622,365.02,318.191700,15.684619,-75.28,43.673253,7842.309274
319,KTYX20201127_130214_V06,50,0.119,363.86,310.587738,14.990884,-75.28,43.707496,7495.441835
319,KTYX20201127_130917_V06,57,-1.000,364.03,307.377589,15.023089,-75.28,43.721939,7511.544266
319,KTYX20201127_131618_V06,64,-1.000,364.19,304.167441,15.055293,-75.28,43.736381,7527.646698
319,KTYX20201127_132320_V06,71,-1.000,364.35,300.957293,15.087498,-75.28,43.750824,7543.749130
319,KTYX20201127_133016_V06,78,-1.000,364.51,297.747145,15.119703,-75.28,43.765266,7559.851561
319,KTYX20201127_133719_V06,85,0.137,368.06,304.221566,29.169009,-75.26,43.736052,14584.504647
309,KTYX20201127_114514_V06,-27,0.120,355.20,318.058075,6.594421,-75.34,43.674053,3297.210693
309,KTYX20201127_115211_V06,-20,0.125,355.16,317.785161,13.939641,-75.34,43.675281,6969.820331
309,KTYX20201127_120609_V06,-6,-1.000,355.10,317.298878,29.455850,-75.34,43.677471,14727.924777
309,KTYX20201127_121305_V06,1,0.107,366.78,310.329121,28.118484,-75.27,43.708596,14059.242240
309,KTYX20201127_122007_V06,8,-1.000,371.12,307.575066,32.481430,-75.24,43.720889,16240.714918
309,KTYX20201127_122709_V06,15,-1.000,375.47,304.821012,36.844375,-75.21,43.733175,18422.187595
309,KTYX20201127_123412_V06,22,0.201,405.41,307.033652,49.144743,-75.03,43.722305,24572.371443
322,KTYX20201127_131618_V06,64,0.142,355.32,311.174805,6.757431,-75.34,43.705026,3378.715515
322,KTYX20201127_132320_V06,71,0.115,355.34,310.833211,13.566472,-75.34,43.706563,6783.236146
307,KTYX20201127_114514_V06,-27,0.232,437.16,333.808319,3.217072,-74.83,43.600524,1608.535767
333,KTYX20201128_121100_V06,-2,0.188,40.58,296.081512,18.625338,-77.29,43.762113,9312.668800
333,KTYX20201128_121552_V06,2,0.173,42.95,295.469795,23.304052,-77.28,43.765072,11652.026248
333,KTYX20201128_122044_V06,7,-1.000,45.11,294.913689,29.725611,-77.26,43.767760,14862.805746
333,KTYX20201128_122550_V06,12,-1.000,47.27,294.357583,36.147170,-77.25,43.770446,18073.585243
333,KTYX20201128_123111_V06,18,-1.000,49.85,293.690255,43.853041,-77.23,43.773668,21926.520641
333,KTYX20201128_123702_V06,24,0.138,40.31,304.346869,46.915991,-77.29,43.724904,23457.995564
321,KTYX20201128_120102_V06,-12,0.554,11.39,367.006409,13.103292,-77.46,43.440335,6551.645756
321,KTYX20201128_120608_V06,-7,0.716,13.21,367.927599,19.106047,-77.45,43.436366,9553.023448
324,KTYX20201128_120102_V06,-12,0.211,208.38,532.013367,25.512333,-76.24,42.710257,12756.166458
324,KTYX20201128_120608_V06,-7,0.201,211.00,531.845516,31.211927,-76.22,42.711090,15605.963704
324,KTYX20201128_121100_V06,-2,0.144,225.32,532.472961,26.261230,-76.14,42.708653,13130.615234
335,KTYX20201128_121100_V06,-2,0.141,353.43,88.893372,23.947319,-75.34,44.705270,11973.659515
335,KTYX20201128_121552_V06,2,0.308,354.86,89.027661,28.589200,-75.33,44.704639,14294.600082
335,KTYX20201128_122044_V06,7,0.172,363.63,90.595459,24.681084,-75.28,44.697406,12340.541840
335,KTYX20201128_122550_V06,12,0.283,365.53,90.678214,30.773279,-75.27,44.696991,15386.639530
335,KTYX20201128_123111_V06,18,-1.000,367.37,90.758299,38.515404,-75.26,44.696589,19257.701810
335,KTYX20201128_123702_V06,24,0.745,381.60,84.183716,18.398697,-75.16,44.725804,9199.348450
335,KTYX20201128_124308_V06,30,0.404,383.64,83.395915,24.989730,-75.15,44.729291,12494.864893
335,KTYX20201128_124914_V06,36,0.197,394.99,79.117920,19.863319,-75.08,44.748189,9931.659698
349,KTYX20201128_123111_V06,18,0.161,175.73,212.780212,3.543167,-76.46,44.145691,1771.583557
349,KTYX20201128_123702_V06,24,0.119,176.55,212.972995,11.122858,-76.45,44.144858,5561.428967
371,KTYX20201128_132544_V06,72,0.284,76.97,535.968933,12.638970,-77.04,42.685645,6319.485188
371,KTYX20201128_133150_V06,78,0.239,80.44,535.815479,19.984721,-77.02,42.686589,9992.360639
328,KTYX20201128_120608_V06,-7,0.315,525.71,491.145142,77.567879,-74.30,42.887158,38783.939362
336,KTYX20201128_122044_V06,7,0.321,407.89,390.549561,13.091354,-75.01,43.346384,6545.677185
343,KTYX20201128_122550_V06,12,0.177,542.64,448.370667,38.526497,-74.19,43.078322,19263.248444
346,KTYX20201128_123111_V06,18,0.396,335.57,286.129486,31.004395,-75.46,43.818035,15502.197266
348,KTYX20201128_123111_V06,18,0.188,529.31,209.613831,48.975098,-74.25,44.153619,24487.548828
351,KTYX20201128_123111_V06,18,0.108,69.35,477.564026,3.496391,-77.09,42.947899,1748.195648
365,KTYX20201128_130124_V06,48,0.102,297.91,522.453308,41.231308,-75.69,42.754669,20615.653992
366,KTYX20201128_131335_V06,60,0.360,538.71,408.827576,33.824341,-74.21,43.256566,16912.170410
368,KTYX20201128_131335_V06,60,0.119,23.61,210.193939,36.804554,-77.41,44.146959,18402.276993
368,KTYX20201128_131940_V06,66,0.111,39.37,238.798126,55.467548,-77.31,44.019716,27733.774185
325,KTYX20201129_122415_V06,10,0.100,305.03,284.702209,7.495193,-75.65,43.824668,3747.596741
326,KTYX20201129_123118_V06,17,0.459,362.20,313.800751,14.716080,-75.29,43.693073,7358.039856
330,KTYX20201129_132646_V06,72,0.136,356.11,312.889648,6.429153,-75.33,43.697294,3214.576721
331,KTYX20201130_114622_V06,-30,0.110,376.51,198.803864,2.711700,-75.20,44.210212,1355.850220
332,KTYX20201130_114622_V06,-30,0.100,545.40,577.712952,24.641251,-74.19,42.496070,12320.625305
335,KTYX20201130_115132_V06,-25,0.132,326.80,150.703125,2.725250,-75.51,44.427525,1362.625122
341,KTYX20201130_121126_V06,-5,0.154,304.29,192.699890,2.887314,-75.65,44.238673,1443.656921
361,KTYX20201130_130216_V06,46,0.195,355.19,320.906708,6.736099,-75.34,43.661233,3368.049622
364,KTYX20201130_130711_V06,51,0.101,323.76,310.194458,5.962875,-75.53,43.709858,2981.437683
373,KTYX20201130_132140_V06,65,0.158,436.99,323.179993,16.612396,-74.83,43.648359,8306.198120
375,KTYX20201130_132140_V06,65,0.110,494.72,579.626953,23.133307,-74.50,42.491112,11566.653252
336,KTYX20201201_114838_V06,-29,0.935,446.15,438.056946,30.718559,-74.78,43.130968,15359.279633
336,KTYX20201201_115330_V06,-24,0.133,449.16,434.573355,38.918359,-74.76,43.146497,19459.179449
338,KTYX20201201_114838_V06,-29,0.478,280.55,184.054565,10.628235,-75.80,44.277513,5314.117432
338,KTYX20201201_115330_V06,-24,0.163,282.30,181.095449,18.143205,-75.79,44.290839,9071.602264
379,KTYX20201201_124531_V06,28,0.180,413.65,556.858154,17.255922,-74.99,42.597691,8627.961159
379,KTYX20201201_125037_V06,33,-1.000,413.65,556.858154,25.205922,-74.99,42.597691,12602.961159
379,KTYX20201201_130104_V06,44,0.103,420.31,526.875137,27.487244,-74.95,42.732381,13743.622100
395,KTYX20201201_131820_V06,61,0.642,213.74,325.146362,19.046413,-76.21,43.641415,9523.206711
395,KTYX20201201_132356_V06,66,0.562,213.58,323.039850,26.548123,-76.22,43.650890,13274.061565
343,KTYX20201201_114838_V06,-29,0.138,356.11,48.588928,18.093903,-75.32,44.886560,9046.951294
344,KTYX20201201_114838_V06,-29,0.129,256.08,149.949463,14.242558,-75.96,44.430709,7121.278763
376,KTYX20201201_124010_V06,23,0.258,429.01,573.416321,28.746473,-74.90,42.522553,14373.236656
388,KTYX20201201_130640_V06,49,0.132,304.12,502.470154,11.594280,-75.65,42.844609,5797.140121
390,KTYX20201201_131230_V06,55,0.577,198.07,109.821228,29.887024,-76.32,44.609812,14943.511963
398,KTYX20201201_132356_V06,66,0.339,541.27,399.730042,20.265686,-74.19,43.297296,10132.843018
368,KTYX20201202_131106_V06,53,0.129,39.72,346.521820,53.636269,-77.29,43.535103,26818.134308
368,KTYX20201202_131558_V06,57,0.389,41.03,348.104436,57.803534,-77.28,43.528097,28901.767202
368,KTYX20201202_132036_V06,62,0.407,42.87,354.854520,54.961075,-77.27,43.497886,27480.537413
368,KTYX20201202_132514_V06,67,-1.000,44.59,360.628892,53.735034,-77.26,43.472053,26867.517089
368,KTYX20201202_132952_V06,71,-1.000,45.96,365.248390,52.754202,-77.25,43.451386,26377.100829
368,KTYX20201202_133430_V06,76,0.223,44.96,351.179508,54.115911,-77.26,43.514600,27057.955543
360,KTYX20201202_124304_V06,25,0.133,44.45,487.626343,62.447083,-77.24,42.900616,31223.541260
360,KTYX20201202_124742_V06,29,0.128,44.16,484.376088,67.381638,-77.25,42.915218,33690.818947
356,KTYX20201202_122912_V06,11,0.188,36.56,461.713379,54.746349,-77.30,43.016538,27373.174667
358,KTYX20201202_123827_V06,20,0.142,461.40,558.958252,28.606453,-74.70,42.586081,14303.226471
359,KTYX20201202_124304_V06,25,0.255,401.79,210.921631,46.640656,-75.04,44.154919,23320.327759
366,KTYX20201202_130151_V06,43,0.134,465.04,488.744965,89.965652,-74.67,42.901881,44982.826233
353,KTYX20201203_123522_V06,16,0.251,348.57,310.931976,6.789581,-75.38,43.706237,3394.790649
353,KTYX20201203_124218_V06,23,0.219,348.55,311.387963,13.282408,-75.38,43.704185,6641.203792
359,KTYX20201203_133742_V06,78,0.313,307.56,283.812012,7.387390,-75.63,43.828668,3693.695068
359,KTYX20201203_134439_V06,85,0.133,307.61,284.518682,13.995095,-75.63,43.825488,6997.547399
352,KTYX20201203_122128_V06,2,0.119,355.82,318.285004,6.902451,-75.33,43.673020,3451.225281
352,KTYX20201203_122825_V06,9,-1.000,355.82,318.285004,18.032451,-75.33,43.673020,9016.225281
352,KTYX20201203_123522_V06,16,0.132,355.37,312.161987,6.708099,-75.34,43.700583,3354.049683
356,KTYX20201203_124913_V06,30,0.190,336.45,160.118652,11.587418,-75.45,44.385055,5793.708801
357,KTYX20201203_124913_V06,30,0.119,111.51,397.899750,3.074162,-76.84,43.309318,1537.080765
358,KTYX20201203_131653_V06,57,0.220,307.18,284.924652,7.143341,-75.64,43.823662,3571.670532
361,KTYX20201203_133742_V06,78,0.112,367.27,319.820801,14.653809,-75.26,43.665871,7326.904297
410,KTYX20201204_131100_V06,51,0.671,40.09,177.095551,37.545078,-77.31,44.297358,18772.539139
410,KTYX20201204_131621_V06,56,0.477,42.53,176.308173,43.413898,-77.29,44.301116,21706.949162
410,KTYX20201204_132128_V06,61,0.514,56.63,168.612199,44.818081,-77.21,44.336942,22409.040612
379,KTYX20201204_122339_V06,3,0.243,505.59,354.381500,51.314148,-74.41,43.504013,25657.073975
379,KTYX20201204_122930_V06,9,0.185,507.67,358.014240,60.857797,-74.40,43.487523,30428.898346
403,KTYX20201204_130033_V06,40,0.131,548.02,458.933105,30.707794,-74.16,43.030356,15353.897095
403,KTYX20201204_130554_V06,45,0.312,547.90,458.421320,36.966247,-74.16,43.032669,18483.123374
403,KTYX20201204_131100_V06,51,0.195,552.55,461.774414,32.035385,-74.13,43.017195,16017.692566
362,KTYX20201204_115357_V06,-27,0.143,511.07,525.182922,55.564178,-74.39,42.735040,27782.089233
362,KTYX20201204_120608_V06,-14,-1.000,511.07,525.182922,76.234178,-74.39,42.735040,38117.089233
362,KTYX20201204_121158_V06,-9,0.133,502.54,559.682617,34.221329,-74.45,42.580361,17110.664368
367,KTYX20201204_120608_V06,-14,0.200,494.46,239.035828,65.948059,-74.47,44.023756,32974.029541
368,KTYX20201204_120608_V06,-14,0.134,551.42,424.541260,33.457375,-74.13,43.184824,16728.687286
369,KTYX20201204_121158_V06,-9,0.470,487.56,349.543396,47.512329,-74.52,43.526971,23756.164551
377,KTYX20201204_121748_V06,-3,0.128,78.74,354.383575,79.140930,-77.05,43.502882,39570.465088
385,KTYX20201204_123520_V06,15,0.424,30.42,120.427765,35.341988,-77.38,44.551395,17670.993805
386,KTYX20201204_123520_V06,15,0.351,22.73,401.122498,28.566074,-77.39,43.287916,14283.037186
399,KTYX20201204_125104_V06,31,0.338,422.81,107.360352,30.966454,-74.91,44.620077,15483.226776
401,KTYX20201204_125104_V06,31,0.121,24.29,107.341736,26.701216,-77.42,44.609683,13350.607872
405,KTYX20201204_130554_V06,45,0.674,483.46,507.652954,53.264313,-74.56,42.815727,26632.156372
424,KTYX20201204_132128_V06,61,0.140,387.28,160.820099,53.416412,-75.13,44.380823,26708.206177
430,KTYX20201204_133141_V06,71,0.486,112.87,103.656372,31.503622,-76.86,44.633312,15751.811028
441,KTYX20201204_134051_V06,80,0.307,535.01,454.472473,44.436897,-74.24,43.051471,22218.448639
443,KTYX20201204_134051_V06,80,0.183,358.87,138.622589,31.894150,-75.31,44.481412,15947.074890
443,KTYX20201204_134513_V06,85,0.146,393.08,161.654449,72.980484,-75.10,44.376890,36490.242004
384,KTYX20201205_132613_V06,65,0.187,178.27,210.840668,6.702263,-76.44,44.154524,3351.131439
384,KTYX20201205_133256_V06,71,0.163,175.82,210.901388,12.968599,-76.46,44.154149,6484.299413
377,KTYX20201205_120539_V06,-16,0.139,177.46,211.986938,6.617027,-76.45,44.149333,3308.513641
379,KTYX20201205_125239_V06,31,0.167,176.73,211.087250,6.559021,-76.45,44.153351,3279.510498
383,KTYX20201205_131931_V06,58,0.248,403.10,310.473114,7.003464,-75.04,43.706909,3501.731873
385,KTYX20201205_132613_V06,65,0.121,435.70,338.367523,34.466644,-74.84,43.580075,17233.322144
387,KTYX20201205_133256_V06,71,0.132,299.49,286.051147,6.445435,-75.68,43.818601,3222.717285
382,KTYX20201206_121617_V06,-6,0.207,371.14,326.271332,7.966873,-75.24,43.636753,3983.436584
382,KTYX20201206_122314_V06,1,0.117,371.83,326.622156,14.629504,-75.23,43.635157,7314.751834
383,KTYX20201206_123714_V06,15,0.271,177.44,210.848907,6.627602,-76.45,44.154453,3313.800812
384,KTYX20201206_125113_V06,29,0.107,421.01,345.691162,18.558983,-74.93,43.547752,9279.491425
391,KTYX20201207_133654_V06,73,0.266,178.50,210.532135,6.633400,-76.44,44.155922,3316.699982
391,KTYX20201207_134350_V06,80,0.205,178.34,210.458638,13.289762,-76.44,44.156247,6644.881137
385,KTYX20201207_122732_V06,4,0.247,352.68,310.922333,3.189743,-75.35,43.706210,1594.871521
385,KTYX20201207_123429_V06,11,-1.000,352.68,310.922333,14.319743,-75.35,43.706210,7159.871521
385,KTYX20201207_124125_V06,18,0.128,355.05,311.969421,6.280365,-75.34,43.701455,3140.182495
387,KTYX20201207_124821_V06,25,0.110,311.07,288.222046,10.461761,-75.61,43.808812,5230.880737
388,KTYX20201207_132301_V06,60,0.130,178.95,210.252777,6.463005,-76.44,44.157198,3231.502533
389,KTYX20201207_132958_V06,66,0.202,355.22,312.685181,6.389435,-75.34,43.698231,3194.717407
390,KTYX20201208_120803_V06,-16,0.293,358.32,317.475250,3.797409,-75.32,43.676616,1898.704529
394,KTYX20201208_123548_V06,11,0.211,356.45,313.881317,6.621719,-75.33,43.692825,3310.859680
415,KTYX20201209_132412_V06,59,0.284,27.51,371.906586,30.028503,-77.36,43.419803,15014.251709
415,KTYX20201209_132904_V06,64,-1.000,27.51,371.906586,37.978503,-77.36,43.419803,18989.251709
415,KTYX20201209_133354_V06,68,0.103,33.55,373.318027,42.346420,-77.33,43.413997,21173.209999
415,KTYX20201209_133845_V06,73,-1.000,38.63,374.507904,48.617047,-77.29,43.409093,24308.523674
415,KTYX20201209_134336_V06,78,0.225,43.12,386.061272,46.363261,-77.26,43.357499,23181.630586
415,KTYX20201209_134827_V06,83,0.242,45.87,384.695325,46.735422,-77.25,43.363880,23367.711018
415,KTYX20201209_135303_V06,88,0.366,56.54,384.954294,50.298849,-77.18,43.363603,25149.424419
409,KTYX20201209_130938_V06,44,0.705,535.17,577.346436,24.068317,-74.25,42.498525,12034.158707
409,KTYX20201209_131429_V06,49,0.608,539.52,577.164559,28.739717,-74.22,42.499005,14369.858654
395,KTYX20201209_121057_V06,-15,0.116,24.62,399.768921,32.199104,-77.38,43.294180,16099.552155
404,KTYX20201209_130433_V06,39,0.310,525.25,508.967163,66.350243,-74.30,42.806993,33175.121307
413,KTYX20201209_131429_V06,49,0.116,23.30,394.636902,30.894068,-77.39,43.317149,15447.033882
416,KTYX20201209_132412_V06,59,0.166,540.38,485.834106,60.893337,-74.21,42.909926,30446.668625
416,KTYX20201209_132904_V06,64,-1.000,540.38,485.834106,68.843337,-74.21,42.909926,34421.668625
416,KTYX20201209_133354_V06,68,0.119,543.30,479.374786,59.141823,-74.19,42.938758,29570.911407
402,KTYX20201210_122432_V06,-2,0.240,348.54,311.053864,6.870468,-75.38,43.705689,3435.234070
402,KTYX20201210_123134_V06,5,0.116,351.24,311.126593,13.682362,-75.36,43.705316,6841.181129
402,KTYX20201210_123835_V06,12,-1.000,353.65,311.191388,20.965322,-75.35,43.704982,10482.661237
402,KTYX20201210_124536_V06,19,0.112,360.12,305.172858,19.564804,-75.31,43.731942,9782.401945
402,KTYX20201210_125237_V06,26,0.215,355.08,317.277466,6.957443,-75.34,43.677568,3478.721619
402,KTYX20201210_130627_V06,40,0.241,354.75,312.959241,13.116711,-75.34,43.697006,6558.355706
398,KTYX20201210_120338_V06,-23,0.124,354.99,316.989380,6.554901,-75.34,43.678866,3277.450562
398,KTYX20201210_121041_V06,-16,0.159,355.62,314.939717,13.436091,-75.34,43.688078,6718.045537
398,KTYX20201210_121738_V06,-9,-1.000,356.19,313.113654,20.780788,-75.33,43.696285,10390.393787
398,KTYX20201210_122432_V06,-2,0.166,359.50,307.045258,7.753174,-75.31,43.723529,3876.586914
413,KTYX20201210_131321_V06,47,0.281,177.77,210.419708,6.999474,-76.44,44.156398,3499.736786
413,KTYX20201210_132016_V06,54,0.102,178.02,210.264766,13.859720,-76.44,44.157105,6929.860241
413,KTYX20201210_132717_V06,61,0.122,178.21,210.677124,6.672539,-76.44,44.155258,3336.269379
413,KTYX20201210_133412_V06,68,0.287,178.20,211.009225,12.997544,-76.44,44.153763,6498.771965
404,KTYX20201210_122432_V06,-2,0.116,355.00,315.996735,7.137131,-75.34,43.683333,3568.565369
408,KTYX20201210_123835_V06,12,0.124,271.29,254.129181,9.740738,-75.86,43.962112,4870.368958
409,KTYX20201210_123835_V06,12,0.123,102.74,433.886749,16.554630,-76.89,43.146815,8277.315140
411,KTYX20201210_125237_V06,26,0.117,347.61,311.432312,6.728958,-75.38,43.704001,3364.479065
412,KTYX20201210_131321_V06,47,0.510,429.25,310.228912,3.135193,-74.88,43.706984,1567.596436
417,KTYX20201210_133412_V06,68,0.667,355.22,309.994751,6.298874,-75.34,43.710338,3149.436951
409,KTYX20201211_131652_V06,50,0.168,343.04,153.951691,12.983170,-75.41,44.412714,6491.584778
409,KTYX20201211_132354_V06,57,-1.000,343.04,153.951691,24.113170,-75.41,44.412714,12056.584778
409,KTYX20201211_133036_V06,64,0.120,355.20,159.906847,28.102421,-75.33,44.385714,14051.210481
407,KTYX20201211_120745_V06,-19,0.206,297.99,285.781921,7.800507,-75.69,43.819812,3900.253296
409,KTYX20201212_120116_V06,-26,0.566,291.54,300.824249,6.564865,-75.73,43.752109,3282.432556
409,KTYX20201212_120756_V06,-20,-1.000,291.54,300.824249,16.104865,-75.73,43.752109,8052.432556
409,KTYX20201212_121437_V06,-13,0.492,289.25,291.759534,16.643341,-75.75,43.792894,8321.670561
409,KTYX20201212_122138_V06,-6,0.582,288.27,287.310228,19.833451,-75.75,43.812912,9916.725288
409,KTYX20201212_122840_V06,1,-1.000,287.12,282.302067,22.934370,-75.76,43.835445,11467.184809
409,KTYX20201212_123525_V06,8,0.112,290.67,294.016846,7.244888,-75.74,43.782740,3622.444153
409,KTYX20201212_124211_V06,15,0.121,292.21,293.771117,14.123246,-75.73,43.783851,7061.622790
414,KTYX20201212_122138_V06,-6,0.404,371.44,325.778870,7.164169,-75.24,43.638962,3582.084656
414,KTYX20201212_122840_V06,1,0.110,365.44,320.466192,13.824655,-75.27,43.663008,6912.327615
414,KTYX20201212_123525_V06,8,-1.000,360.10,315.733080,20.972725,-75.31,43.684420,10486.362252
414,KTYX20201212_124211_V06,15,0.167,371.94,317.821777,6.893936,-75.23,43.674758,3446.968079
425,KTYX20201212_133555_V06,68,0.182,355.12,311.968567,6.494232,-75.34,43.701458,3247.116089
425,KTYX20201212_134240_V06,75,0.458,351.84,311.181796,12.170203,-75.36,43.705057,6085.101689
416,KTYX20201212_122840_V06,1,0.135,348.27,311.643768,6.985229,-75.38,43.703039,3492.614746
420,KTYX20201212_124211_V06,15,0.163,377.93,324.616150,6.724289,-75.20,43.644031,3362.144470
421,KTYX20201212_130217_V06,35,0.448,27.22,496.000000,30.722673,-77.35,42.861433,15361.336708
422,KTYX20201212_130217_V06,35,0.102,355.62,313.005035,6.365585,-75.34,43.696784,3182.792664
423,KTYX20201212_130859_V06,41,0.177,284.70,280.695312,23.319427,-75.78,43.842664,11659.713745
426,KTYX20201212_133555_V06,68,0.145,371.07,324.280426,7.896133,-75.24,43.645714,3948.066711
428,KTYX20201212_134240_V06,75,0.251,147.63,225.149139,43.359474,-76.63,44.088715,21679.737091
464,KTYX20201213_130915_V06,41,0.432,293.72,282.869904,14.084045,-75.72,43.832911,7042.022705
464,KTYX20201213_131405_V06,46,0.190,296.05,282.576800,20.495368,-75.70,43.834234,10247.683963
477,KTYX20201213_133245_V06,64,0.377,245.42,536.599854,58.805954,-76.01,42.690506,29402.976990
477,KTYX20201213_133721_V06,69,-1.000,245.42,536.599854,66.755954,-76.01,42.690506,33377.976990
477,KTYX20201213_134151_V06,73,0.272,256.90,532.991513,65.705268,-75.94,42.706931,32852.633872
477,KTYX20201213_134627_V06,78,0.155,267.84,524.544800,53.625805,-75.88,42.745085,26812.902451
477,KTYX20201213_135103_V06,83,0.405,270.28,526.947980,60.403674,-75.86,42.734294,30201.837098
492,KTYX20201213_134151_V06,73,0.350,354.14,301.757538,7.460419,-75.34,43.747427,3730.209351
492,KTYX20201213_134627_V06,78,0.139,357.53,299.580356,13.154827,-75.32,43.757160,6577.413581
502,KTYX20201213_135103_V06,83,0.780,438.77,231.625732,26.913666,-74.81,44.060246,13456.832886
502,KTYX20201213_135539_V06,87,0.673,442.92,231.054844,31.105064,-74.79,44.062617,15552.531912
427,KTYX20201213_121414_V06,-14,0.188,286.54,279.743500,14.522812,-75.76,43.846956,7261.405945
427,KTYX20201213_121851_V06,-10,0.255,296.36,275.789917,11.681808,-75.70,43.864776,5840.904236
432,KTYX20201213_121851_V06,-10,0.367,380.73,485.722473,28.039986,-75.19,42.918912,14019.992828
435,KTYX20201213_121851_V06,-10,0.126,449.71,377.986816,29.543076,-74.76,43.401118,14771.537781
437,KTYX20201213_122327_V06,-5,0.122,350.15,245.081116,6.362183,-75.37,44.002541,3181.091309
440,KTYX20201213_123353_V06,5,0.225,341.24,557.069092,32.622299,-75.43,42.598584,16311.149597
443,KTYX20201213_123912_V06,11,0.247,320.75,291.548737,11.150345,-75.55,43.793789,5575.172424
448,KTYX20201213_124516_V06,17,0.430,426.42,65.707642,34.473846,-74.88,44.807322,17236.923218
449,KTYX20201213_124516_V06,17,0.348,444.25,463.101379,34.265945,-74.80,43.018351,17132.972717
456,KTYX20201213_124516_V06,17,0.130,359.97,466.765930,41.000519,-75.31,43.004713,20500.259399
467,KTYX20201213_130915_V06,41,0.156,181.49,489.972107,47.077415,-76.41,42.898540,23538.707733
471,KTYX20201213_132319_V06,55,0.215,256.29,456.462677,40.460579,-75.95,43.051364,20230.289459
471,KTYX20201213_132810_V06,60,-1.000,256.29,456.462677,48.410579,-75.95,43.051364,24205.289459
471,KTYX20201213_133245_V06,64,0.254,252.10,426.367310,19.351192,-75.97,43.186748,9675.596237
474,KTYX20201213_132810_V06,60,0.137,217.78,474.916016,34.841568,-76.18,42.967508,17420.783997
483,KTYX20201213_133245_V06,64,0.116,408.10,482.191559,37.045147,-75.02,42.933948,18522.573471
484,KTYX20201213_133721_V06,69,0.384,238.22,523.424377,43.102463,-76.06,42.749669,21551.231384
485,KTYX20201213_133721_V06,69,0.350,321.90,298.024628,29.653717,-75.54,43.764639,14826.858521
494,KTYX20201213_134151_V06,73,0.156,120.90,342.228668,15.388338,-76.79,43.560406,7694.169044
503,KTYX20201213_135103_V06,83,0.411,382.39,219.918823,51.535812,-75.17,44.115042,25767.906189
505,KTYX20201213_135103_V06,83,0.186,292.95,368.726501,13.497055,-75.72,43.446534,6748.527527
442,KTYX20201214_120830_V06,-21,0.101,178.02,210.141418,6.823662,-76.44,44.157661,3411.830902
467,KTYX20201214_133535_V06,66,0.388,178.01,211.457886,6.698769,-76.44,44.151736,3349.384308
472,KTYX20201214_134822_V06,79,0.397,178.00,211.196533,6.736771,-76.44,44.152912,3368.385315
447,KTYX20201215_121851_V06,-11,0.248,355.32,317.338745,6.864822,-75.34,43.677287,3432.411194
447,KTYX20201215_122552_V06,-4,-1.000,355.32,317.338745,17.994822,-75.34,43.677287,8997.411194
447,KTYX20201215_123254_V06,3,0.198,362.21,310.866120,20.337383,-75.29,43.706279,10168.691385
447,KTYX20201215_123956_V06,10,0.107,369.95,309.004532,23.742790,-75.25,43.714484,11871.394800
447,KTYX20201215_124658_V06,17,0.226,355.47,317.399963,6.953644,-75.34,43.677009,3476.821899
447,KTYX20201215_125359_V06,24,0.207,357.62,316.012161,15.619645,-75.32,43.683214,7809.822738
445,KTYX20201215_120445_V06,-25,0.205,178.88,210.404755,6.673355,-76.44,44.156511,3336.677551
445,KTYX20201215_121148_V06,-18,0.209,178.74,210.420732,13.377259,-76.44,44.156434,6688.629723
445,KTYX20201215_121851_V06,-11,-1.000,178.62,210.434966,20.564011,-76.44,44.156365,10282.005293
445,KTYX20201215_122552_V06,-4,0.299,177.98,210.711426,6.840233,-76.44,44.155094,3420.116425
446,KTYX20201215_120445_V06,-25,0.161,355.71,311.996429,6.659256,-75.33,43.701321,3329.627991
446,KTYX20201215_121148_V06,-18,0.180,355.27,311.272727,13.556439,-75.34,43.704586,6778.219722
451,KTYX20201215_122552_V06,-4,0.153,39.48,468.168549,43.428898,-77.28,42.987746,21714.448929
451,KTYX20201215_123254_V06,3,0.135,41.30,465.449138,51.613457,-77.27,43.000138,25806.728357
455,KTYX20201215_123956_V06,10,0.390,178.71,210.692627,6.700912,-76.44,44.155209,3350.456238
455,KTYX20201215_124658_V06,17,0.128,180.24,210.583169,13.400762,-76.43,44.155764,6700.381107
456,KTYX20201215_124658_V06,17,0.288,389.93,507.612457,56.934937,-75.13,42.820131,28467.468262
460,KTYX20201216_122942_V06,-1,0.289,41.11,236.902161,43.779411,-77.29,44.028400,21889.705658
460,KTYX20201216_123624_V06,6,0.226,41.89,235.187326,50.196555,-77.29,44.036182,25098.277635
451,KTYX20201216_120221_V06,-28,0.230,23.42,296.093414,31.489929,-77.40,43.760508,15744.964600
453,KTYX20201216_120221_V06,-28,0.142,354.50,311.221649,6.698257,-75.34,43.704830,3349.128723
459,KTYX20201216_122254_V06,-8,0.133,162.44,386.315735,6.097618,-76.53,43.364220,3048.809052
461,KTYX20201216_122942_V06,-1,0.166,355.92,312.039673,6.788345,-75.33,43.701123,3394.172668
461,KTYX20201216_123624_V06,6,-1.000,355.92,312.039673,17.918345,-75.33,43.701123,8959.172668
461,KTYX20201216_124307_V06,13,0.110,354.82,311.982086,6.502487,-75.34,43.701402,3251.243591
461,KTYX20201216_124949_V06,19,-1.000,354.82,311.982086,16.042487,-75.34,43.701402,8021.243591
461,KTYX20201216_130314_V06,33,0.127,355.80,317.658875,6.585999,-75.33,43.675838,3292.999268
462,KTYX20201216_122942_V06,-1,0.136,38.86,481.436035,66.733734,-77.28,42.927993,33366.867065
468,KTYX20201216_124949_V06,19,0.132,27.49,162.327576,35.061768,-77.39,44.362645,17530.883789
470,KTYX20201216_132401_V06,54,0.142,347.61,310.620880,6.577118,-75.38,43.707653,3288.558960
463,KTYX20201218_122814_V06,-3,0.689,178.68,211.872925,6.836288,-76.44,44.149897,3418.144226
463,KTYX20201218_123516_V06,4,0.536,178.70,211.534373,12.107508,-76.44,44.151421,6053.753926
463,KTYX20201218_124211_V06,11,0.163,177.00,216.612983,12.532089,-76.45,44.128499,6266.044622
463,KTYX20201218_124908_V06,18,-1.000,175.57,220.866264,13.798191,-76.46,44.109301,6899.095690
463,KTYX20201218_130305_V06,32,0.159,178.44,214.999012,13.890792,-76.44,44.135821,6945.395802
463,KTYX20201218_131002_V06,39,0.203,177.73,210.854144,14.330502,-76.44,44.154442,7165.251230
463,KTYX20201218_131704_V06,46,0.132,177.64,213.210248,14.344670,-76.44,44.143837,7172.335153
463,KTYX20201218_132400_V06,53,-1.000,177.49,214.218241,14.459142,-76.45,44.139295,7229.571015
463,KTYX20201218_133102_V06,60,0.493,179.13,211.219543,7.030922,-76.44,44.152855,3515.460968
463,KTYX20201218_133757_V06,66,0.567,178.54,211.574220,11.737681,-76.44,44.151235,5868.840670
458,KTYX20201218_120708_V06,-24,0.202,178.83,211.923431,6.709618,-76.44,44.149676,3354.808807
458,KTYX20201218_121410_V06,-17,0.802,180.19,212.282247,10.089372,-76.43,44.148117,5044.685761
458,KTYX20201218_122112_V06,-10,0.141,177.95,214.546888,14.302694,-76.44,44.137835,7151.347142
474,KTYX20201218_132400_V06,53,0.234,296.20,310.160339,15.693161,-75.70,43.710104,7846.580505
472,KTYX20201219_133540_V06,63,0.183,175.74,213.031677,3.499519,-76.46,44.144560,1749.759674
472,KTYX20201219_134237_V06,70,0.462,177.15,211.545861,10.985165,-76.45,44.151305,5492.582318
461,KTYX20201219_120457_V06,-28,0.235,356.08,317.519104,7.113739,-75.33,43.676461,3556.869507
462,KTYX20201219_121152_V06,-21,0.191,177.06,211.533813,6.868591,-76.45,44.151355,3434.295654
469,KTYX20201219_132149_V06,49,0.363,22.09,98.067871,32.030682,-77.43,44.651189,16015.340805
470,KTYX20201219_133540_V06,63,0.361,354.75,312.087189,6.558044,-75.34,43.700931,3279.022217
471,KTYX20201220_120835_V06,-25,0.119,491.00,561.912659,35.096672,-74.52,42.571071,17548.336029
471,KTYX20201220_121311_V06,-20,0.102,491.34,561.013511,41.502403,-74.51,42.575096,20751.201653
485,KTYX20201220_123616_V06,3,0.531,10.61,305.936859,14.344709,-77.48,43.715003,7172.354698
485,KTYX20201220_124052_V06,7,0.318,11.09,304.752357,20.141225,-77.47,43.720378,10070.612628
507,KTYX20201220_130834_V06,35,0.187,118.72,97.063904,16.298143,-76.82,44.663342,8149.071693
507,KTYX20201220_131311_V06,40,0.306,119.21,95.201499,21.502574,-76.82,44.671751,10751.286984
509,KTYX20201220_131311_V06,40,0.363,109.24,523.757629,38.564018,-76.84,42.742799,19282.009125
509,KTYX20201220_131748_V06,44,-1.000,109.24,523.757629,44.924018,-76.84,42.742799,22462.009125
509,KTYX20201220_132225_V06,49,0.204,125.28,524.233661,56.549028,-76.75,42.741624,28274.514041
472,KTYX20201220_120835_V06,-25,0.118,14.95,530.616699,15.522425,-77.42,42.704541,7761.212349
483,KTYX20201220_123139_V06,-2,0.207,8.12,313.647308,16.532505,-77.49,43.680071,8266.252518
517,KTYX20201220_131748_V06,44,0.277,129.42,528.570374,57.091621,-76.72,42.722342,28545.810699
519,KTYX20201220_132225_V06,49,0.370,327.45,261.378296,6.503647,-75.51,43.929503,3251.823425
529,KTYX20201220_133139_V06,58,0.320,554.61,525.066162,31.905521,-74.13,42.732224,15952.760696
479,KTYX20201221_121846_V06,-15,0.162,305.64,285.374603,6.751404,-75.64,43.821641,3375.701904
480,KTYX20201221_122547_V06,-8,0.113,328.09,241.365601,12.896774,-75.50,44.019553,6448.387146
484,KTYX20201221_131438_V06,41,0.158,178.60,211.576569,6.382080,-76.44,44.151227,3191.040039
479,KTYX20201222_120649_V06,-28,0.359,370.51,323.422150,7.986649,-75.24,43.649589,3993.324280
479,KTYX20201222_121550_V06,-19,0.304,357.91,316.246170,13.997979,-75.32,43.682155,6998.989545
479,KTYX20201222_122252_V06,-12,0.420,365.55,313.515425,18.553493,-75.27,43.694285,9276.746729
479,KTYX20201222_122948_V06,-5,0.275,366.33,315.538283,19.593954,-75.27,43.685164,9796.977070
479,KTYX20201222_123643_V06,2,0.215,355.06,317.378571,7.012680,-75.34,43.677113,3506.340027
478,KTYX20201222_120649_V06,-28,0.365,246.55,506.741730,48.306145,-76.01,42.824914,24153.072357
478,KTYX20201222_121550_V06,-19,0.151,253.70,507.827892,56.430371,-75.96,42.820143,28215.185589
478,KTYX20201222_122252_V06,-12,0.468,284.24,517.941284,56.921818,-75.78,42.774937,28460.908890
478,KTYX20201222_122948_V06,-5,-1.000,284.24,517.941284,68.051818,-75.78,42.774937,34025.908890
478,KTYX20201222_123643_V06,2,0.171,304.79,528.892469,69.183441,-75.65,42.725683,34591.720452
491,KTYX20201222_125041_V06,16,0.300,355.59,312.201355,6.796570,-75.34,43.700401,3398.284912
491,KTYX20201222_130437_V06,30,0.178,355.76,315.822084,13.235947,-75.33,43.684104,6617.973407
491,KTYX20201222_131139_V06,37,0.135,355.07,310.657318,6.571106,-75.34,43.707359,3285.552979
491,KTYX20201222_131835_V06,44,0.373,355.20,310.529631,12.579607,-75.34,43.707932,6289.803582
508,KTYX20201222_133933_V06,65,0.225,355.67,316.741455,6.856201,-75.33,43.679969,3428.100586
508,KTYX20201222_134628_V06,72,0.182,360.61,317.401930,18.576477,-75.30,43.676900,9288.238630
481,KTYX20201222_120649_V06,-28,0.325,397.23,513.463623,68.993149,-75.09,42.793571,34496.574402
489,KTYX20201222_123643_V06,2,0.149,448.69,334.782593,3.200577,-74.76,43.595586,1600.288391
492,KTYX20201222_125041_V06,16,0.295,371.05,324.122986,7.446762,-75.24,43.646423,3723.381042
493,KTYX20201222_125041_V06,16,0.154,179.29,211.223877,6.693459,-76.43,44.152842,3346.729279
494,KTYX20201222_125041_V06,16,0.151,378.58,325.914551,6.941132,-75.19,43.638171,3470.565796
514,KTYX20201222_134628_V06,72,0.353,445.83,521.359253,71.916397,-74.79,42.756087,35958.198547
490,KTYX20201223_120834_V06,-26,0.250,19.97,371.563354,27.681282,-77.41,43.420650,13840.641022
490,KTYX20201223_121535_V06,-19,0.337,23.36,371.168537,37.301797,-77.39,43.422742,18650.898668
490,KTYX20201223_122238_V06,-12,0.202,35.53,380.030271,42.811434,-77.31,43.383973,21405.716875
488,KTYX20201223_120834_V06,-26,0.569,307.27,285.559174,7.110886,-75.63,43.820807,3555.442810
488,KTYX20201223_121535_V06,-19,0.445,308.74,286.010287,12.571841,-75.63,43.818773,6285.920352
495,KTYX20201223_123143_V06,-3,0.550,31.72,318.925537,37.032341,-77.34,43.658551,18516.170502
495,KTYX20201223_123844_V06,4,0.478,36.29,319.892516,47.199993,-77.31,43.654609,23599.996665
502,KTYX20201223_133457_V06,60,0.113,32.54,267.598541,46.718155,-77.34,43.889539,23359.077454
502,KTYX20201223_134158_V06,67,-1.000,32.54,267.598541,57.848155,-77.34,43.889539,28924.077454
502,KTYX20201223_134623_V06,72,0.133,37.83,256.362803,59.106701,-77.31,43.940561,29553.350557
489,KTYX20201223_120834_V06,-26,0.519,44.33,274.919098,50.474598,-77.27,43.857647,25237.298965
496,KTYX20201223_123143_V06,-3,0.459,174.45,213.357025,3.497856,-76.46,44.143041,1748.928070
497,KTYX20201223_123143_V06,-3,0.199,102.20,320.612671,42.348736,-76.91,43.656486,21174.367905
509,KTYX20201224_130042_V06,26,0.609,140.00,538.894836,23.512314,-76.66,42.676452,11756.156921
509,KTYX20201224_130507_V06,31,0.629,143.97,531.709100,27.848667,-76.63,42.708999,13924.333567
510,KTYX20201224_130507_V06,31,0.404,186.93,574.401672,28.981743,-76.37,42.518751,14490.871429
510,KTYX20201224_130932_V06,35,0.664,190.50,569.746216,34.997186,-76.35,42.539835,17498.592939
520,KTYX20201224_132811_V06,54,0.640,24.60,424.207581,33.092964,-77.37,43.184222,16546.482086
520,KTYX20201224_133236_V06,58,0.717,28.77,422.935828,40.636808,-77.35,43.190324,20318.404165
521,KTYX20201224_132811_V06,54,0.416,303.68,288.113037,10.668381,-75.66,43.809321,5334.190369
521,KTYX20201224_133236_V06,58,0.425,305.85,285.888386,17.568558,-75.64,43.819328,8784.278838
496,KTYX20201224_120935_V06,-25,0.149,306.81,285.807373,6.404633,-75.64,43.819691,3202.316284
497,KTYX20201224_121400_V06,-20,0.207,279.63,95.368042,26.914951,-75.81,44.676558,13457.475662
497,KTYX20201224_121826_V06,-16,0.309,308.41,89.615570,41.004654,-75.63,44.702500,20502.326965
500,KTYX20201224_123147_V06,-3,0.142,398.93,343.983063,2.912537,-75.07,43.556253,1456.268311
503,KTYX20201224_123822_V06,4,0.239,316.22,87.148560,37.403008,-75.58,44.713567,18701.503754
507,KTYX20201224_125137_V06,17,0.309,117.75,577.236450,16.508701,-76.79,42.502641,8254.350662
514,KTYX20201224_130932_V06,35,0.122,264.29,573.950867,26.094093,-75.90,42.522668,13047.046661
522,KTYX20201224_132811_V06,54,0.146,311.62,504.392792,52.812138,-75.61,42.835936,26406.068802
523,KTYX20201224_132811_V06,54,0.129,354.62,219.802826,5.663910,-75.34,44.116210,2831.954956
527,KTYX20201224_133236_V06,58,0.168,314.11,267.605743,6.573196,-75.59,43.901573,3286.598206
568,KTYX20201225_132223_V06,47,0.876,256.64,178.328522,20.574081,-75.95,44.303022,10287.040710
568,KTYX20201225_132815_V06,53,0.920,257.91,163.290006,21.736928,-75.94,44.370709,10868.463867
568,KTYX20201225_133407_V06,59,0.613,257.01,145.579387,20.450647,-75.95,44.450387,10225.323371
537,KTYX20201225_124007_V06,5,0.415,25.99,326.910858,37.684475,-77.38,43.622102,18842.237473
537,KTYX20201225_124808_V06,13,0.616,37.81,326.138159,49.481264,-77.30,43.626644,24740.632176
537,KTYX20201225_125401_V06,19,0.668,41.99,295.312469,46.291031,-77.28,43.765696,23145.515442
542,KTYX20201225_124808_V06,13,0.728,184.56,254.567657,32.659996,-76.40,43.958021,16329.998016
542,KTYX20201225_125401_V06,19,0.862,195.67,248.874246,43.589074,-76.33,43.984054,21794.537150
562,KTYX20201225_131630_V06,41,0.577,81.87,184.740234,23.634212,-77.05,44.266375,11817.106247
562,KTYX20201225_132223_V06,47,0.186,83.60,181.178295,30.622030,-77.04,44.282528,15311.014795
574,KTYX20201225_132223_V06,47,0.126,12.30,359.764160,17.076822,-77.46,43.473006,8538.411140
574,KTYX20201225_132815_V06,53,0.561,12.24,349.471590,21.853559,-77.46,43.519306,10926.779516
582,KTYX20201225_133407_V06,59,0.332,12.85,315.339233,16.972595,-77.46,43.672921,8486.297607
582,KTYX20201225_134000_V06,65,0.226,12.67,314.111428,25.371890,-77.46,43.678427,12685.944939
594,KTYX20201225_134523_V06,70,0.187,203.30,531.515259,27.221939,-76.27,42.712342,13610.969543
594,KTYX20201225_135032_V06,75,0.140,203.22,529.830925,35.604301,-76.27,42.719920,17802.150350
512,KTYX20201225_120547_V06,-30,0.184,177.49,320.820770,57.906956,-76.44,43.659607,28953.477859
554,KTYX20201225_130445_V06,29,0.291,26.16,117.374939,36.415512,-77.40,44.564729,18207.756042
555,KTYX20201225_130445_V06,29,0.275,298.08,287.841248,6.743179,-75.69,43.810545,3371.589661
559,KTYX20201225_131038_V06,35,0.199,253.29,211.842896,19.858532,-75.97,44.152165,9929.265976
561,KTYX20201225_131630_V06,41,0.588,204.64,180.468201,46.628029,-76.28,44.292163,23314.014435
579,KTYX20201225_132815_V06,53,0.142,313.00,292.124146,7.302887,-75.60,43.791244,3651.443481
588,KTYX20201225_134000_V06,65,0.351,206.30,556.311951,31.868567,-76.25,42.600829,15934.283257
593,KTYX20201225_134523_V06,70,0.207,330.54,282.638855,6.791000,-75.49,43.833800,3395.500183
586,KTYX20201226_132634_V06,51,0.475,17.79,336.686920,25.190845,-77.43,43.577353,12595.422745
586,KTYX20201226_133155_V06,56,0.460,21.09,340.909228,33.911063,-77.41,43.558668,16955.531566
586,KTYX20201226_133715_V06,62,0.443,30.45,345.440594,37.708343,-77.35,43.539143,18854.171705
586,KTYX20201226_134235_V06,67,0.828,38.72,353.409262,42.402352,-77.30,43.504027,21201.175762
586,KTYX20201226_134754_V06,72,0.312,47.65,355.483801,48.989406,-77.24,43.495463,24494.702868
586,KTYX20201226_135301_V06,78,0.214,61.70,369.737326,64.195998,-77.15,43.432486,32097.999043
567,KTYX20201226_130511_V06,30,0.219,27.98,387.554077,34.827621,-77.36,43.349445,17413.810730
567,KTYX20201226_131046_V06,35,-1.000,27.98,387.554077,42.777621,-77.36,43.349445,21388.810730
567,KTYX20201226_131552_V06,40,-1.000,27.98,387.554077,50.727621,-77.36,43.349445,25363.810730
567,KTYX20201226_132058_V06,45,0.131,39.16,390.435265,60.397828,-77.29,43.337477,30198.914070
526,KTYX20201226_120937_V06,-26,0.156,46.74,465.018036,41.720390,-77.23,43.002541,20860.195160
526,KTYX20201226_121413_V06,-21,0.187,74.66,501.156311,72.097366,-77.06,42.842135,36048.683167
556,KTYX20201226_125459_V06,19,0.649,145.82,89.889221,68.932846,-76.65,44.697185,34466.423035
564,KTYX20201226_125459_V06,19,0.159,21.89,333.509338,23.364748,-77.40,43.592035,11682.374001
573,KTYX20201226_131046_V06,35,0.213,37.99,389.971619,58.113625,-77.30,43.339461,29056.812286
573,KTYX20201226_131552_V06,40,0.251,44.07,413.905243,58.369045,-77.26,43.232300,29184.522629
585,KTYX20201226_132058_V06,45,0.102,510.82,431.602661,91.743111,-74.38,43.156173,45871.555328
537,KTYX20201227_120654_V06,-29,0.138,177.45,211.652924,6.673492,-76.45,44.150836,3336.746216
537,KTYX20201227_121341_V06,-22,0.166,177.96,211.269458,13.371559,-76.44,44.152582,6685.779499
533,KTYX20201227_120654_V06,-29,0.301,391.21,522.021606,39.515713,-75.12,42.755241,19757.856369
533,KTYX20201227_121341_V06,-22,-1.000,391.21,522.021606,50.645713,-75.12,42.755241,25322.856369
533,KTYX20201227_122036_V06,-15,0.138,417.17,501.115356,66.348381,-74.96,42.848441,33174.190521
533,KTYX20201227_122732_V06,-8,0.114,452.73,500.983521,89.870056,-74.75,42.847448,44935.028076
534,KTYX20201227_120654_V06,-29,0.267,539.01,258.325531,48.955673,-74.19,43.933696,24477.836609
543,KTYX20201227_121341_V06,-22,0.154,394.27,466.579010,45.288269,-75.10,43.004677,22644.134521
565,KTYX20201227_131117_V06,36,0.103,349.87,528.113159,27.048149,-75.38,42.728785,13524.074554
570,KTYX20201227_132508_V06,50,0.115,171.46,210.470276,6.822517,-76.48,44.155901,3411.258698
564,KTYX20201228_124431_V06,8,0.123,25.72,348.843933,35.635666,-77.38,43.523400,17817.832947
564,KTYX20201228_125036_V06,14,-1.000,25.72,348.843933,45.175666,-77.38,43.523400,22587.832947
564,KTYX20201228_130246_V06,26,0.412,65.77,370.487513,71.505009,-77.13,43.429432,35752.504488
564,KTYX20201228_130850_V06,32,0.192,69.92,359.570233,83.727897,-77.10,43.478877,41863.948505
564,KTYX20201228_131655_V06,40,0.133,78.67,357.646580,87.006814,-77.05,43.488195,43503.406883
564,KTYX20201228_132300_V06,47,0.186,83.96,380.039310,87.940038,-77.01,43.387824,43970.018895
560,KTYX20201228_123833_V06,2,0.254,48.05,292.044159,52.887569,-77.24,43.780921,26443.784714
560,KTYX20201228_124431_V06,8,0.113,51.93,288.544906,62.259498,-77.22,43.796992,31129.749007
538,KTYX20201228_120825_V06,-28,0.164,19.21,205.155243,21.597897,-77.44,44.169208,10798.948288
554,KTYX20201228_123244_V06,-4,0.453,20.85,282.870697,34.333641,-77.42,43.819754,17166.820526
565,KTYX20201228_125036_V06,14,0.388,29.50,219.217651,33.472961,-77.37,44.106913,16736.480713
591,KTYX20201228_133931_V06,63,0.118,22.71,390.227112,29.500969,-77.39,43.336935,14750.484467
592,KTYX20201228_133931_V06,63,0.118,326.76,552.821350,48.201401,-75.52,42.617865,24100.700378
576,KTYX20201229_131051_V06,34,0.220,19.73,480.281464,26.149731,-77.40,42.931474,13074.865341
576,KTYX20201229_131528_V06,39,0.130,21.24,483.443288,33.794704,-77.39,42.917387,16897.351798
576,KTYX20201229_132214_V06,46,0.119,26.76,493.702869,35.337089,-77.35,42.871727,17668.544309
587,KTYX20201229_133348_V06,57,0.284,179.33,210.524353,6.657036,-76.43,44.155992,3328.517914
587,KTYX20201229_133814_V06,62,0.270,178.97,210.746871,12.379840,-76.44,44.154975,6189.920223
587,KTYX20201229_134251_V06,66,-1.000,178.73,210.890431,17.302940,-76.44,44.154320,8651.470101
587,KTYX20201229_134727_V06,71,-1.000,178.44,211.069881,23.456815,-76.44,44.153500,11728.407447
587,KTYX20201229_135205_V06,76,-1.000,178.15,211.249332,29.610690,-76.44,44.152681,14805.344794
587,KTYX20201229_140328_V06,87,0.128,225.70,205.417887,46.736009,-76.14,44.180508,23368.004528
558,KTYX20201229_122438_V06,-12,0.125,40.54,475.694763,53.723442,-77.27,42.953972,26861.721039
558,KTYX20201229_122916_V06,-7,0.118,41.54,475.904451,60.052296,-77.26,42.953114,30026.148045
547,KTYX20201229_121047_V06,-26,0.142,506.58,514.452026,82.990463,-74.42,42.783641,41495.231628
547,KTYX20201229_121524_V06,-21,0.144,509.66,507.950470,72.248657,-74.40,42.812687,36124.328613
548,KTYX20201229_121047_V06,-26,0.100,353.87,313.611115,6.195496,-75.35,43.694089,3097.747803
554,KTYX20201229_122001_V06,-16,0.231,295.07,317.841522,6.230408,-75.71,43.675536,3115.203857
562,KTYX20201229_122916_V06,-7,0.258,347.97,317.749817,7.125137,-75.38,43.675565,3562.568665
565,KTYX20201229_123830_V06,2,0.242,337.49,556.645874,39.856133,-75.45,42.600538,19928.066254
569,KTYX20201229_124308_V06,7,0.105,342.96,416.069519,59.485550,-75.42,43.233169,29742.774963
573,KTYX20201229_130137_V06,25,0.208,297.80,276.931396,7.740540,-75.69,43.859640,3870.269775
574,KTYX20201229_130137_V06,25,0.107,183.43,210.289612,6.527031,-76.41,44.157213,3263.515472
578,KTYX20201229_131528_V06,39,0.569,357.63,311.471100,10.216827,-75.32,43.703649,5108.413696
580,KTYX20201229_132214_V06,46,0.111,177.84,211.068420,6.395523,-76.44,44.153482,3197.761536
582,KTYX20201229_132652_V06,50,0.179,97.08,452.842957,13.728302,-76.93,43.061136,6864.151001
584,KTYX20201229_132652_V06,50,0.166,382.35,319.995209,10.120468,-75.17,43.664707,5060.234070
560,KTYX20201230_124726_V06,11,0.104,43.99,491.323700,65.444031,-77.25,42.883940,32722.015381
566,KTYX20201230_133141_V06,55,0.464,35.95,491.565765,57.613419,-77.30,42.882160,28806.709290
566,KTYX20201230_133843_V06,62,0.664,40.13,460.773132,47.642426,-77.27,43.021079,23821.212769
569,KTYX20201230_133843_V06,62,0.169,454.77,379.310730,40.949760,-74.72,43.394902,20474.880219
573,KTYX20201230_135011_V06,74,0.427,31.42,514.249451,46.952591,-77.32,42.779692,23476.295471
574,KTYX20201230_135442_V06,78,0.244,28.37,423.604553,35.707554,-77.35,43.187279,17853.776932
599,KTYX20201231_133320_V06,57,0.112,374.64,327.229370,15.352402,-75.22,43.632356,7676.200867
599,KTYX20201231_134214_V06,66,0.239,370.33,315.777936,27.030129,-75.24,43.683994,13515.064332
599,KTYX20201231_134857_V06,72,0.852,370.87,332.735840,22.686172,-75.24,43.607668,11343.086243
599,KTYX20201231_140241_V06,86,0.422,370.10,301.016443,34.158790,-75.24,43.750427,17079.395199
564,KTYX20201231_121246_V06,-24,0.375,531.50,232.736938,32.195129,-74.24,44.049417,16097.564697
567,KTYX20201231_121928_V06,-17,0.565,352.38,311.104553,3.656784,-75.36,43.705396,1828.392029
573,KTYX20201231_124618_V06,10,0.336,350.38,317.167572,9.894104,-75.37,43.678146,4947.052002
577,KTYX20201231_125305_V06,17,0.122,376.60,165.762146,48.807556,-75.20,44.358885,24403.778076
585,KTYX20201231_130630_V06,30,0.159,437.49,498.982910,83.857079,-74.84,42.857183,41928.539276
587,KTYX20201231_130630_V06,30,0.141,278.56,439.565033,12.318459,-75.81,43.127656,6159.229279
608,KTYX20201231_134857_V06,72,0.113,532.27,354.742432,57.950207,-74.24,43.500430,28975.103378
