track_id,filename,from_sunrise,det_score,x,y,r,lon,lat,radius,is_rain
3,KMKX20000102_131944,-6,0.106,199.91,334.764282,11.874401,-89.16,42.809674,5937.200546
3,KMKX20000102_132534,0,0.193,202.99,333.864646,20.133296,-89.14,42.813822,10066.648030
7,KMKX20000102_140625,41,0.101,192.89,345.672211,10.470909,-89.20,42.760343,5235.454559
7,KMKX20000102_141216,47,0.164,198.60,344.953617,20.149819,-89.17,42.763771,10074.909709
1,KMKX20000102_125623,-29,0.171,399.93,31.658447,27.769669,-87.93,44.173712,13884.834290
2,KMKX20000102_131944,-6,0.261,70.05,95.479248,15.498837,-89.98,43.879351,7749.418259
4,KMKX20000102_133124,6,0.715,259.80,518.562195,40.851223,-88.79,41.983738,20425.611496
6,KMKX20000102_134305,18,0.115,380.42,564.187500,11.738503,-88.07,41.777575,5869.251251
8,KMKX20000102_141806,53,0.110,277.57,225.420380,11.103073,-88.69,43.303353,5551.536560
9,KMKX20000102_142356,58,0.237,275.80,398.947693,45.713509,-88.70,42.522327,22856.754303
10,KMKX20000102_142356,58,0.154,450.80,492.384705,6.869160,-87.64,42.098175,3434.579849
11,KMKX20000102_143537,70,0.432,286.26,327.797272,3.546631,-88.63,42.842639,1773.315430
15,KMKX20000103_133532,10,0.145,297.69,385.357300,12.190720,-88.56,42.583593,6095.359802
15,KMKX20000103_134526,20,-1.000,297.69,385.357300,28.090720,-88.56,42.583593,14045.359802
15,KMKX20000103_135520,30,0.267,299.88,415.357220,29.475303,-88.55,42.448560,14737.651642
17,KMKX20000103_144449,79,0.224,297.28,412.717834,21.485886,-88.57,42.460439,10742.942810
17,KMKX20000103_145443,89,0.149,296.30,419.627042,33.708478,-88.57,42.429339,16854.239146
11,KMKX20000103_125557,-30,0.279,300.48,416.070679,28.072235,-88.55,42.445349,14036.117554
11,KMKX20000103_130550,-20,0.715,316.98,398.883057,7.781235,-88.45,42.522666,3890.617371
14,KMKX20000103_130550,-20,0.170,348.55,58.873596,2.949722,-88.25,44.052535,1474.861145
16,KMKX20000103_135520,30,0.248,353.16,325.501099,33.058975,-88.23,42.852542,16529.487610
18,KMKX20000104_134825,23,0.259,447.20,115.745331,27.594635,-87.64,43.793386,13797.317505
18,KMKX20000104_135415,29,0.200,447.67,120.292259,36.241701,-87.63,43.772903,18120.850540
18,KMKX20000104_140005,35,-1.000,448.08,124.189626,45.016329,-87.63,43.755345,22508.164571
18,KMKX20000104_140556,40,0.146,458.43,145.856720,37.000015,-87.57,43.657319,18500.007629
23,KMKX20000104_140556,40,0.111,444.47,253.923218,53.283539,-87.66,43.171717,26641.769409
23,KMKX20000104_141146,46,0.137,445.51,256.411198,59.508835,-87.66,43.160471,29754.417258
16,KMKX20000104_125552,-30,0.250,218.60,423.331970,12.171333,-89.05,42.411590,6085.666656
19,KMKX20000104_134825,23,0.214,410.10,503.156433,83.934479,-87.89,42.051398,41967.239380
20,KMKX20000104_135415,29,0.153,430.50,233.665405,45.644836,-87.75,43.263516,22822.418213
21,KMKX20000104_140556,40,0.224,312.96,268.392242,7.660736,-88.47,43.110010,3830.368042
21,KMKX20000104_141146,46,0.367,313.48,261.871368,3.656799,-88.47,43.139356,1828.399658
25,KMKX20000104_142327,58,0.142,176.86,117.498779,60.945778,-89.32,43.786583,30472.888947
26,KMKX20000104_142917,64,0.251,340.17,340.614838,7.130131,-88.31,42.784715,3565.065384
27,KMKX20000104_142917,64,0.112,501.42,461.104858,84.701149,-87.33,42.236088,42350.574493
29,KMKX20000104_144058,75,0.158,402.08,286.235657,6.686829,-87.92,43.028018,3343.414307
26,KMKX20000105_133848,13,0.523,25.60,371.216919,34.509453,-90.22,42.634975,17254.726410
27,KMKX20000106_141247,47,0.146,510.22,365.240234,3.300644,-87.27,42.666938,1650.321960
28,KMKX20000107_130258,-23,0.173,216.39,359.545654,3.088951,-89.06,42.698632,1544.475555
29,KMKX20000107_142136,56,0.114,229.10,309.644501,7.323502,-88.98,42.923548,3661.750793
30,KMKX20000108_130334,-22,0.118,374.79,308.641876,42.199417,-88.09,42.927968,21099.708557
31,KMKX20000108_131328,-12,0.108,296.54,384.175598,12.622955,-88.57,42.588910,6311.477661
32,KMKX20000108_133316,8,0.171,366.54,304.862396,35.672729,-88.14,42.945169,17836.364746
33,KMKX20000108_135303,28,0.149,223.46,299.883636,7.829514,-89.02,42.967343,3914.756775
34,KMKX20000108_142245,57,0.149,362.88,306.903870,39.516861,-88.17,42.936059,19758.430481
39,KMKX20000109_130538,-19,0.362,97.49,354.809448,12.919758,-89.79,42.714398,6459.878922
39,KMKX20000109_131128,-13,0.115,100.33,352.175326,20.889958,-89.77,42.726440,10444.978993
39,KMKX20000109_131719,-7,0.136,109.86,351.839310,22.040756,-89.71,42.728558,11020.377861
39,KMKX20000109_132309,-1,0.140,127.93,349.408877,27.291869,-89.60,42.740564,13645.934375
39,KMKX20000109_132900,5,0.176,139.74,344.470631,29.632567,-89.53,42.763429,14816.283662
39,KMKX20000109_133450,10,0.130,111.55,341.085144,3.635914,-89.70,42.777060,1817.956924
47,KMKX20000109_132900,5,0.116,506.63,567.062683,24.370930,-87.31,41.758844,12185.464859
47,KMKX20000109_133450,10,0.208,512.69,566.280919,33.545978,-87.27,41.761957,16772.989210
47,KMKX20000109_134041,16,0.178,530.49,559.865934,36.661834,-87.16,41.789570,18330.917111
37,KMKX20000109_125947,-25,0.156,529.28,525.614624,32.294914,-87.17,41.943817,16147.457123
37,KMKX20000109_130538,-19,0.671,532.42,520.719041,37.806786,-87.15,41.965618,18903.392801
38,KMKX20000109_125947,-25,0.113,489.56,580.722290,23.259068,-87.41,41.698440,11629.533768
38,KMKX20000109_130538,-19,0.202,489.13,580.193113,29.544009,-87.41,41.700848,14772.004483
38,KMKX20000109_131128,-13,0.285,495.18,578.391785,24.326561,-87.38,41.708585,12163.280487
38,KMKX20000109_131719,-7,0.204,503.93,575.948380,33.856149,-87.33,41.719026,16928.074586
41,KMKX20000109_130538,-19,0.212,468.18,424.237549,40.648605,-87.53,42.404005,20324.302673
44,KMKX20000109_132309,-1,0.325,545.19,516.111938,44.158978,-87.07,41.985374,22079.488754
46,KMKX20000109_132900,5,0.123,399.96,523.357666,6.874763,-87.95,41.960807,3437.381744
50,KMKX20000109_140403,40,0.302,544.58,529.566162,30.328991,-87.08,41.924870,15164.495468
51,KMKX20000109_140954,45,0.133,571.28,486.336761,27.399672,-86.91,42.117209,13699.835777
51,KMKX20000109_141545,51,0.190,573.92,479.921387,24.547426,-86.89,42.145847,12273.713112
46,KMKX20000110_130601,-18,0.155,385.87,307.729706,29.799484,-88.02,42.931782,14899.742126
46,KMKX20000110_131152,-13,0.363,387.14,306.199406,35.961230,-88.02,42.938633,17980.614847
54,KMKX20000110_132923,5,0.384,144.11,306.403687,27.969404,-89.51,42.934974,13984.702110
54,KMKX20000110_133514,11,0.541,146.72,294.429633,32.078952,-89.49,42.988994,16039.476249
58,KMKX20000110_133514,11,0.382,102.34,250.075623,36.647221,-89.77,43.186032,18323.610306
58,KMKX20000110_134105,17,0.637,106.03,252.262855,43.845640,-89.74,43.176428,21922.819976
84,KMKX20000110_143339,69,0.135,547.50,475.469696,7.894220,-87.05,42.168102,3947.110176
84,KMKX20000110_143929,75,-1.000,547.50,475.469696,17.434220,-87.05,42.168102,8717.110176
84,KMKX20000110_144520,81,-1.000,547.50,475.469696,26.974220,-87.05,42.168102,13487.110176
84,KMKX20000110_145110,87,0.269,542.94,470.700371,41.868610,-87.08,42.189926,20934.305054
44,KMKX20000110_130011,-24,0.194,208.60,96.284790,32.687561,-89.12,43.883182,16343.780518
47,KMKX20000110_131152,-13,0.218,390.19,196.104584,7.374176,-87.99,43.434022,3687.088013
48,KMKX20000110_131152,-13,0.107,87.34,315.117401,36.875122,-89.85,42.892332,18437.561035
50,KMKX20000110_131742,-7,0.349,191.59,118.198608,70.633133,-89.22,43.784004,35316.566467
51,KMKX20000110_131742,-7,0.133,253.68,174.864624,15.015839,-88.84,43.530601,7507.919312
52,KMKX20000110_132333,-1,0.221,258.55,278.428558,31.687943,-88.81,43.064585,15843.971252
53,KMKX20000110_132923,5,0.575,297.89,306.069946,11.086716,-88.56,42.940460,5543.357849
55,KMKX20000110_132923,5,0.329,89.26,256.872742,44.206829,-89.85,43.154565,22103.414536
56,KMKX20000110_132923,5,0.243,409.17,334.160797,12.172726,-87.88,42.812080,6086.362839
57,KMKX20000110_132923,5,0.129,268.82,167.619476,15.260006,-88.74,43.563402,7630.002975
59,KMKX20000110_134105,17,0.383,572.57,440.756012,15.644592,-86.90,42.322216,7822.296143
62,KMKX20000110_135246,28,0.378,535.25,183.084991,31.876724,-87.10,43.484776,15938.362122
63,KMKX20000110_135246,28,0.249,490.54,520.122314,23.282639,-87.40,41.971146,11641.319275
67,KMKX20000110_135836,34,0.327,295.93,302.799622,13.197540,-88.58,42.955177,6598.770142
70,KMKX20000110_140427,40,0.224,510.63,326.697937,15.541618,-87.26,42.840358,7770.809174
71,KMKX20000110_140427,40,0.211,79.73,152.703705,29.743793,-89.92,43.622609,14871.896744
75,KMKX20000110_141607,52,0.174,299.19,345.108856,14.878956,-88.56,42.764752,7439.477921
76,KMKX20000110_142158,57,0.442,528.51,487.284760,12.752716,-87.17,42.116384,6376.358032
78,KMKX20000110_142158,57,0.107,137.30,115.726562,52.550659,-89.56,43.792667,26275.329590
80,KMKX20000110_142748,63,0.192,294.89,304.592468,14.435074,-88.58,42.947106,7217.536926
81,KMKX20000110_142748,63,0.146,578.43,346.423218,18.341438,-86.85,42.746177,9170.719147
83,KMKX20000110_143339,69,0.224,406.30,318.659851,15.430084,-87.90,42.881945,7715.042114
85,KMKX20000110_143929,75,0.336,347.57,373.237854,16.293503,-88.26,42.637775,8146.751404
86,KMKX20000110_144520,81,0.164,368.08,345.939087,28.700413,-88.13,42.760258,14350.206375
79,KMKX20000111_134632,22,0.132,336.83,235.800842,6.670547,-88.32,43.256494,3335.273743
79,KMKX20000111_135622,32,0.321,336.61,236.345898,12.907885,-88.33,43.254044,6453.942679
72,KMKX20000111_125722,-27,0.245,263.82,416.254791,11.568184,-88.77,42.444308,5784.091949
73,KMKX20000111_125722,-27,0.164,520.51,265.852509,23.865585,-87.20,43.113463,11932.792664
73,KMKX20000111_130712,-17,-1.000,520.51,265.852509,39.765585,-87.20,43.113463,19882.792664
73,KMKX20000111_131702,-7,0.527,506.16,285.022705,33.158676,-87.29,43.028206,16579.338074
74,KMKX20000111_130712,-17,0.583,445.60,453.099487,48.339325,-87.67,42.275248,24169.662476
77,KMKX20000111_131702,-7,0.192,264.87,239.391388,10.125874,-88.77,43.240355,5062.936783
78,KMKX20000111_134632,22,0.158,372.72,143.159943,19.375824,-88.10,43.672756,9687.911987
82,KMKX20000112_130616,-18,0.194,547.63,454.910065,38.341698,-87.05,42.260617,19170.848846
82,KMKX20000112_131606,-8,0.583,524.33,466.121110,45.198556,-87.19,42.211938,22599.277830
81,KMKX20000112_130616,-18,0.517,562.55,235.932465,29.038544,-86.93,43.244744,14519.271851
81,KMKX20000112_131606,-8,-1.000,562.55,235.932465,44.938544,-86.93,43.244744,22469.271851
81,KMKX20000112_132557,1,0.260,543.58,240.664320,52.477449,-87.05,43.225039,26238.724357
88,KMKX20000112_134535,21,0.505,547.67,394.246643,34.287544,-87.04,42.533613,17143.772125
88,KMKX20000112_135526,31,0.226,548.78,411.409824,46.462055,-87.04,42.456287,23231.027732
78,KMKX20000112_125626,-28,0.369,550.35,502.702454,22.105354,-87.04,42.045313,11052.677155
79,KMKX20000112_125626,-28,0.155,57.55,284.638885,69.688858,-90.04,43.027258,34844.429016
80,KMKX20000112_125626,-28,0.135,136.69,88.128052,29.804909,-89.57,43.916817,14902.454376
85,KMKX20000112_131606,-8,0.257,513.65,239.095398,69.983513,-87.24,43.234357,34991.756439
86,KMKX20000112_132557,1,0.281,512.92,395.700745,27.764915,-87.25,42.529670,13882.457733
86,KMKX20000112_133547,11,-1.000,512.92,395.700745,43.664915,-87.25,42.529670,21832.457733
86,KMKX20000112_134535,21,0.251,492.85,395.410492,35.156845,-87.38,42.532299,17578.422546
91,KMKX20000112_141506,51,0.518,522.84,324.978577,25.719486,-87.19,42.847230,12859.743118
92,KMKX20000112_142457,60,0.150,381.20,225.523132,10.086884,-88.05,43.301883,5043.441772
88,KMKX20000113_130523,-18,0.255,469.28,399.724915,27.490425,-87.52,42.514269,13745.212555
89,KMKX20000113_135452,31,0.157,273.27,430.977905,6.058395,-88.71,42.378132,3029.197693
91,KMKX20000113_142433,61,0.263,308.66,123.122589,6.931427,-88.50,43.763796,3465.713501
91,KMKX20000114_130641,-17,0.501,224.68,355.387024,6.841064,-89.01,42.717565,3420.532227
92,KMKX20000114_130641,-17,0.301,299.64,152.139099,7.679596,-88.55,43.633229,3839.797974
93,KMKX20000114_130641,-17,0.169,226.21,181.142975,6.633270,-89.01,43.501799,3316.635132
96,KMKX20000114_131635,-7,0.114,67.00,267.855347,14.274128,-89.98,43.103519,7137.063980
97,KMKX20000114_134616,23,0.114,162.92,333.310242,10.663162,-89.39,42.814784,5331.581116
96,KMKX20000115_143825,76,0.501,404.29,66.513855,18.991333,-87.90,44.016723,9495.666504
101,KMKX20000119_132011,0,0.137,161.66,329.317993,7.573174,-89.40,42.832694,3786.586761
101,KMKX20000119_133003,10,0.107,161.79,329.356014,14.993279,-89.40,42.832529,7496.639447
101,KMKX20000119_133953,19,-1.000,161.90,329.388295,22.103368,-89.40,42.832389,11051.684180
101,KMKX20000119_134943,29,-1.000,162.03,329.424163,30.003468,-89.39,42.832233,15001.733883
101,KMKX20000119_135933,39,0.156,170.09,310.688110,28.730855,-89.35,42.916909,14365.427434
101,KMKX20000119_140923,49,-1.000,173.56,302.814418,32.766027,-89.33,42.952491,16383.013465
101,KMKX20000119_141913,59,0.298,169.29,333.761322,16.903023,-89.35,42.813033,8451.511383
97,KMKX20000119_125041,-30,0.478,174.82,338.619690,22.918617,-89.32,42.791398,11459.308624
97,KMKX20000119_130031,-20,0.351,175.16,346.158149,33.389415,-89.31,42.757484,16694.707581
105,KMKX20000119_142903,69,0.175,297.64,160.520691,10.354538,-88.57,43.595509,5177.268982
100,KMKX20000120_130304,-17,0.217,185.43,230.706055,6.827774,-89.26,43.277479,3413.887024
101,KMKX20000120_134239,22,0.111,228.53,301.316986,7.536652,-88.99,42.961015,3768.325806
102,KMKX20000121_133416,15,0.152,229.37,287.921783,6.543472,-88.98,43.021321,3271.736145
102,KMKX20000121_134410,25,-1.000,229.37,287.921783,22.443472,-88.98,43.021321,11221.736145
102,KMKX20000121_135404,35,0.527,227.85,294.304840,7.706818,-88.99,42.992558,3853.408813
102,KMKX20000121_140358,44,-1.000,227.85,294.304840,22.016818,-88.99,42.992558,11008.408813
102,KMKX20000121_141352,54,0.235,228.58,302.433350,8.720619,-88.99,42.955991,4360.309601
115,KMKX20000122_134543,27,0.177,348.04,302.496857,23.270554,-88.26,42.956164,11635.276794
115,KMKX20000122_135537,37,0.296,353.72,308.542404,37.867373,-88.22,42.928859,18933.686462
115,KMKX20000122_140531,47,-1.000,359.07,314.245750,52.537957,-88.19,42.903091,26268.978601
115,KMKX20000122_141525,57,0.360,376.96,311.808589,49.310466,-88.08,42.913661,24655.232825
115,KMKX20000122_142519,67,-1.000,389.38,312.924770,53.895506,-88.00,42.908299,26947.753025
115,KMKX20000122_143513,77,-1.000,401.80,314.040950,58.480546,-87.93,42.902887,29240.273225
115,KMKX20000122_144507,87,0.327,387.52,288.406146,59.777340,-88.01,43.018703,29888.670024
104,KMKX20000122_125614,-22,0.126,206.77,89.623566,38.071487,-89.13,43.913100,19035.743713
104,KMKX20000122_130607,-12,0.209,220.74,89.594796,47.315272,-89.04,43.913634,23657.635941
114,KMKX20000122_133549,17,0.147,299.45,110.125793,32.062080,-88.55,43.822296,16031.040192
114,KMKX20000122_134543,27,0.135,287.06,113.194951,50.775085,-88.63,43.808457,25387.542290
114,KMKX20000122_135537,37,0.303,271.93,99.007324,30.821152,-88.73,43.872198,15410.575867
127,KMKX20000122_142519,67,0.574,272.18,150.587646,11.246567,-88.72,43.640082,5623.283386
127,KMKX20000122_143513,77,0.915,281.72,157.355309,17.701325,-88.66,43.609699,8850.662552
103,KMKX20000122_125614,-22,0.148,546.12,437.371338,7.000832,-87.06,42.339667,3500.415802
107,KMKX20000122_131601,-2,0.126,160.71,384.117065,22.733932,-89.40,42.586019,11366.966248
109,KMKX20000122_132555,7,0.172,397.06,286.974823,41.079956,-87.96,43.024855,20539.978027
110,KMKX20000122_132555,7,0.137,198.51,227.961090,31.135605,-89.18,43.290299,15567.802429
111,KMKX20000122_133549,17,0.759,380.27,487.971375,7.301697,-88.07,42.120664,3650.848389
112,KMKX20000122_133549,17,0.417,372.79,488.748932,7.283176,-88.11,42.117348,3641.588211
118,KMKX20000122_140531,47,0.696,364.42,510.294678,7.397507,-88.16,42.020547,3698.753357
122,KMKX20000122_140531,47,0.114,314.54,357.340759,12.212608,-88.46,42.709662,6106.304169
128,KMKX20000122_142519,67,0.258,257.45,416.950684,29.930637,-88.81,42.441094,14965.318680
130,KMKX20000122_142519,67,0.115,152.21,281.958740,11.752457,-89.46,43.045389,5876.228333
131,KMKX20000122_143513,77,0.409,387.17,262.317230,51.569824,-88.01,43.136128,25784.912109
132,KMKX20000122_143513,77,0.326,448.88,561.778931,31.783676,-87.66,41.785908,15891.838074
133,KMKX20000122_143513,77,0.173,539.09,574.158386,32.348373,-87.11,41.724596,16174.186707
134,KMKX20000122_143513,77,0.135,389.18,100.402222,45.064209,-88.00,43.864722,22532.104492
135,KMKX20000122_143513,77,0.130,183.40,104.514709,24.442360,-89.28,43.845271,12221.179962
122,KMKX20000126_131019,-5,0.111,229.28,292.712463,7.992882,-88.98,42.999758,3996.440887
123,KMKX20000126_133007,15,0.583,476.19,239.037567,7.200928,-87.47,43.237027,3600.463867
124,KMKX20000126_141937,64,0.595,440.50,348.742676,22.252335,-87.69,42.745173,11126.167297
125,KMKX20000126_141937,64,0.369,467.29,237.266602,11.579208,-87.52,43.245501,5789.604187
126,KMKX20000126_142930,74,0.105,229.46,292.754364,7.077896,-88.98,42.999574,3538.948059
129,KMKX20000127_135120,37,0.197,307.86,400.011963,14.690529,-88.50,42.517621,7345.264435
129,KMKX20000127_140114,47,0.140,301.55,398.190582,24.422256,-88.54,42.525829,12211.127996
127,KMKX20000127_130151,-13,0.180,316.66,422.893616,7.801201,-88.45,42.414592,3900.600433
128,KMKX20000127_133132,17,0.109,303.72,408.102478,16.719482,-88.53,42.481213,8359.741211
130,KMKX20000127_135120,37,0.160,110.18,350.760864,10.335388,-89.71,42.733431,5167.694092
131,KMKX20000127_135120,37,0.148,439.29,496.036011,11.698093,-87.71,42.082277,5849.046707
132,KMKX20000127_141108,57,0.339,299.02,159.285522,11.115570,-88.56,43.601068,5557.785034
133,KMKX20000127_142102,67,0.401,140.33,402.987732,8.060219,-89.52,42.500097,4030.109406
134,KMKX20000128_124452,-29,0.202,183.10,239.209198,11.086510,-89.27,43.239123,5543.254852
135,KMKX20000128_124452,-29,0.121,162.39,318.071960,10.523102,-89.39,42.883341,5261.550903
136,KMKX20000128_125446,-19,0.362,218.13,365.354065,6.646248,-89.05,42.672536,3323.123932
137,KMKX20000128_130440,-9,0.370,311.19,419.236694,22.074936,-88.48,42.431078,11037.467957
139,KMKX20000128_141358,60,0.109,226.46,359.976318,6.968475,-89.00,42.696952,3484.237671
140,KMKX20000128_142352,70,0.117,405.91,286.316895,6.840912,-87.90,43.027521,3420.455933
142,KMKX20000130_125518,-16,0.122,233.98,128.779663,26.215694,-88.96,43.737624,13107.847214
142,KMKX20000130_130512,-6,0.158,242.39,122.832786,34.996259,-88.91,43.764559,17498.129411
142,KMKX20000130_132500,14,-1.000,258.26,111.612262,53.363361,-88.81,43.815315,26681.680726
142,KMKX20000130_135441,43,0.256,242.48,112.305220,63.638328,-88.91,43.811935,31819.164165
140,KMKX20000130_125518,-16,0.820,432.73,210.569336,26.614807,-87.73,43.367356,13307.403564
140,KMKX20000130_130512,-6,0.720,429.65,212.503596,33.496804,-87.75,43.358785,16748.401900
143,KMKX20000130_125518,-16,0.119,385.73,92.322815,43.152946,-88.02,43.901179,21576.473236
143,KMKX20000130_130512,-6,-1.000,385.73,92.322815,59.052946,-88.02,43.901179,29526.473236
143,KMKX20000130_132500,14,0.123,372.34,109.010373,55.791667,-88.10,43.826440,27895.833511
141,KMKX20000130_125518,-16,0.200,554.43,160.082947,23.916534,-86.98,43.586709,11958.267212
145,KMKX20000130_130512,-6,0.145,369.15,91.216553,35.425087,-88.12,43.906587,17712.543488
147,KMKX20000130_132500,14,0.371,507.86,320.096741,11.551231,-87.28,42.870255,5775.615692
146,KMKX20000131_132625,16,0.128,296.48,388.666260,10.957184,-88.57,42.568698,5478.591919
146,KMKX20000131_140601,56,0.218,228.90,294.589113,22.830355,-88.99,42.991303,11415.177666
147,KMKX20000202_123943,-29,0.120,166.93,327.526001,15.662567,-89.36,42.840993,7831.283569
148,KMKX20000202_123943,-29,0.107,299.81,410.621155,16.077400,-88.55,42.469878,8038.700104
148,KMKX20000202_124937,-19,0.168,302.02,406.370911,11.222733,-88.54,42.489008,5611.366272
149,KMKX20000202_124937,-19,0.277,201.72,358.299805,6.834663,-89.15,42.703805,3417.331696
151,KMKX20000202_130925,1,0.414,317.62,161.649811,26.293365,-88.44,43.590377,13146.682739
153,KMKX20000202_130925,1,0.147,190.30,255.104980,15.289871,-89.23,43.167855,7644.935608
156,KMKX20000202_133906,31,0.117,456.47,529.687622,10.723090,-87.61,41.929989,5361.545086
157,KMKX20000202_140848,60,0.140,230.94,153.048218,9.568085,-88.98,43.628344,4784.042358
158,KMKX20000202_142835,80,0.147,146.18,286.481110,12.003647,-89.49,43.024738,6001.823425
155,KMKX20000203_132406,17,0.155,78.47,185.159180,31.588890,-89.92,43.476484,15794.445038
155,KMKX20000203_132956,22,-1.000,78.47,185.159180,39.538890,-89.92,43.476484,19769.445038
155,KMKX20000203_133547,28,-1.000,78.47,185.159180,49.078890,-89.92,43.476484,24539.445038
155,KMKX20000203_134137,34,0.142,86.51,174.951108,52.470399,-89.87,43.522996,26235.199518
157,KMKX20000203_134728,40,0.125,66.91,267.351318,55.992180,-89.98,43.105780,27996.089935
157,KMKX20000203_135318,46,0.238,69.13,272.354829,64.861437,-89.97,43.083435,32430.718252
157,KMKX20000203_135908,52,0.329,72.26,288.867188,57.588749,-89.95,43.009368,28794.374466
157,KMKX20000203_140458,57,0.112,73.73,311.913757,70.429619,-89.94,42.905770,35214.809418
156,KMKX20000203_132956,22,0.134,59.44,135.299530,26.186823,-90.04,43.699358,13093.411446
158,KMKX20000203_135908,52,0.352,162.34,98.621094,38.786354,-89.41,43.870895,19393.177032
175,KMKX20000204_135310,47,0.143,259.21,456.846924,10.899479,-88.80,42.261536,5449.739456
175,KMKX20000204_140304,57,0.401,287.42,461.356708,19.666938,-88.63,42.241479,9833.469228
175,KMKX20000204_141258,66,-1.000,311.37,465.185771,27.921008,-88.48,42.224248,13960.503940
175,KMKX20000204_142251,76,-1.000,337.99,469.440284,37.092196,-88.32,42.204885,18546.098064
175,KMKX20000204_143245,86,0.279,363.49,502.866831,59.093021,-88.17,42.054002,29546.510394
164,KMKX20000204_130341,-3,0.202,344.63,407.899048,30.822670,-88.28,42.481807,15411.334991
164,KMKX20000204_131335,7,0.400,343.22,415.650798,37.954009,-88.29,42.446936,18977.004614
169,KMKX20000204_133322,27,0.196,336.54,358.711304,11.190216,-88.33,42.703310,5595.108032
169,KMKX20000204_134316,37,0.410,331.26,363.811950,19.301667,-88.36,42.680411,9650.833290
159,KMKX20000204_124353,-23,0.221,298.77,417.010864,10.513397,-88.56,42.441116,5256.698608
160,KMKX20000204_124353,-23,0.159,327.92,369.773987,25.625214,-88.38,42.653608,12812.606812
162,KMKX20000204_125347,-13,0.180,486.11,265.342773,19.915283,-87.41,43.118060,9957.641602
163,KMKX20000204_130341,-3,0.213,454.12,397.984772,7.208504,-87.61,42.522897,3604.251862
165,KMKX20000204_132329,17,0.458,69.27,325.888855,7.395284,-89.96,42.842548,3697.641850
166,KMKX20000204_132329,17,0.242,222.59,368.742584,20.700447,-89.02,42.657401,10350.223541
167,KMKX20000204_132329,17,0.130,247.81,250.977936,27.778488,-88.87,43.187964,13889.244080
168,KMKX20000204_132329,17,0.109,522.53,414.555298,6.520355,-87.20,42.444138,3260.177612
170,KMKX20000204_133322,27,0.162,271.49,530.965149,7.615562,-88.72,41.928034,3807.781219
173,KMKX20000204_134316,37,0.113,214.46,237.419006,6.576843,-89.08,43.248228,3288.421631
174,KMKX20000204_135310,47,0.419,351.82,159.969788,11.152985,-88.23,43.597542,5576.492310
176,KMKX20000204_141258,66,0.395,250.72,480.588013,11.223469,-88.85,42.154546,5611.734390
177,KMKX20000204_141258,66,0.143,306.02,274.153107,26.548798,-88.51,43.084104,13274.398804
178,KMKX20000204_142251,76,0.262,383.97,440.821625,55.184586,-88.04,42.332798,27592.292786
179,KMKX20000204_142251,76,0.251,122.46,442.952393,30.959806,-89.63,42.319250,15479.903221
180,KMKX20000204_142251,76,0.190,376.71,547.299316,54.140804,-88.09,41.853692,27070.402145
178,KMKX20000223_121334,-27,0.210,221.33,132.011658,45.421776,-89.04,43.722774,22710.887909
178,KMKX20000223_121926,-21,0.131,220.58,129.003645,52.581457,-89.04,43.736290,26290.728486
183,KMKX20000223_124844,8,0.242,370.77,301.681335,18.791245,-88.12,42.959391,9395.622253
183,KMKX20000223_125435,14,0.371,372.11,299.545511,24.375901,-88.11,42.968973,12187.950673
183,KMKX20000223_130027,20,0.128,351.22,295.476868,14.860947,-88.24,42.987707,7430.473328
179,KMKX20000223_121334,-27,0.143,82.15,154.624237,17.116718,-89.90,43.614144,8558.359146
180,KMKX20000223_121926,-21,0.108,450.14,328.666931,12.070435,-87.63,42.835068,6035.217285
181,KMKX20000223_122517,-15,0.128,339.35,138.757965,27.942780,-88.31,43.693189,13971.389771
182,KMKX20000223_123109,-9,0.112,307.64,103.337891,31.118134,-88.50,43.852832,15559.066772
185,KMKX20000223_130618,26,0.157,385.72,142.513153,47.134857,-88.02,43.675323,23567.428589
186,KMKX20000223_131210,32,0.103,63.66,76.409302,11.564137,-90.02,43.964648,5782.068253
186,KMKX20000223_131909,39,0.204,40.99,80.946655,37.361767,-90.16,43.942351,18680.883408
187,KMKX20000223_131909,39,0.245,551.03,258.122345,33.238571,-87.01,43.145878,16619.285583
189,KMKX20000223_132501,45,0.128,197.70,67.427185,18.163269,-89.19,44.012683,9081.634521
190,KMKX20000223_132501,45,0.118,417.20,112.714264,37.329742,-87.82,43.808351,18664.871216
191,KMKX20000223_133644,56,0.112,306.02,388.775665,7.094460,-88.51,42.568201,3547.229767
192,KMKX20000223_134236,62,0.137,181.71,80.556091,15.310364,-89.29,43.953014,7655.181885
192,KMKX20000223_134827,68,0.259,183.54,72.062378,11.455170,-89.28,43.991305,5727.584839
195,KMKX20000223_135419,74,0.183,298.33,79.191650,11.196465,-88.56,43.961500,5598.232269
201,KMKX20000224_123603,-3,0.593,117.06,135.054169,21.521343,-89.69,43.704532,10760.671616
201,KMKX20000224_124155,2,0.122,116.98,133.904344,28.416936,-89.69,43.709701,14208.468095
192,KMKX20000224_121236,-27,0.300,205.67,565.929321,28.001060,-89.12,41.769346,14000.530243
193,KMKX20000224_121236,-27,0.251,209.16,98.946838,62.620533,-89.12,43.871220,31310.266495
193,KMKX20000224_121828,-21,-1.000,209.16,98.946838,72.160533,-89.12,43.871220,36080.266495
193,KMKX20000224_122419,-15,0.433,193.77,83.216370,41.419464,-89.21,43.941497,20709.732056
194,KMKX20000224_121236,-27,0.156,129.03,173.398834,32.843254,-89.61,43.532697,16421.627045
195,KMKX20000224_121828,-21,0.123,248.02,510.712952,10.875042,-88.86,42.018897,5437.520981
197,KMKX20000224_123011,-9,0.547,229.65,548.385803,33.511269,-88.97,41.848951,16755.634308
199,KMKX20000224_123011,-9,0.275,252.10,214.223602,7.798798,-88.85,43.353447,3899.398804
202,KMKX20000224_123603,-3,0.119,369.29,140.175781,33.585175,-88.12,43.686266,16792.587280
203,KMKX20000224_124155,2,0.861,267.26,477.690979,15.534817,-88.75,42.167805,7767.408371
204,KMKX20000224_124155,2,0.269,328.27,561.033264,27.132555,-88.38,41.792681,13566.277504
205,KMKX20000224_124155,2,0.219,169.08,87.516418,18.720383,-89.37,43.921166,9360.191345
205,KMKX20000224_124746,8,-1.000,169.08,87.516418,28.260383,-89.37,43.921166,14130.191345
205,KMKX20000224_125337,14,0.440,164.78,78.575562,24.861671,-89.39,43.961205,12430.835724
206,KMKX20000224_124155,2,0.104,302.90,298.975555,10.463974,-88.53,42.972389,5231.987000
208,KMKX20000224_124746,8,0.112,376.21,529.892456,14.911346,-88.09,41.932062,7455.673218
210,KMKX20000224_125337,14,0.114,371.35,512.368347,11.857883,-88.12,42.011061,5928.941727
212,KMKX20000224_125929,20,0.388,257.84,407.092621,11.607910,-88.81,42.485472,5803.955078
213,KMKX20000224_131705,38,0.118,251.06,49.657898,6.817619,-88.86,44.093998,3408.809662
214,KMKX20000224_133439,55,0.275,393.80,132.280884,48.332977,-87.97,43.721127,24166.488647
209,KMKX20000225_122831,-9,0.202,299.96,407.477478,7.205940,-88.55,42.484028,3602.970123
210,KMKX20000225_131807,41,0.542,143.63,281.166229,10.878700,-89.51,43.048527,5439.350128
211,KMKX20000229_132720,56,0.272,286.78,409.364990,61.193184,-88.63,42.475504,30596.591949
214,KMKX20000302_121839,-9,0.153,173.04,332.517761,7.518112,-89.33,42.818787,3759.056091
214,KMKX20000302_122833,1,0.169,171.90,325.064693,19.649621,-89.33,42.852283,9824.810725
214,KMKX20000302_123828,11,0.335,173.01,319.787125,24.018846,-89.33,42.876082,12009.423046
212,KMKX20000302_115851,-29,0.123,167.19,327.243347,16.922798,-89.36,42.842277,8461.399078
213,KMKX20000302_120845,-19,0.314,298.73,161.186188,10.759766,-88.56,43.592514,5379.882812
215,KMKX20000302_121839,-9,0.107,247.52,387.446106,10.871353,-88.87,42.573744,5435.676575
215,KMKX20000302_122833,1,-1.000,247.52,387.446106,26.771353,-88.87,42.573744,13385.676575
215,KMKX20000302_123828,11,0.363,244.04,386.829834,10.296036,-88.89,42.576456,5148.017883
217,KMKX20000302_125816,31,0.147,300.94,161.566315,14.381363,-88.54,43.590804,7190.681458
218,KMKX20000302_125816,31,0.132,340.13,295.368805,6.683655,-88.30,42.988360,3341.827393
219,KMKX20000302_132758,60,0.158,100.21,352.862488,7.367809,-89.77,42.723339,3683.904648
219,KMKX20000303_115636,-30,0.452,249.69,240.984222,3.732399,-88.86,43.232973,1866.199493
223,KMKX20000303_121614,-10,0.663,318.44,174.200653,30.630981,-88.44,43.533889,15315.490723
221,KMKX20000304_124036,16,0.111,324.27,298.662292,6.301117,-88.40,42.973704,3150.558472
222,KMKX20000304_131001,46,0.101,255.94,350.708801,3.196156,-88.82,42.739230,1598.077774
223,KMKX20000305_115726,-25,0.465,181.23,323.164520,7.566940,-89.28,42.861212,3783.470154
226,KMKX20000305_121702,-5,0.404,272.37,88.081970,22.759773,-88.72,43.921366,11379.886627
225,KMKX20000307_115936,-20,0.343,329.74,299.696106,6.306503,-88.37,42.969003,3153.251648
228,KMKX20000307_132753,68,0.183,363.46,319.119751,35.519840,-88.16,42.881066,17759.920120
227,KMKX20000311_125223,40,0.106,87.84,285.814880,6.545071,-89.85,43.024229,3272.535324
227,KMKX20000311_130216,50,-1.000,87.84,285.814880,22.445071,-89.85,43.024229,11222.535324
227,KMKX20000311_131208,60,0.138,87.96,286.143188,3.373722,-89.85,43.022760,1686.861038
229,KMKX20000311_132309,71,0.117,121.41,197.850311,3.226967,-89.65,43.422227,1613.483429
236,KMKX20000312_115418,-16,0.159,339.25,199.440369,7.257019,-88.31,43.420102,3628.509521
236,KMKX20000312_120010,-10,-1.000,339.25,199.440369,16.797019,-88.31,43.420102,8398.509521
236,KMKX20000312_120602,-4,0.165,323.42,197.369974,21.832077,-88.41,43.429584,10916.038275
229,KMKX20000312_114234,-28,0.323,358.63,334.017639,3.567413,-88.19,42.814110,1783.706665
230,KMKX20000312_114234,-28,0.199,246.59,241.085510,3.554192,-88.88,43.232464,1777.095795
235,KMKX20000312_115418,-16,0.237,269.80,237.629059,8.238358,-88.74,43.248340,4119.178772
238,KMKX20000312_120602,-4,0.110,299.93,191.500488,6.695267,-88.55,43.456090,3347.633362
250,KMKX20000313_114822,-21,0.227,406.81,301.467560,6.798157,-87.90,42.959303,3399.078369
250,KMKX20000313_115520,-14,0.261,395.85,299.661814,14.927556,-87.96,42.967795,7463.778164
250,KMKX20000313_120112,-8,0.327,384.57,294.712445,15.232089,-88.03,42.990404,7616.044441
235,KMKX20000313_114230,-27,0.302,340.30,539.215332,33.998566,-88.31,41.890765,16999.282837
235,KMKX20000313_114822,-21,0.203,342.56,540.854130,39.632458,-88.29,41.883358,19816.228756
236,KMKX20000313_114230,-27,0.213,498.28,517.783875,32.554543,-87.35,41.981189,16277.271271
236,KMKX20000313_114822,-21,0.106,500.00,517.156400,39.698580,-87.34,41.983903,19849.290009
243,KMKX20000313_114230,-27,0.153,407.07,146.070587,30.248657,-87.89,43.658629,15124.328613
243,KMKX20000313_114822,-21,0.315,411.65,143.299239,37.966475,-87.86,43.670933,18983.237486
246,KMKX20000313_114822,-21,0.685,447.14,266.351196,20.600403,-87.65,43.115659,10300.201416
246,KMKX20000313_115520,-14,0.401,453.72,266.931966,31.189800,-87.61,43.112720,15594.899928
258,KMKX20000313_120112,-8,0.248,481.08,125.781982,34.989693,-87.43,43.746366,17494.846344
258,KMKX20000313_120706,-2,0.234,481.21,125.101744,41.241475,-87.43,43.749419,20620.737432
258,KMKX20000313_121257,3,0.106,460.90,127.775543,33.021545,-87.55,43.738548,16510.772705
263,KMKX20000313_121257,3,0.178,548.49,438.740723,36.917564,-87.04,42.333316,18458.782196
263,KMKX20000313_121849,9,0.192,550.66,437.159394,43.101796,-87.03,42.340256,21550.897753
237,KMKX20000313_114230,-27,0.211,394.04,314.724091,10.413849,-87.97,42.900061,5206.924438
238,KMKX20000313_114230,-27,0.180,29.86,266.931396,16.512108,-90.21,43.104601,8256.053925
239,KMKX20000313_114230,-27,0.162,52.50,321.362854,49.381397,-90.06,42.861602,24690.698624
239,KMKX20000313_114822,-21,-1.000,52.50,321.362854,58.921397,-90.06,42.861602,29460.698624
239,KMKX20000313_115520,-14,0.525,70.31,280.638672,25.407204,-89.96,43.046248,12703.601837
240,KMKX20000313_114230,-27,0.160,174.54,128.129791,35.562698,-89.33,43.738648,17781.349182
242,KMKX20000313_114230,-27,0.155,447.68,136.331940,38.385620,-87.63,43.700727,19192.810059
242,KMKX20000313_114822,-21,-1.000,447.68,136.331940,47.925620,-87.63,43.700727,23962.810059
242,KMKX20000313_115520,-14,0.179,475.09,129.633911,40.246979,-87.46,43.729390,20123.489380
244,KMKX20000313_114230,-27,0.133,210.93,187.907745,57.771725,-89.10,43.470943,28885.862350
244,KMKX20000313_114822,-21,0.175,222.10,172.583191,43.384689,-89.03,43.540216,21692.344666
245,KMKX20000313_114230,-27,0.124,475.67,304.006317,53.267273,-87.47,42.944687,26633.636475
247,KMKX20000313_114822,-21,0.524,173.91,562.500000,38.097153,-89.31,41.783664,19048.576355
248,KMKX20000313_114822,-21,0.291,414.86,287.593384,10.480331,-87.85,43.021452,5240.165710
249,KMKX20000313_114822,-21,0.260,107.86,433.482880,38.906837,-89.72,42.360996,19453.418732
257,KMKX20000313_115520,-14,0.136,302.73,390.696106,23.948616,-88.53,42.559562,11974.308014
260,KMKX20000313_120706,-2,0.196,278.66,569.650208,29.419758,-88.68,41.753945,14709.878922
266,KMKX20000313_121849,9,0.445,310.90,573.808838,28.612770,-88.49,41.735277,14306.385040
266,KMKX20000313_122440,15,-1.000,310.90,573.808838,38.152770,-88.49,41.735277,19076.385040
266,KMKX20000313_123032,21,0.639,339.01,576.636963,23.425859,-88.32,41.722322,11712.929726
268,KMKX20000313_122440,15,0.333,435.55,519.550476,36.578209,-87.73,41.976599,18289.104462
270,KMKX20000313_123032,21,0.247,279.37,451.583496,16.247261,-88.68,42.285428,8123.630524
272,KMKX20000313_123623,27,0.125,536.47,315.500092,45.383400,-87.10,42.888858,22691.699982
274,KMKX20000313_124215,33,0.280,502.72,507.732178,59.753738,-87.33,42.026145,29876.869202
259,KMKX20000316_115443,-9,0.191,303.59,391.685455,10.711952,-88.53,42.555108,5355.976105
259,KMKX20000316_120034,-3,0.117,303.71,391.479133,18.105032,-88.53,42.556036,9052.515751
258,KMKX20000316_113711,-26,0.102,279.19,382.584442,10.189064,-88.68,42.596004,5094.532013
261,KMKX20000317_114801,-14,0.108,435.37,376.720642,32.706284,-87.73,42.619484,16353.141785
261,KMKX20000317_115753,-5,0.206,433.85,381.563951,44.006682,-87.74,42.597752,22003.340935
261,KMKX20000317_120744,5,0.173,436.03,399.718455,44.246147,-87.72,42.515947,22123.073682
261,KMKX20000317_121842,16,0.375,430.82,412.235820,42.838074,-87.76,42.459833,21419.037118
261,KMKX20000317_122834,26,0.749,460.43,373.872620,50.062256,-87.57,42.631095,25031.127930
261,KMKX20000317_123825,36,0.734,458.88,384.260219,52.084442,-87.58,42.584425,26042.220918
261,KMKX20000317_124816,46,0.103,453.40,394.507607,49.416718,-87.62,42.538583,24708.358922
260,KMKX20000317_114801,-14,0.392,309.65,422.373413,7.536720,-88.49,42.416964,3768.360138
262,KMKX20000317_115753,-5,0.461,505.93,514.529541,35.424156,-87.31,41.995340,17712.078094
264,KMKX20000317_115753,-5,0.109,491.36,312.127716,14.906555,-87.38,42.907196,7453.277588
265,KMKX20000317_120744,5,0.536,280.40,391.662018,12.114815,-88.67,42.555153,6057.407379
266,KMKX20000317_121842,16,0.163,424.49,285.512939,6.349991,-87.79,43.030436,3174.995422
267,KMKX20000317_121842,16,0.110,486.08,334.191772,12.133377,-87.41,42.808227,6066.688538
270,KMKX20000317_122834,26,0.223,291.58,399.728210,6.502090,-88.60,42.518897,3251.045227
273,KMKX20000317_124816,46,0.134,392.02,497.093140,18.715595,-87.99,42.079278,9357.797623
269,KMKX20000318_113606,-24,0.112,28.87,250.602631,29.676039,-90.22,43.177983,14838.019371
270,KMKX20000318_114556,-15,0.201,240.64,317.125977,12.936836,-88.91,42.890122,6468.418121
272,KMKX20000318_120538,5,0.374,22.29,101.632874,23.885941,-90.28,43.847607,11942.970276
273,KMKX20000318_120538,5,0.120,13.89,480.104431,18.948610,-90.28,42.143924,9474.305153
274,KMKX20000318_121529,15,0.198,103.20,587.147888,17.913227,-89.73,41.669071,8956.613541
275,KMKX20000318_125453,54,0.182,23.82,221.137268,27.386942,-90.25,43.310100,13693.470955
275,KMKX20000321_115401,0,0.246,304.53,261.470703,6.345383,-88.52,43.141185,3172.691345
276,KMKX20000321_123326,39,0.151,433.12,235.364319,25.919098,-87.73,43.255757,12959.548950
277,KMKX20000321_124317,49,0.143,506.81,393.938354,6.364937,-87.29,42.538018,3182.468414
278,KMKX20000321_130259,68,0.610,566.12,493.270538,25.143482,-86.94,42.086451,12571.741104
279,KMKX20000322_113553,-18,0.657,247.22,241.382355,10.469093,-88.88,43.231139,5234.546661
283,KMKX20000322_115534,2,0.101,310.26,383.419800,11.058723,-88.49,42.592297,5529.361725
281,KMKX20000323_114925,-2,0.195,300.51,390.433716,11.953102,-88.55,42.560744,5976.551056
282,KMKX20000323_114925,-2,0.131,165.00,272.061584,12.864044,-89.38,43.090525,6432.022095
283,KMKX20000323_122010,29,0.110,414.54,521.142151,31.897968,-87.86,41.970278,15948.984146
288,KMKX20000325_113025,-17,0.146,317.43,197.135376,25.303680,-88.44,43.430681,12651.840210
288,KMKX20000325_113616,-11,0.242,320.17,202.525123,34.280578,-88.43,43.406408,17140.289133
289,KMKX20000325_125803,71,0.107,296.61,336.500092,3.172104,-88.57,42.803497,1586.051941
290,KMKX20000328_113152,-11,0.396,290.44,88.735168,42.907494,-88.61,43.918540,21453.746796
290,KMKX20000328_114144,-1,0.954,292.81,102.832533,42.544643,-88.60,43.855108,21272.321277
290,KMKX20000328_115135,9,0.993,297.74,118.120249,38.574186,-88.56,43.786319,19287.093155
290,KMKX20000328_120126,19,0.983,300.07,134.132463,40.288149,-88.55,43.714263,20144.074459
290,KMKX20000328_121117,29,0.930,306.12,144.350638,36.491307,-88.51,43.668273,18245.653372
290,KMKX20000328_122220,40,0.367,310.85,156.987900,34.268484,-88.48,43.611389,17134.241864
290,KMKX20000328_123211,50,0.889,332.12,180.890282,39.947591,-88.35,43.503669,19973.795744
290,KMKX20000328_124202,60,-1.000,350.69,202.809205,44.391468,-88.24,43.404771,22195.733997
290,KMKX20000328_125153,69,0.394,296.65,171.199615,11.341797,-88.57,43.547450,5670.898438
290,KMKX20000328_130144,79,-1.000,296.65,171.199615,27.241797,-88.57,43.547450,13620.898438
290,KMKX20000328_131135,89,0.145,323.47,164.234955,39.422181,-88.41,43.578703,19711.090634
288,KMKX20000328_113152,-11,0.643,138.79,115.542755,27.084299,-89.55,43.793575,13542.149544
288,KMKX20000328_114144,-1,0.196,140.96,123.767602,33.358965,-89.54,43.756682,16679.482339
288,KMKX20000328_115135,9,-1.000,143.00,131.526892,40.178461,-89.52,43.721875,20089.230260
288,KMKX20000328_120126,19,0.121,126.10,127.294049,54.390711,-89.63,43.739988,27195.355739
288,KMKX20000328_121117,29,0.280,146.76,132.528497,57.678786,-89.50,43.717562,28839.392834
288,KMKX20000328_122220,40,0.351,157.98,151.566454,66.662271,-89.43,43.632447,33331.135576
317,KMKX20000328_123211,50,0.208,244.05,88.906342,26.887817,-88.90,43.917260,13443.908691
317,KMKX20000328_124202,60,0.159,242.81,95.521275,34.807982,-88.91,43.887470,17403.991121
317,KMKX20000328_125153,69,-1.000,241.76,101.137729,42.342651,-88.91,43.862175,21171.325260
317,KMKX20000328_130144,79,0.370,238.49,60.295889,41.197592,-88.93,44.045895,20598.796031
317,KMKX20000328_131135,89,0.222,235.61,72.051887,43.502138,-88.95,43.992933,21751.068835
291,KMKX20000328_113152,-11,0.358,303.19,389.519318,11.100395,-88.53,42.564858,5550.197601
291,KMKX20000328_114144,-1,0.368,307.16,395.789435,19.300555,-88.51,42.536629,9650.277508
292,KMKX20000328_113152,-11,0.114,95.19,129.224823,20.566650,-89.82,43.729347,10283.325195
292,KMKX20000328_114144,-1,0.125,94.75,141.840485,27.669859,-89.82,43.672553,13834.929639
304,KMKX20000328_115135,9,0.331,85.85,169.996124,12.013794,-89.88,43.545245,6006.896973
304,KMKX20000328_120126,19,0.162,85.78,183.341334,19.120829,-89.87,43.485192,9560.414284
304,KMKX20000328_121117,29,0.146,78.39,195.926544,11.625957,-89.92,43.428030,5812.978745
308,KMKX20000328_120126,19,0.132,121.63,218.774292,33.957634,-89.65,43.328084,16978.816986
308,KMKX20000328_121117,29,0.390,126.80,235.000854,38.343461,-89.62,43.255365,19171.730610
319,KMKX20000328_124202,60,0.420,207.98,208.642334,32.775780,-89.12,43.377543,16387.889862
319,KMKX20000328_125153,69,-1.000,207.98,208.642334,47.085780,-89.12,43.377543,23542.889862
319,KMKX20000328_130144,79,-1.000,207.98,208.642334,62.985780,-89.12,43.377543,31492.889862
319,KMKX20000328_131135,89,0.780,181.80,185.838824,58.977151,-89.28,43.479251,29488.575359
294,KMKX20000328_114144,-1,0.270,298.40,256.791229,3.488571,-88.56,43.162249,1744.285583
297,KMKX20000328_114144,-1,0.192,302.45,255.942657,3.344025,-88.54,43.166068,1672.012329
298,KMKX20000328_114144,-1,0.181,79.09,77.107666,16.448627,-89.93,43.962690,8224.313736
299,KMKX20000328_114144,-1,0.127,300.63,204.733032,14.677353,-88.55,43.396538,7338.676453
301,KMKX20000328_115135,9,0.852,361.90,357.800171,9.977592,-88.17,42.707004,4988.796234
311,KMKX20000328_121117,29,0.220,166.42,266.157318,24.686607,-89.37,43.117159,12343.303680
316,KMKX20000328_122220,40,0.129,240.81,211.993683,61.617538,-88.92,43.363282,30808.769226
318,KMKX20000328_124202,60,0.459,378.84,144.447449,26.488113,-88.06,43.666807,13244.056702
320,KMKX20000328_124202,60,0.386,296.67,390.246582,22.206306,-88.57,42.561585,11103.153229
321,KMKX20000328_124202,60,0.158,350.25,141.272125,25.320297,-88.24,43.681712,12660.148621
322,KMKX20000328_124202,60,0.143,248.84,280.104462,10.934994,-88.86,43.056894,5467.496872
324,KMKX20000328_124202,60,0.134,325.77,316.487091,6.600601,-88.39,42.893466,3300.300598
325,KMKX20000328_125153,69,0.691,61.19,277.746887,10.971716,-90.02,43.058558,5485.857964
329,KMKX20000328_130144,79,0.529,174.47,156.725952,45.152290,-89.33,43.609964,22576.145172
308,KMKX20000331_112655,-11,0.255,310.37,190.733795,15.908600,-88.49,43.459523,7954.299927
309,KMKX20000331_112655,-11,0.126,308.52,169.649597,19.310532,-88.50,43.554415,9655.265808
310,KMKX20000331_113645,-1,0.272,199.86,205.773376,3.710411,-89.17,43.390196,1855.205536
