track_id,filename,from_sunrise,det_score,x,y,r,lon,lat,radius,is_rain
3,KIWX20200401_111741_V06,-8,0.251,288.73,333.710876,6.691025,-85.77,41.256822,3345.512390
4,KIWX20200401_112448_V06,-1,0.387,372.29,341.436920,5.931030,-85.27,41.221249,2965.515137
5,KIWX20200401_113157_V06,6,0.119,207.20,279.265503,10.523636,-86.26,41.500615,5261.817932
9,KIWX20200401_114614_V06,21,0.145,405.38,365.881317,3.325882,-85.07,41.110290,1662.940979
13,KIWX20200402_114007_V06,17,0.201,259.17,186.053619,28.564774,-85.95,41.921311,14282.386780
13,KIWX20200402_114714_V06,24,0.357,260.53,182.688863,34.569221,-85.94,41.936475,17284.610514
16,KIWX20200402_122252_V06,59,0.329,428.99,522.973572,11.332905,-84.94,40.402166,5666.452408
16,KIWX20200402_123002_V06,67,0.100,429.24,521.804814,20.286803,-84.94,40.407418,10143.401330
16,KIWX20200402_123710_V06,74,0.178,429.00,523.393005,11.582699,-84.94,40.400277,5791.349411
5,KIWX20200402_110427_V06,-19,0.225,221.97,238.394623,10.966209,-86.17,41.684999,5483.104706
9,KIWX20200402_110427_V06,-19,0.118,371.80,294.149719,6.276093,-85.27,41.434146,3138.046265
11,KIWX20200402_112552_V06,2,0.214,35.12,344.561432,51.533775,-87.28,41.197137,25766.887665
15,KIWX20200402_121546_V06,52,0.109,61.31,453.718994,30.328203,-87.11,40.707805,15164.101601
17,KIWX20200402_123710_V06,74,0.319,54.35,479.343628,40.818436,-87.15,40.591935,20409.217834
12,KIWX20200403_110048_V06,-21,0.809,480.21,255.759613,20.143158,-84.62,41.602709,10071.578979
12,KIWX20200403_110529_V06,-16,0.465,479.94,255.427796,25.223113,-84.62,41.604217,12611.556375
12,KIWX20200403_111010_V06,-11,0.519,495.77,250.997075,27.951366,-84.53,41.623233,13975.683234
12,KIWX20200403_111451_V06,-7,0.221,499.36,248.874033,27.131067,-84.50,41.632568,13565.533555
27,KIWX20200403_112413_V06,3,0.119,69.96,391.874329,16.418110,-87.07,40.986828,8209.054947
27,KIWX20200403_113115_V06,10,0.340,77.99,397.730205,24.805749,-87.02,40.961026,12402.874727
27,KIWX20200403_113822_V06,17,0.554,93.14,400.939249,27.179210,-86.93,40.947580,13589.604843
30,KIWX20200403_113822_V06,17,0.125,63.66,143.444855,18.733713,-87.13,42.104564,9366.856575
30,KIWX20200403_114530_V06,24,-1.000,63.66,143.444855,29.863713,-87.13,42.104564,14931.856575
30,KIWX20200403_115237_V06,31,-1.000,63.66,143.444855,40.993713,-87.13,42.104564,20496.856575
30,KIWX20200403_120651_V06,45,0.101,50.34,177.273356,51.840098,-87.21,41.951296,25920.048828
36,KIWX20200403_124229_V06,81,0.240,426.82,532.867188,6.736911,-84.95,40.357703,3368.455410
36,KIWX20200403_124937_V06,88,0.245,426.94,532.584932,13.169158,-84.95,40.358970,6584.579045
14,KIWX20200403_110529_V06,-16,0.501,115.51,140.412933,50.177727,-86.82,42.121653,25088.863373
14,KIWX20200403_111010_V06,-11,0.219,108.80,158.182037,38.655472,-86.85,42.041278,19327.735901
15,KIWX20200403_110529_V06,-16,0.192,376.79,136.105133,15.930374,-85.24,42.145485,7965.187073
19,KIWX20200403_111010_V06,-11,0.206,144.63,188.343994,7.796242,-86.64,41.907471,3898.120880
24,KIWX20200403_111010_V06,-11,0.102,11.21,362.724182,14.211082,-87.42,41.113340,7105.541229
25,KIWX20200403_111451_V06,-7,0.102,41.94,169.187866,56.169796,-87.26,41.987014,28084.897995
26,KIWX20200403_111932_V06,-2,0.384,389.35,148.258606,26.208908,-85.16,42.090449,13104.454041
31,KIWX20200403_113822_V06,17,0.115,39.82,455.449524,59.437634,-87.24,40.698374,29718.816757
32,KIWX20200403_120651_V06,45,0.223,30.36,444.415588,39.531357,-87.30,40.747276,19765.678406
25,KIWX20200404_110453_V06,-16,0.489,322.33,278.178986,25.035706,-85.57,41.506770,12517.852783
25,KIWX20200404_110913_V06,-11,-1.000,322.33,278.178986,32.985706,-85.57,41.506770,16492.852783
25,KIWX20200404_111333_V06,-7,0.112,320.68,281.171588,34.964698,-85.58,41.493308,17482.348760
29,KIWX20200404_112634_V06,6,0.435,367.65,110.728729,11.438705,-85.29,42.259921,5719.352722
29,KIWX20200404_113054_V06,10,0.303,367.71,108.615941,16.323246,-85.29,42.269430,8161.622949
31,KIWX20200404_113054_V06,10,0.137,407.00,127.332458,37.832230,-85.05,42.184096,18916.114807
27,KIWX20200405_110515_V06,-13,0.359,323.56,311.186737,6.699905,-85.56,41.358161,3349.952698
31,KIWX20200405_113540_V06,17,0.313,317.56,300.736115,35.899261,-85.59,41.405248,17949.630737
32,KIWX20200405_113540_V06,17,0.128,376.15,565.425537,30.398130,-85.25,40.212662,15199.065208
33,KIWX20200406_110118_V06,-15,0.340,182.55,332.426849,6.671738,-86.40,41.260486,3335.868835
33,KIWX20200406_110600_V06,-10,0.695,182.87,332.434026,10.868024,-86.40,41.260465,5434.011799
33,KIWX20200406_111041_V06,-6,0.214,182.70,333.806058,14.638892,-86.40,41.254282,7319.446099
34,KIWX20200406_110118_V06,-15,0.148,384.95,135.138397,19.658463,-85.19,42.149629,9829.231262
34,KIWX20200406_110600_V06,-10,0.561,380.85,131.731481,25.147204,-85.21,42.165072,12573.601848
57,KIWX20200406_123941_V06,83,0.303,271.39,527.836853,14.529418,-85.87,40.382673,7264.708996
57,KIWX20200406_124423_V06,88,0.445,271.62,527.610476,19.778516,-85.87,40.383694,9889.257990
30,KIWX20200406_104942_V06,-27,0.743,269.45,526.782104,15.300827,-85.88,40.387405,7650.413513
31,KIWX20200406_104942_V06,-27,0.190,414.33,586.689453,14.252948,-85.03,40.115814,7126.473904
37,KIWX20200406_111041_V06,-6,0.205,204.12,432.714172,22.414597,-86.27,40.809690,11207.298279
38,KIWX20200406_111522_V06,-1,0.111,240.18,364.315186,37.974827,-86.06,41.118503,18987.413406
39,KIWX20200406_112004_V06,4,0.239,382.81,126.905121,15.500580,-85.20,42.186746,7750.289917
39,KIWX20200406_112445_V06,8,0.311,351.34,93.799133,53.125870,-85.39,42.336432,26562.934875
42,KIWX20200406_113407_V06,18,0.112,391.59,362.186157,29.075233,-85.15,41.127346,14537.616730
43,KIWX20200406_113407_V06,18,0.104,81.62,458.085999,16.302683,-86.99,40.689566,8151.341438
44,KIWX20200406_114329_V06,27,0.313,429.86,513.023010,25.593658,-84.93,40.446934,12796.829224
46,KIWX20200406_114810_V06,32,0.123,430.83,438.243896,3.123100,-84.93,40.783579,1561.550140
47,KIWX20200406_115250_V06,36,0.298,196.77,539.083618,11.777557,-86.31,40.330537,5888.778687
48,KIWX20200406_120213_V06,46,0.133,497.39,209.081604,35.189735,-84.51,41.811801,17594.867706
49,KIWX20200406_120654_V06,50,0.231,424.92,316.435425,26.857330,-84.95,41.332196,13428.665161
51,KIWX20200406_120654_V06,50,0.117,305.20,329.448975,7.115112,-85.67,41.276025,3557.556152
52,KIWX20200406_121134_V06,55,0.226,455.31,381.897095,40.580589,-84.78,41.036179,20290.294647
52,KIWX20200406_121616_V06,60,-1.000,455.31,381.897095,48.530589,-84.78,41.036179,24265.294647
52,KIWX20200406_122057_V06,64,0.110,452.33,381.172119,41.295513,-84.79,41.039585,20647.756577
53,KIWX20200406_121616_V06,60,0.211,83.93,457.734680,14.956932,-86.98,40.691302,7478.466034
56,KIWX20200406_123501_V06,79,0.234,370.91,290.426422,6.349228,-85.28,41.450928,3174.613953
64,KIWX20200407_114345_V06,28,0.101,296.68,403.997833,6.629524,-85.72,40.940391,3314.762115
64,KIWX20200407_114716_V06,32,0.117,297.26,404.251957,11.954651,-85.72,40.939248,5977.325285
67,KIWX20200407_120434_V06,49,0.149,338.27,365.318481,6.699471,-85.47,41.114313,3349.735260
67,KIWX20200407_120751_V06,52,0.179,338.55,365.455859,10.745690,-85.47,41.113691,5372.845188
69,KIWX20200407_121427_V06,59,0.111,317.07,374.626678,3.208664,-85.60,41.072586,1604.331970
69,KIWX20200407_121746_V06,62,0.168,317.47,373.918977,7.268448,-85.60,41.075770,3634.224029
50,KIWX20200407_105112_V06,-24,0.747,284.88,430.493835,12.207054,-85.79,40.821062,6103.527069
51,KIWX20200407_105523_V06,-20,0.505,339.45,268.057159,7.017441,-85.46,41.552172,3508.720398
55,KIWX20200407_110756_V06,-8,0.110,342.21,295.929138,6.457687,-85.45,41.426660,3228.843689
57,KIWX20200407_111207_V06,-3,0.144,281.73,358.965637,20.676239,-85.81,41.143089,10338.119507
63,KIWX20200407_114345_V06,28,0.102,279.58,390.151581,3.203339,-85.82,41.002669,1601.669312
66,KIWX20200407_120434_V06,49,0.198,80.99,155.361786,65.362305,-87.02,42.052174,32681.152344
70,KIWX20200407_122103_V06,66,0.251,362.42,276.845703,6.610962,-85.33,41.512243,3305.480957
71,KIWX20200407_122103_V06,66,0.244,126.50,247.132111,39.812485,-86.74,41.641914,19906.242371
72,KIWX20200407_122407_V06,69,0.211,331.93,369.376892,10.113159,-85.51,41.096110,5056.579590
74,KIWX20200407_123624_V06,81,0.123,326.46,397.797058,2.956177,-85.54,40.968203,1478.088379
75,KIWX20200407_123928_V06,84,0.101,354.26,340.757996,5.795776,-85.38,41.224659,2897.888184
63,KIWX20200408_105318_V06,-20,0.460,286.73,302.271149,17.162338,-85.78,41.398358,8581.169128
65,KIWX20200408_120301_V06,50,0.594,428.05,527.136353,10.498016,-84.95,40.383459,5249.008179
66,KIWX20200409_104217_V06,-29,0.239,385.34,246.197449,3.238144,-85.19,41.649686,1619.071960
70,KIWX20200409_110016_V06,-11,0.699,191.86,290.309540,7.576370,-86.35,41.450417,3788.185120
76,KIWX20200409_110916_V06,-2,0.142,377.04,24.639160,28.059921,-85.23,42.647202,14029.960632
79,KIWX20200409_114041_V06,29,0.674,342.17,324.886993,10.611542,-85.45,41.296292,5305.770874
70,KIWX20200410_104343_V06,-27,0.675,421.05,321.220734,39.128250,-84.98,41.310801,19564.125061
70,KIWX20200410_105046_V06,-20,0.126,447.40,321.193115,28.852524,-84.82,41.309829,14426.261902
70,KIWX20200410_110453_V06,-6,0.133,465.38,333.507141,23.134842,-84.71,41.253523,11567.420959
71,KIWX20200410_104343_V06,-27,0.276,257.74,108.590271,28.356102,-85.96,42.269988,14178.050995
72,KIWX20200410_104343_V06,-27,0.259,296.70,144.189270,47.718731,-85.72,42.110025,23859.365463
76,KIWX20200410_110453_V06,-6,0.631,189.11,287.385559,11.791725,-86.36,41.463487,5895.862579
79,KIWX20200410_110453_V06,-6,0.117,257.01,76.129333,8.166813,-85.96,42.416093,4083.406448
80,KIWX20200410_111150_V06,1,0.120,192.67,336.385162,6.775452,-86.34,41.243018,3387.725830
84,KIWX20200410_114702_V06,37,0.106,523.91,391.766235,68.355484,-84.37,40.987743,34177.742004
85,KIWX20200410_120112_V06,51,0.216,256.78,149.797882,15.012997,-85.96,42.084485,7506.498337
93,KIWX20200411_111648_V06,8,0.391,17.15,331.704620,34.291451,-87.39,41.253483,17145.725250
93,KIWX20200411_112356_V06,15,0.825,24.17,329.908517,38.574160,-87.35,41.262174,19287.080086
93,KIWX20200411_113104_V06,23,0.578,37.14,339.128374,46.473085,-87.27,41.221757,23236.542344
93,KIWX20200411_113812_V06,30,0.358,39.39,343.337399,54.835299,-87.25,41.202994,27417.649611
93,KIWX20200411_114520_V06,37,0.187,43.27,342.649904,59.539722,-87.23,41.206399,29769.861023
93,KIWX20200411_115227_V06,44,0.316,30.28,321.411041,43.956459,-87.31,41.300938,21978.229523
92,KIWX20200411_110940_V06,1,0.121,195.59,337.215118,6.382668,-86.32,41.239377,3191.333771
92,KIWX20200411_111648_V06,8,0.113,198.56,336.376954,14.980003,-86.31,41.243245,7490.001270
96,KIWX20200411_111648_V06,8,0.130,535.83,452.748505,38.533623,-84.30,40.712382,19266.811371
96,KIWX20200411_112356_V06,15,0.188,537.15,457.260103,48.397637,-84.30,40.691976,24198.818704
117,KIWX20200411_122809_V06,80,0.252,39.53,359.818848,47.708797,-87.25,41.128819,23854.398727
117,KIWX20200411_123517_V06,87,0.140,42.50,361.145781,57.746030,-87.23,41.123085,28873.015223
79,KIWX20200411_104107_V06,-27,0.101,295.38,166.874786,2.647934,-85.73,42.007905,1323.966980
81,KIWX20200411_104815_V06,-20,0.294,534.79,546.705994,48.246483,-84.32,40.289470,24123.241425
82,KIWX20200411_104815_V06,-20,0.279,341.41,264.568115,3.239410,-85.45,41.567855,1619.705200
83,KIWX20200411_104815_V06,-20,0.220,342.49,268.748413,3.553894,-85.45,41.549021,1776.947021
85,KIWX20200411_110232_V06,-6,0.527,433.74,498.754761,30.574783,-84.91,40.511021,15287.391663
89,KIWX20200411_110940_V06,1,0.354,36.02,291.113098,40.826000,-87.28,41.437782,20413.000107
90,KIWX20200411_110940_V06,1,0.295,38.79,216.881134,41.480865,-87.27,41.772110,20740.432739
97,KIWX20200411_111648_V06,8,0.128,67.92,480.216492,32.425179,-87.07,40.588995,16212.589264
98,KIWX20200411_111648_V06,8,0.125,39.95,109.011536,40.443657,-87.28,42.257668,20221.828461
112,KIWX20200411_120644_V06,58,0.572,43.04,232.987671,46.630672,-87.24,41.699965,23315.336227
114,KIWX20200411_120644_V06,58,0.108,536.08,563.428345,41.591103,-84.31,40.214092,20795.551300
118,KIWX20200411_122809_V06,80,0.142,132.10,354.616150,5.827698,-86.70,41.158366,2913.848877
93,KIWX20200412_110233_V06,-5,0.351,335.26,276.236969,18.058685,-85.49,41.515396,9029.342651
93,KIWX20200412_110925_V06,2,0.231,332.20,280.999358,28.729809,-85.51,41.493989,14364.904280
93,KIWX20200412_111612_V06,9,0.269,326.23,288.243976,28.698328,-85.54,41.461428,14349.164203
96,KIWX20200412_114325_V06,36,0.137,156.57,221.733032,36.910614,-86.56,41.757735,18455.307007
96,KIWX20200412_115013_V06,43,0.234,159.75,222.835151,49.482093,-86.54,41.752916,24741.046712
97,KIWX20200412_121724_V06,70,0.193,370.07,291.785889,6.329254,-85.28,41.444826,3164.627075
96,KIWX20200413_103730_V06,-28,0.475,113.36,361.871033,29.236973,-86.81,41.124680,14618.486404
96,KIWX20200413_104159_V06,-24,-1.000,113.36,361.871033,35.596973,-86.81,41.124680,17798.486404
96,KIWX20200413_104628_V06,-19,0.249,139.96,350.974182,40.590134,-86.65,41.175160,20295.066833
99,KIWX20200413_103730_V06,-28,0.210,104.15,205.640747,12.763702,-86.88,41.827384,6381.851196
110,KIWX20200413_110007_V06,-5,0.145,532.32,502.217407,62.490189,-84.33,40.489933,31245.094299
115,KIWX20200413_111601_V06,11,0.107,543.86,463.925049,41.210304,-84.26,40.661479,20605.152130
126,KIWX20200413_120043_V06,55,0.139,422.15,103.326050,46.574333,-84.96,42.291603,23287.166595
127,KIWX20200413_120043_V06,55,0.121,284.25,444.060364,25.444946,-85.79,40.759976,12722.473145
130,KIWX20200413_120750_V06,62,0.197,293.35,349.761475,11.085278,-85.74,41.184573,5542.638779
104,KIWX20200414_103412_V06,-29,0.222,486.22,101.784546,6.879974,-84.57,42.295411,3439.987183
111,KIWX20200414_114020_V06,37,0.452,264.84,139.932953,58.163067,-85.91,42.128991,29081.533432
105,KIWX20200415_103531_V06,-27,0.830,59.39,342.347565,61.898460,-87.13,41.209000,30949.230194
105,KIWX20200415_104239_V06,-20,0.214,63.96,339.294799,71.428972,-87.11,41.223078,35714.486248
112,KIWX20200415_104946_V06,-13,0.146,18.12,495.164307,33.665375,-87.36,40.517801,16832.687378
112,KIWX20200415_110402_V06,2,0.115,33.24,498.623283,50.522168,-87.27,40.503494,25261.083755
113,KIWX20200415_111110_V06,9,0.605,17.00,319.508301,18.612963,-87.39,41.308364,9306.481361
113,KIWX20200415_111818_V06,16,0.410,22.06,317.695871,29.207193,-87.36,41.316961,14603.596442
106,KIWX20200415_103531_V06,-27,0.166,24.51,238.332794,25.186604,-87.35,41.674365,12593.301773
107,KIWX20200415_104239_V06,-20,0.314,348.06,266.454193,10.413406,-85.41,41.559271,5206.703186
111,KIWX20200415_104946_V06,-13,0.198,326.12,291.131256,31.582214,-85.54,41.448431,15791.107178
118,KIWX20200415_112527_V06,23,0.412,21.87,256.781433,34.349586,-87.37,41.591107,17174.793243
122,KIWX20200415_114901_V06,47,0.196,31.10,389.603271,33.508205,-87.30,40.994066,16754.102707
123,KIWX20200415_114901_V06,47,0.152,554.34,194.210205,34.261246,-84.17,41.874700,17130.622864
126,KIWX20200415_120318_V06,61,0.170,15.11,111.767456,17.351040,-87.43,42.243123,8675.519943
127,KIWX20200415_121026_V06,68,0.232,537.74,429.452759,47.067146,-84.29,40.817112,23533.573151
133,KIWX20200415_122647_V06,84,0.160,53.66,476.953583,73.147255,-87.16,40.602642,36573.627472
117,KIWX20200416_110347_V06,3,0.267,193.82,327.715118,14.308403,-86.33,41.282088,7154.201508
119,KIWX20200417_103300_V06,-26,0.281,50.87,386.556519,53.188507,-87.18,41.009357,26594.253540
119,KIWX20200420_102828_V06,-26,0.132,341.65,262.830353,2.905853,-85.45,41.575675,1452.926636
119,KIWX20200420_103517_V06,-19,0.103,341.32,263.340420,10.186430,-85.45,41.573383,5093.215086
119,KIWX20200420_104226_V06,-12,-1.000,341.02,263.794844,17.886944,-85.45,41.571341,8943.472069
119,KIWX20200420_104914_V06,-5,0.163,317.91,279.366589,27.174041,-85.59,41.501451,13587.020617
119,KIWX20200420_110318_V06,9,0.330,310.21,291.813315,38.810074,-85.64,41.445450,19405.036792
121,KIWX20200420_103517_V06,-19,0.433,264.10,272.223480,10.193829,-85.92,41.533458,5096.914291
123,KIWX20200420_103517_V06,-19,0.241,248.28,342.411957,3.008636,-86.01,41.217254,1504.318237
126,KIWX20200420_110318_V06,9,0.138,214.72,365.893616,2.904709,-86.21,41.110827,1452.354431
127,KIWX20200421_102703_V06,-26,0.134,295.88,186.319458,45.056461,-85.72,41.920374,22528.230667
141,KIWX20200421_104826_V06,-5,0.258,281.28,314.028717,30.137848,-85.81,41.345398,15068.923950
187,KIWX20200422_111527_V06,24,0.235,20.74,357.768585,21.752483,-87.36,41.136481,10876.241684
187,KIWX20200422_112036_V06,29,0.356,22.33,362.907587,30.013770,-87.35,41.113487,15006.884802
197,KIWX20200422_112532_V06,34,0.277,302.86,421.439941,18.865768,-85.68,40.861860,9432.884216
197,KIWX20200422_113014_V06,39,0.525,306.70,424.965082,24.381727,-85.66,40.845983,12190.863703
201,KIWX20200422_112532_V06,34,0.114,455.68,533.717102,20.087067,-84.78,40.352638,10043.533325
201,KIWX20200422_113014_V06,39,0.227,458.77,538.655563,26.364099,-84.77,40.330255,13182.049317
208,KIWX20200422_113014_V06,39,0.190,269.70,527.110596,11.306010,-85.88,40.385928,5653.005123
208,KIWX20200422_113455_V06,43,0.155,269.60,526.676372,16.274053,-85.88,40.387882,8137.026549
220,KIWX20200422_113937_V06,48,0.372,566.44,546.197510,22.990063,-84.13,40.289352,11495.031357
220,KIWX20200422_114419_V06,53,0.160,569.25,550.041219,28.487695,-84.12,40.271821,14243.847485
129,KIWX20200422_102409_V06,-27,0.324,161.30,252.021210,7.773781,-86.53,41.621603,3886.890411
133,KIWX20200422_102409_V06,-27,0.140,17.32,368.681366,22.418901,-87.38,41.087066,11209.450722
137,KIWX20200422_102905_V06,-22,0.389,479.05,510.521606,39.498566,-84.64,40.455884,19749.282837
137,KIWX20200422_103416_V06,-17,0.176,469.47,525.122375,24.642502,-84.70,40.390654,12321.250916
147,KIWX20200422_103416_V06,-17,0.219,83.56,125.031586,16.657150,-87.01,42.188858,8328.575134
151,KIWX20200422_103416_V06,-17,0.168,26.76,96.337830,15.262158,-87.36,42.313587,7631.079197
155,KIWX20200422_103941_V06,-12,0.179,102.46,147.236755,27.225393,-86.89,42.090153,13612.696648
159,KIWX20200422_104522_V06,-6,0.554,334.54,272.028442,16.249390,-85.49,41.534351,8124.694824
170,KIWX20200422_105117_V06,0,0.106,171.24,329.055817,6.420670,-86.47,41.275230,3210.334778
176,KIWX20200422_110337_V06,12,0.193,509.24,502.374146,34.731316,-84.47,40.490779,17365.657806
176,KIWX20200422_110947_V06,18,0.204,530.22,521.967346,33.023594,-84.34,40.401167,16511.796951
176,KIWX20200422_111527_V06,24,-1.000,530.22,521.967346,42.563594,-84.34,40.401167,21281.796951
176,KIWX20200422_112036_V06,29,0.131,528.85,490.952393,30.986317,-84.35,40.540891,15493.158340
176,KIWX20200422_112532_V06,34,0.189,533.18,492.299164,24.438171,-84.32,40.534523,12219.085693
176,KIWX20200422_113014_V06,39,0.308,552.79,505.301697,29.148621,-84.21,40.474535,14574.310303
178,KIWX20200422_110337_V06,12,0.146,19.85,270.434662,27.062349,-87.38,41.529482,13531.174660
185,KIWX20200422_111527_V06,24,0.627,267.46,523.871216,10.818554,-85.89,40.400493,5409.276962
185,KIWX20200422_112036_V06,29,0.186,267.63,522.081726,6.758369,-85.89,40.408552,3379.184723
191,KIWX20200422_112036_V06,29,0.381,332.41,347.204163,41.572357,-85.51,41.195931,20786.178589
193,KIWX20200422_112036_V06,29,0.136,506.12,583.248291,14.408360,-84.49,40.126862,7204.180241
195,KIWX20200422_112036_V06,29,0.104,445.12,527.642334,23.220520,-84.85,40.380472,11610.260010
209,KIWX20200422_113014_V06,39,0.112,227.32,182.364380,6.360603,-86.14,41.937350,3180.301666
212,KIWX20200422_113455_V06,43,0.174,429.77,518.265320,15.807297,-84.94,40.423334,7903.648376
215,KIWX20200422_113455_V06,43,0.147,307.14,453.102539,7.284882,-85.66,40.719294,3642.440796
233,KIWX20200422_115343_V06,62,0.245,140.99,117.574829,39.769485,-86.66,42.225829,19884.742737
150,KIWX20200423_102855_V06,-22,0.173,338.82,264.794800,10.386047,-85.47,41.566867,5193.023682
150,KIWX20200423_103544_V06,-15,0.394,334.29,272.588188,22.024215,-85.49,41.531833,11012.107468
150,KIWX20200423_104232_V06,-8,0.145,324.34,280.531214,28.748043,-85.55,41.496166,14374.021505
148,KIWX20200423_102206_V06,-28,0.124,164.50,89.977539,36.962357,-86.52,42.351140,18481.178284
148,KIWX20200423_102855_V06,-22,0.497,168.12,90.019428,42.056363,-86.50,42.351105,21028.181363
149,KIWX20200423_102855_V06,-22,0.215,322.27,288.775085,26.141983,-85.57,41.459067,13070.991516
151,KIWX20200423_103544_V06,-15,0.442,264.78,268.111053,6.535263,-85.91,41.551979,3267.631531
155,KIWX20200423_104921_V06,-1,0.419,124.33,245.744537,41.811722,-86.75,41.648042,20905.860901
156,KIWX20200423_110256_V06,12,0.115,69.70,291.024109,64.253769,-87.08,41.440771,32126.884460
159,KIWX20200423_114347_V06,53,0.359,27.88,164.537018,36.942497,-87.34,42.006772,18471.248627
155,KIWX20200424_103307_V06,-15,0.245,337.90,270.339630,7.829269,-85.47,41.541916,3914.634705
155,KIWX20200424_104015_V06,-8,0.115,330.91,276.190287,22.665124,-85.51,41.515651,11332.561847
158,KIWX20200424_120536_V06,77,0.108,203.41,58.834839,2.899452,-86.29,42.492747,1449.726105
175,KIWX20200425_120439_V06,77,0.415,573.20,268.712463,27.470215,-84.06,41.537833,13735.107422
175,KIWX20200425_121032_V06,83,0.541,573.58,266.531107,31.704360,-84.06,41.547618,15852.180130
157,KIWX20200425_101901_V06,-28,0.254,274.68,466.625671,41.911434,-85.85,40.658315,20955.717087
158,KIWX20200425_101901_V06,-28,0.163,23.74,342.280426,21.748882,-87.35,41.206452,10874.441147
166,KIWX20200425_111724_V06,30,0.414,365.04,486.416138,11.574131,-85.32,40.568658,5787.065506
164,KIWX20200426_103951_V06,-7,0.281,259.93,343.997650,6.867023,-85.94,41.210281,3433.511734
163,KIWX20200427_103135_V06,-13,0.162,333.52,279.483459,21.161545,-85.50,41.500800,10580.772400
163,KIWX20200427_103843_V06,-6,0.143,337.87,281.794584,31.768594,-85.47,41.490347,15884.296990
166,KIWX20200427_114243_V06,58,0.105,434.15,529.156677,6.508018,-84.91,40.374120,3254.009247
166,KIWX20200427_114950_V06,65,0.302,431.82,527.884926,14.696472,-84.92,40.379940,7348.235877
164,KIWX20200428_101738_V06,-26,0.342,247.99,331.986023,6.237633,-86.01,41.264188,3118.816376
164,KIWX20200428_102159_V06,-22,0.164,248.73,334.032036,11.419688,-86.01,41.254989,5709.843854
166,KIWX20200428_101738_V06,-26,0.190,502.64,534.838318,31.865860,-84.51,40.345034,15932.929993
166,KIWX20200428_102159_V06,-22,0.182,503.88,535.003416,36.958595,-84.50,40.344214,18479.297529
166,KIWX20200428_102619_V06,-17,0.173,517.29,530.629578,25.120495,-84.42,40.363049,12560.247421
166,KIWX20200428_103320_V06,-10,0.285,524.34,541.667592,38.848186,-84.38,40.312881,19424.093115
169,KIWX20200428_102159_V06,-22,0.458,259.11,339.188354,6.305820,-85.94,41.231923,3152.910233
169,KIWX20200428_102619_V06,-17,0.183,263.83,337.240472,14.644221,-85.92,41.240749,7322.110739
181,KIWX20200428_110050_V06,17,0.118,398.54,463.630798,12.218161,-85.12,40.670412,6109.080315
181,KIWX20200428_110757_V06,24,0.134,406.24,460.251403,22.008385,-85.07,40.685387,11004.192267
165,KIWX20200428_101738_V06,-26,0.264,242.98,339.755859,7.157116,-86.04,41.229123,3578.557968
168,KIWX20200428_101738_V06,-26,0.119,188.79,382.708801,9.870964,-86.36,41.034337,4935.482025
168,KIWX20200428_102159_V06,-22,0.122,195.13,384.601196,6.268967,-86.32,41.026028,3134.483337
171,KIWX20200428_102619_V06,-17,0.382,280.32,303.060944,33.274128,-85.82,41.394769,16637.063980
171,KIWX20200428_103320_V06,-10,-1.000,280.32,303.060944,44.404128,-85.82,41.394769,22202.063980
171,KIWX20200428_104009_V06,-3,0.285,313.71,301.301788,40.420395,-85.62,41.402720,20210.197449
172,KIWX20200428_102619_V06,-17,0.186,361.48,281.483215,26.999802,-85.33,41.491384,13499.900818
174,KIWX20200428_103320_V06,-10,0.121,392.95,497.463257,34.486389,-85.15,40.518245,17243.194580
176,KIWX20200428_104009_V06,-3,0.242,282.33,518.665039,6.335899,-85.80,40.424049,3167.949677
188,KIWX20200429_110249_V06,21,0.400,200.66,389.270752,9.395233,-86.29,41.005179,4697.616577
188,KIWX20200429_110642_V06,25,0.472,203.24,387.008324,16.054045,-86.28,41.015443,8027.022619
188,KIWX20200429_111035_V06,29,0.733,213.60,377.907076,21.056040,-86.21,41.056711,10528.020233
210,KIWX20200429_112603_V06,45,0.268,297.41,357.673401,12.424950,-85.72,41.148958,6212.474823
210,KIWX20200429_112956_V06,48,0.560,299.42,356.166087,17.056303,-85.70,41.155745,8528.151293
210,KIWX20200429_113349_V06,52,0.142,305.37,357.727169,22.436582,-85.67,41.148712,11218.290838
225,KIWX20200429_114525_V06,64,0.127,420.18,334.799805,3.092651,-84.98,41.249703,1546.325684
225,KIWX20200429_114919_V06,68,0.638,420.93,331.426785,7.360750,-84.98,41.264859,3680.375246
174,KIWX20200429_101221_V06,-29,0.153,124.31,346.530792,45.047794,-86.75,41.194350,22523.897171
175,KIWX20200429_101221_V06,-29,0.149,509.11,347.705627,6.969097,-84.45,41.187073,3484.548569
177,KIWX20200429_102751_V06,-14,0.135,323.67,289.239960,30.618057,-85.56,41.456964,15309.028625
178,KIWX20200429_103144_V06,-10,0.363,17.65,479.713043,29.167408,-87.37,40.587313,14583.703995
194,KIWX20200429_110642_V06,25,0.272,354.18,562.817200,6.402545,-85.38,40.224841,3201.272726
201,KIWX20200429_111428_V06,33,0.164,282.98,401.424438,11.196487,-85.80,40.951935,5598.243713
207,KIWX20200429_112211_V06,41,0.125,264.45,375.659180,30.821404,-85.91,41.067787,15410.701752
212,KIWX20200429_112603_V06,45,0.137,242.63,318.094757,25.651512,-86.04,41.326636,12825.756073
217,KIWX20200429_113349_V06,52,0.193,529.07,515.860718,8.693424,-84.35,40.428740,4346.712112
219,KIWX20200429_113741_V06,56,0.191,314.09,318.243866,11.215179,-85.62,41.326445,5607.589722
221,KIWX20200429_114133_V06,60,0.338,492.58,559.886414,30.460194,-84.57,40.232863,15230.096817
222,KIWX20200429_114133_V06,60,0.324,273.53,252.000977,5.872650,-85.86,41.624588,2936.325073
224,KIWX20200429_114133_V06,60,0.101,322.50,305.530640,6.753998,-85.57,41.383632,3376.998901
224,KIWX20200429_114525_V06,64,0.121,353.64,284.901398,41.912445,-85.38,41.476136,20956.222534
224,KIWX20200429_114919_V06,68,-1.000,353.64,284.901398,48.272445,-85.38,41.476136,24136.222534
224,KIWX20200429_115312_V06,72,0.111,321.77,284.563538,27.115814,-85.57,41.478031,13557.907104
230,KIWX20200429_114919_V06,68,0.112,544.67,468.801758,8.215887,-84.25,40.639465,4107.943535
233,KIWX20200429_120058_V06,79,0.103,353.87,244.245758,6.547775,-85.38,41.659156,3273.887634
194,KIWX20200430_101054_V06,-30,0.402,19.89,231.884949,29.968046,-87.38,41.702983,14984.023094
194,KIWX20200430_101633_V06,-24,0.299,20.76,240.901129,38.471371,-87.38,41.662481,19235.685654
194,KIWX20200430_102212_V06,-18,0.300,23.46,262.297645,40.810592,-87.36,41.566418,20405.296174
194,KIWX20200430_102751_V06,-13,-1.000,25.40,277.939442,43.770678,-87.34,41.496185,21885.338876
194,KIWX20200430_103331_V06,-7,-1.000,27.73,296.709599,47.322780,-87.33,41.411902,23661.390117
194,KIWX20200430_103910_V06,-1,0.460,29.42,298.207458,44.152896,-87.32,41.405303,22076.448099
194,KIWX20200430_104448_V06,4,-1.000,31.15,308.076409,44.866321,-87.31,41.361028,22433.160289
194,KIWX20200430_105026_V06,10,-1.000,33.22,319.919150,45.722430,-87.29,41.307897,22861.214916
194,KIWX20200430_110143_V06,21,-1.000,37.02,341.630841,47.291963,-87.27,41.210483,23645.981732
194,KIWX20200430_110722_V06,27,-1.000,39.09,353.473582,48.148073,-87.25,41.157346,24074.036359
194,KIWX20200430_111301_V06,33,-1.000,41.17,365.316322,49.004182,-87.24,41.104206,24502.090986
194,KIWX20200430_111840_V06,38,-1.000,42.90,375.185273,49.717606,-87.23,41.059921,24858.803175
194,KIWX20200430_112419_V06,44,-1.000,44.97,387.028014,50.573716,-87.22,41.006776,25286.857802
194,KIWX20200430_112959_V06,49,-1.000,46.70,396.896964,51.287140,-87.20,40.962488,25643.569991
194,KIWX20200430_113538_V06,55,-1.000,48.77,408.739705,52.143249,-87.19,40.909340,26071.624618
194,KIWX20200430_114117_V06,61,-1.000,50.84,420.582446,52.999358,-87.18,40.856189,26499.679245
194,KIWX20200430_114656_V06,66,-1.000,52.57,430.451397,53.712783,-87.17,40.811896,26856.391435
194,KIWX20200430_115235_V06,72,-1.000,54.64,442.294137,54.568892,-87.15,40.758741,27284.446062
194,KIWX20200430_120353_V06,83,0.219,39.32,410.276848,55.349879,-87.25,40.901677,27674.939620
199,KIWX20200430_101633_V06,-24,0.127,255.57,148.822174,7.431686,-85.97,42.088860,3715.843201
199,KIWX20200430_102212_V06,-18,0.767,257.30,148.749886,10.779917,-85.96,42.089210,5389.958289
221,KIWX20200430_112959_V06,49,0.444,15.30,341.675232,20.158976,-87.40,41.208443,10079.487801
221,KIWX20200430_113538_V06,55,0.418,17.11,346.667261,26.807716,-87.39,41.186133,13403.858240
240,KIWX20200430_120353_V06,83,0.382,241.88,496.861633,20.684769,-86.04,40.521756,10342.384338
240,KIWX20200430_120932_V06,89,0.597,247.97,500.269248,24.850202,-86.01,40.506515,12425.101063
193,KIWX20200430_101054_V06,-30,0.532,181.91,445.822662,23.898827,-86.40,40.749943,11949.413300
196,KIWX20200430_101054_V06,-30,0.243,31.03,297.867645,41.358604,-87.31,41.406967,20679.302216
204,KIWX20200430_102751_V06,-13,0.673,26.46,304.791382,45.284019,-87.33,41.375419,22642.009735
204,KIWX20200430_103331_V06,-7,0.757,25.90,289.072662,36.801403,-87.34,41.446119,18400.701523
204,KIWX20200430_103910_V06,-1,-1.000,25.90,289.072662,46.341403,-87.34,41.446119,23170.701523
204,KIWX20200430_104448_V06,4,0.202,28.91,278.411957,31.219666,-87.32,41.494356,15609.832764
204,KIWX20200430_105026_V06,10,0.113,32.47,277.560577,27.434870,-87.30,41.498486,13717.434883
205,KIWX20200430_102751_V06,-13,0.110,278.92,363.860809,65.029968,-85.83,41.121033,32514.984131
207,KIWX20200430_103331_V06,-7,0.133,252.36,444.428284,52.289791,-85.98,40.758010,26144.895554
207,KIWX20200430_103910_V06,-1,-1.000,252.36,444.428284,61.829791,-85.98,40.758010,30914.895554
207,KIWX20200430_104448_V06,4,0.109,267.64,442.064362,48.306686,-85.89,40.768840,24153.343201
212,KIWX20200430_105026_V06,10,0.160,308.25,544.158813,13.126371,-85.65,40.309292,6563.185692
213,KIWX20200430_105026_V06,10,0.158,122.40,430.172852,15.219032,-86.75,40.817703,7609.516144
227,KIWX20200430_113538_V06,55,0.136,12.95,300.387878,14.807985,-87.42,41.394063,7403.992653
230,KIWX20200430_114656_V06,66,0.156,240.07,504.185364,15.840626,-86.05,40.488747,7920.312881
232,KIWX20200430_115235_V06,72,0.549,60.45,377.119263,15.191158,-87.12,41.052560,7595.579147
237,KIWX20200430_115235_V06,72,0.141,228.48,561.769714,11.032518,-86.12,40.229228,5516.259193
241,KIWX20200430_120353_V06,83,0.180,152.25,67.470886,2.867470,-86.60,42.451889,1433.734894
208,KIWX20200501_102257_V06,-17,0.564,270.55,362.381042,20.331120,-85.88,41.127630,10165.559769
212,KIWX20200501_111823_V06,39,0.103,113.44,146.993195,15.404741,-86.83,42.091914,7702.370644
212,KIWX20200503_115025_V06,74,0.128,311.39,343.084137,6.437881,-85.63,41.214622,3218.940735
212,KIWX20200503_115446_V06,78,0.157,309.87,342.801740,11.592704,-85.64,41.215898,5796.352059
211,KIWX20200504_101414_V06,-21,0.233,336.46,294.405792,6.678879,-85.48,41.433588,3339.439392
212,KIWX20200504_102116_V06,-14,0.500,271.00,347.473877,7.560341,-85.87,41.194749,3780.170441
220,KIWX20200505_103807_V06,4,0.477,23.10,349.958221,24.493607,-87.35,41.171839,12246.803284
220,KIWX20200505_104401_V06,10,-1.000,23.10,349.958221,34.033607,-87.35,41.171839,17016.803284
220,KIWX20200505_104944_V06,15,-1.000,23.10,349.958221,41.983607,-87.35,41.171839,20991.803284
220,KIWX20200505_110008_V06,26,0.296,38.56,382.169011,57.288883,-87.25,41.028138,28644.441597
220,KIWX20200505_110557_V06,31,0.106,45.06,386.111728,61.153744,-87.22,41.010908,30576.871824
230,KIWX20200505_110008_V06,26,0.153,328.80,287.266449,30.364120,-85.53,41.465807,15182.060242
230,KIWX20200505_110557_V06,31,0.149,327.01,287.015241,37.679400,-85.54,41.466954,18839.700139
230,KIWX20200505_111146_V06,37,-1.000,325.27,286.772136,46.605155,-85.55,41.468062,23302.577460
230,KIWX20200505_111706_V06,43,0.257,317.84,280.121704,34.129852,-85.59,41.498052,17064.926147
214,KIWX20200505_101450_V06,-20,0.514,22.20,404.639313,32.425858,-87.35,40.925636,16212.928772
224,KIWX20200505_104944_V06,15,0.398,36.71,383.482697,49.057198,-87.27,41.022075,24528.598785
235,KIWX20200505_112210_V06,48,0.139,217.92,341.733917,5.847923,-86.19,41.219678,2923.961639
238,KIWX20200505_113205_V06,58,0.162,285.30,337.520447,24.868423,-85.79,41.239657,12434.211731
239,KIWX20200505_114116_V06,67,0.357,332.45,289.387573,19.245895,-85.51,41.456223,9622.947693
242,KIWX20200505_114551_V06,71,0.167,502.81,524.155090,68.929115,-84.51,40.393122,34464.557648
227,KIWX20200506_102030_V06,-13,0.153,34.67,280.744263,37.299408,-87.29,41.484340,18649.703979
227,KIWX20200506_102718_V06,-6,0.366,34.05,282.718492,43.804203,-87.29,41.475403,21902.101519
222,KIWX20200506_100653_V06,-27,0.190,336.35,295.977661,2.817612,-85.48,41.426513,1408.805847
223,KIWX20200506_100653_V06,-27,0.178,264.83,341.998108,2.825573,-85.91,41.219340,1412.786484
230,KIWX20200506_104741_V06,14,0.142,115.93,296.572968,39.887482,-86.80,41.418772,19943.740845
231,KIWX20200506_110126_V06,28,0.101,29.15,343.362457,40.646072,-87.31,41.202039,20323.036194
232,KIWX20200506_110819_V06,35,0.710,469.94,542.773193,38.866547,-84.70,40.311159,19433.273315
232,KIWX20200506_111511_V06,42,0.101,465.57,528.509766,16.901253,-84.73,40.375601,8450.626373
234,KIWX20200506_111511_V06,42,0.164,581.20,419.557190,29.778053,-84.03,40.858196,14889.026642
237,KIWX20200506_112855_V06,55,0.110,19.60,363.664673,29.960283,-87.37,41.109844,14980.141640
230,KIWX20200507_111447_V06,43,0.130,340.52,356.227112,33.745705,-85.46,41.155216,16872.852325
230,KIWX20200509_100450_V06,-25,0.141,301.29,230.950958,2.912003,-85.69,41.719460,1456.001282
231,KIWX20200509_101826_V06,-11,0.105,337.93,295.286346,6.317017,-85.47,41.429607,3158.508301
232,KIWX20200509_103203_V06,3,0.124,266.34,343.134674,6.109436,-85.90,41.214239,3054.718018
254,KIWX20200510_110648_V06,38,0.227,37.50,202.994812,57.394691,-87.28,41.834502,28697.345734
254,KIWX20200510_111138_V06,43,0.167,40.07,202.617375,64.025017,-87.26,41.836411,32012.508517
258,KIWX20200510_111642_V06,48,0.141,419.98,578.330139,23.463314,-85.00,40.153254,11731.657028
258,KIWX20200510_112202_V06,54,0.467,425.26,576.615576,29.832403,-84.96,40.160779,14916.201427
259,KIWX20200510_111642_V06,48,0.123,174.91,518.122620,27.112865,-86.44,40.424158,13556.432724
259,KIWX20200510_112202_V06,54,0.228,178.35,515.941201,33.058439,-86.42,40.434109,16529.219363
271,KIWX20200510_113339_V06,65,0.211,131.07,108.276611,51.816093,-86.72,42.267164,25908.046722
271,KIWX20200510_113949_V06,71,0.209,137.35,108.266199,60.200304,-86.69,42.267541,30100.151910
271,KIWX20200510_114559_V06,77,0.149,158.47,128.495483,74.453804,-86.56,42.177505,37226.902008
233,KIWX20200510_100401_V06,-24,0.254,271.41,188.262360,8.509140,-85.87,41.911502,4254.570007
233,KIWX20200510_100951_V06,-19,0.177,288.21,203.473938,32.326218,-85.77,41.843132,16163.108826
235,KIWX20200510_100401_V06,-24,0.127,191.87,320.415588,61.954933,-86.35,41.314885,30977.466583
235,KIWX20200510_100951_V06,-19,-1.000,191.87,320.415588,69.904933,-86.35,41.314885,34952.466583
235,KIWX20200510_101517_V06,-13,0.113,228.74,287.291687,45.138596,-86.13,41.465032,22569.297791
246,KIWX20200510_103150_V06,3,0.109,87.34,406.672852,2.769730,-86.96,40.921395,1384.864807
252,KIWX20200510_110144_V06,33,0.350,27.23,393.494843,32.533592,-87.32,40.976225,16266.796112
256,KIWX20200510_111138_V06,43,0.180,535.21,520.759155,39.071354,-84.31,40.406253,19535.676956
276,KIWX20200510_113949_V06,71,0.191,50.58,132.434937,23.597082,-87.21,42.153110,11798.541069
277,KIWX20200510_114559_V06,77,0.205,538.22,86.610046,15.795906,-84.25,42.360205,7897.953033
261,KIWX20200511_111813_V06,51,0.199,190.33,109.195007,3.642761,-86.36,42.265645,1821.380615
261,KIWX20200511_112248_V06,55,0.171,193.78,110.156938,10.516132,-86.34,42.261433,5258.065886
280,KIWX20200511_114124_V06,74,0.158,309.36,310.059143,14.498062,-85.64,41.363310,7249.031067
280,KIWX20200511_114606_V06,79,-1.000,309.36,310.059143,22.448062,-85.64,41.363310,11224.031067
280,KIWX20200511_115048_V06,83,0.500,319.93,313.400983,22.709436,-85.58,41.348217,11354.717991
250,KIWX20200511_102211_V06,-5,0.104,291.81,247.699158,7.574326,-85.75,41.644053,3787.162781
253,KIWX20200511_102652_V06,-1,0.201,176.44,268.047821,34.331726,-86.44,41.550077,17165.863037
267,KIWX20200511_112248_V06,55,0.104,224.99,124.113831,28.523140,-86.15,42.199505,14261.569977
249,KIWX20200513_113848_V06,73,0.137,355.69,303.802917,24.183487,-85.37,41.391008,12091.743469
297,KIWX20200514_114336_V06,79,0.149,271.26,360.350464,10.881615,-85.87,41.136778,5440.807343
297,KIWX20200514_114925_V06,85,0.634,277.57,360.623051,14.935451,-85.83,41.135601,7467.725416
252,KIWX20200514_101222_V06,-12,0.231,76.19,337.959717,11.162235,-87.03,41.229959,5581.117630
256,KIWX20200514_103156_V06,7,0.283,145.37,300.583008,6.709267,-86.62,41.402270,3354.633331
258,KIWX20200514_103156_V06,7,0.155,347.82,385.037170,6.297180,-85.42,41.025408,3148.590088
267,KIWX20200514_104948_V06,25,0.385,309.45,458.859070,28.807243,-85.64,40.693369,14403.621674
275,KIWX20200514_110302_V06,39,0.169,391.42,302.626617,2.920898,-85.15,41.395487,1460.449219
278,KIWX20200514_110741_V06,43,0.182,374.00,277.772003,3.023010,-85.26,41.507827,1511.505127
283,KIWX20200514_111714_V06,53,0.710,327.48,411.864014,10.945709,-85.54,40.904860,5472.854614
289,KIWX20200514_111714_V06,53,0.114,253.07,391.625763,13.156830,-85.98,40.995757,6578.414917
301,KIWX20200515_111113_V06,48,0.344,354.32,225.616547,17.846268,-85.37,41.743012,8923.133850
301,KIWX20200515_111703_V06,54,0.222,352.93,229.070113,27.511978,-85.38,41.727489,13755.989136
301,KIWX20200515_112239_V06,59,0.245,361.11,237.808679,35.196275,-85.33,41.688005,17598.137697
301,KIWX20200515_112802_V06,65,-1.000,368.24,246.468050,44.520985,-85.29,41.648878,22260.492631
301,KIWX20200515_113325_V06,70,0.616,367.04,271.924255,16.725128,-85.30,41.534305,8362.564087
301,KIWX20200515_113901_V06,76,0.223,371.70,269.464459,24.588760,-85.27,41.545278,12294.380145
260,KIWX20200515_100123_V06,-22,0.722,355.54,311.379700,7.389999,-85.37,41.356900,3694.999695
260,KIWX20200515_100713_V06,-16,0.492,362.12,304.517794,13.819617,-85.33,41.387671,6909.808421
263,KIWX20200515_100123_V06,-22,0.398,424.84,317.208466,11.063171,-84.95,41.328720,5531.585693
263,KIWX20200515_100713_V06,-16,0.128,428.90,313.319754,17.435250,-84.93,41.346066,8717.624931
268,KIWX20200515_100713_V06,-16,0.598,373.61,279.838135,18.742188,-85.26,41.498534,9371.093750
268,KIWX20200515_101250_V06,-11,0.171,377.35,278.100850,24.246869,-85.24,41.506267,12123.434642
269,KIWX20200515_100713_V06,-16,0.432,435.45,485.907166,85.180794,-84.90,40.568795,42590.396881
269,KIWX20200515_101250_V06,-11,0.518,434.67,493.534530,94.143018,-84.91,40.534486,47071.508973
310,KIWX20200515_112239_V06,59,0.413,207.32,436.070251,10.588417,-86.25,40.794672,5294.208527
310,KIWX20200515_112802_V06,65,0.222,210.47,431.523856,17.117937,-86.23,40.815230,8558.968689
310,KIWX20200515_113325_V06,70,-1.000,212.71,428.276431,22.917595,-86.22,40.829912,11458.797376
310,KIWX20200515_113901_V06,76,0.153,172.32,448.744324,52.191063,-86.46,40.736428,26095.531464
261,KIWX20200515_100123_V06,-22,0.503,502.15,278.566101,23.213799,-84.49,41.498742,11606.899261
264,KIWX20200515_100123_V06,-22,0.342,390.29,508.368042,84.929771,-85.17,40.469220,42464.885712
265,KIWX20200515_100123_V06,-22,0.212,522.26,414.931000,79.592247,-84.38,40.883577,39796.123505
271,KIWX20200515_100713_V06,-16,0.206,247.11,558.754272,51.959282,-86.01,40.243157,25979.640961
271,KIWX20200515_101250_V06,-11,0.181,247.17,560.442505,46.592377,-86.01,40.235556,23296.188354
272,KIWX20200515_100713_V06,-16,0.107,255.90,24.953674,30.426689,-85.97,42.646423,15213.344574
284,KIWX20200515_102430_V06,1,0.244,440.76,353.770050,11.020233,-84.86,41.163470,5510.116577
289,KIWX20200515_104200_V06,19,0.375,473.59,323.637024,6.425278,-84.66,41.297524,3212.638855
297,KIWX20200515_104751_V06,24,0.311,430.15,331.053131,7.764023,-84.92,41.266183,3882.011414
299,KIWX20200515_105342_V06,30,0.200,219.21,445.873718,7.114624,-86.18,40.750849,3557.312012
311,KIWX20200515_112239_V06,59,0.125,457.21,211.865295,26.837357,-84.75,41.801505,13418.678284
312,KIWX20200515_112802_V06,65,0.388,33.06,452.026489,29.217501,-87.28,40.713238,14608.750343
315,KIWX20200515_113325_V06,70,0.130,299.47,342.739014,7.987316,-85.70,41.216196,3993.658066
318,KIWX20200515_114437_V06,81,0.235,136.17,342.580200,29.819965,-86.68,41.212758,14909.982681
281,KIWX20200516_103714_V06,15,0.127,70.55,453.936462,24.458725,-87.06,40.707488,12229.362488
281,KIWX20200516_104144_V06,19,-1.000,70.55,453.936462,30.818725,-87.06,40.707488,15409.362488
281,KIWX20200516_104614_V06,24,0.304,78.42,457.615540,16.308517,-87.01,40.691469,8154.258728
286,KIWX20200516_111816_V06,56,0.104,279.92,366.988892,3.224892,-85.82,41.106956,1612.445831
281,KIWX20200517_101356_V06,-8,0.622,429.63,359.630280,12.097771,-84.93,41.137552,6048.885345
281,KIWX20200517_101954_V06,-2,0.120,431.65,358.094871,21.032688,-84.92,41.144383,10516.343877
286,KIWX20200517_104350_V06,22,0.144,478.19,88.055267,20.435715,-84.62,42.357667,10217.857361
287,KIWX20200517_104350_V06,22,0.126,571.27,302.427765,20.338684,-84.08,41.386250,10169.342041
287,KIWX20200517_104949_V06,28,0.251,575.08,291.403778,15.872299,-84.05,41.435543,7936.149597
284,KIWX20200518_101905_V06,-1,0.320,499.20,577.008606,16.054836,-84.53,40.155380,8027.418137
287,KIWX20200518_103849_V06,18,0.162,205.04,443.407562,6.288223,-86.26,40.761571,3144.111633
286,KIWX20200519_095140_V06,-28,0.224,156.75,205.352631,18.702278,-86.56,41.831478,9351.139069
299,KIWX20200519_110949_V06,50,0.826,149.87,137.228943,60.992966,-86.61,42.137799,30496.482849
306,KIWX20200519_113131_V06,72,0.664,102.42,357.813782,10.845505,-86.88,41.142295,5422.752380
313,KIWX20200519_113657_V06,77,0.110,325.66,237.036896,12.314606,-85.55,41.691960,6157.302856
290,KIWX20200520_104328_V06,25,0.267,196.10,222.923065,7.181061,-86.32,41.753910,3590.530396
290,KIWX20200520_105029_V06,32,0.111,195.91,223.273049,13.891230,-86.33,41.752328,6945.614943
289,KIWX20200520_100825_V06,-10,0.103,240.34,308.887634,3.259644,-86.06,41.368045,1629.821777
300,KIWX20200521_101800_V06,0,0.191,391.58,359.367188,3.684959,-85.15,41.140037,1842.479706
300,KIWX20200521_102508_V06,7,0.882,391.62,358.288892,6.074228,-85.15,41.144891,3037.113864
300,KIWX20200521_103216_V06,14,0.371,390.50,355.027140,7.238295,-85.16,41.159607,3619.147490
300,KIWX20200521_103922_V06,21,0.411,385.31,351.525905,10.777745,-85.19,41.175511,5388.872676
300,KIWX20200521_104630_V06,28,0.197,406.16,343.644983,23.469083,-85.07,41.210373,11734.541309
300,KIWX20200521_110038_V06,42,-1.000,436.83,329.853655,44.603242,-84.88,41.271307,22301.621149
300,KIWX20200521_110746_V06,49,-1.000,452.16,322.957991,55.170322,-84.79,41.301663,27585.161069
300,KIWX20200521_111447_V06,56,-1.000,467.49,316.062327,65.737402,-84.70,41.331945,32868.700990
300,KIWX20200521_112153_V06,63,-1.000,482.83,309.166663,76.304482,-84.61,41.362152,38152.240910
300,KIWX20200521_112849_V06,70,-1.000,498.16,302.270999,86.871562,-84.52,41.392286,43435.780830
300,KIWX20200521_113550_V06,77,0.347,517.36,325.706305,83.603579,-84.40,41.285556,41801.789263
300,KIWX20200521_114246_V06,84,0.100,517.98,315.071014,83.386123,-84.40,41.333388,41693.061396
296,KIWX20200521_100346_V06,-15,0.843,420.45,486.521179,38.220131,-84.99,40.566617,19110.065460
296,KIWX20200521_101053_V06,-8,0.612,418.35,491.722955,51.205340,-85.00,40.543273,25602.670159
296,KIWX20200521_101800_V06,0,0.256,407.81,496.761914,59.042695,-85.06,40.520948,29521.347520
296,KIWX20200521_102508_V06,7,-1.000,399.48,501.198283,66.618063,-85.11,40.501237,33309.031527
296,KIWX20200521_103216_V06,14,0.102,381.00,468.641663,35.952095,-85.22,40.648333,17976.047516
302,KIWX20200521_102508_V06,7,0.827,333.49,405.106628,3.431847,-85.50,40.935228,1715.923309
302,KIWX20200521_103216_V06,14,0.514,342.73,405.994236,18.912095,-85.45,40.931124,9456.047534
292,KIWX20200521_094936_V06,-29,0.550,398.93,435.141907,46.780861,-85.11,40.798668,23390.430450
293,KIWX20200521_094936_V06,-29,0.486,335.01,464.049194,22.885948,-85.49,40.669826,11442.974091
301,KIWX20200521_101800_V06,0,0.113,278.49,422.680359,3.069099,-85.83,40.856206,1534.549713
303,KIWX20200521_102508_V06,7,0.522,333.46,401.470886,3.220055,-85.50,40.951598,1610.027313
312,KIWX20200521_103216_V06,14,0.105,284.50,410.856537,12.323158,-85.79,40.909476,6161.579132
316,KIWX20200521_104630_V06,28,0.235,430.16,325.090271,3.595657,-84.92,41.293026,1797.828674
317,KIWX20200521_104630_V06,28,0.102,552.34,276.437988,34.452850,-84.19,41.504769,17226.425171
321,KIWX20200521_112849_V06,70,0.283,390.22,358.230591,3.104752,-85.16,41.145192,1552.375793
323,KIWX20200521_113550_V06,77,0.230,397.48,238.146118,11.160507,-85.11,41.685584,5580.253601
314,KIWX20200522_101756_V06,0,0.118,185.70,404.778259,7.044632,-86.38,40.934870,3522.315979
314,KIWX20200522_102237_V06,5,0.134,184.96,404.772834,14.197826,-86.38,40.934868,7098.912955
304,KIWX20200522_094948_V06,-28,0.219,245.61,390.397766,47.083199,-86.02,41.001169,23541.599274
304,KIWX20200522_095430_V06,-23,0.164,272.18,378.201477,40.790424,-85.87,41.056417,20395.212173
305,KIWX20200522_094948_V06,-28,0.156,193.10,302.493835,11.843193,-86.34,41.395608,5921.596527
307,KIWX20200522_095430_V06,-23,0.164,299.18,335.138062,7.007431,-85.70,41.250416,3503.715515
309,KIWX20200522_100833_V06,-9,0.124,126.26,367.378296,23.679308,-86.73,41.100605,11839.653969
311,KIWX20200522_101315_V06,-4,0.261,267.79,341.677246,6.852871,-85.89,41.220815,3426.435471
318,KIWX20200522_105512_V06,38,0.219,126.30,183.442719,26.771992,-86.75,41.928584,13385.995865
320,KIWX20200522_105512_V06,38,0.161,140.35,308.111450,28.647980,-86.65,41.368135,14323.989868
323,KIWX20200522_110414_V06,47,0.124,513.40,481.897034,11.465490,-84.44,40.582700,5732.745171
323,KIWX20200522_110843_V06,51,0.203,520.31,492.880951,62.204788,-84.40,40.532794,31102.394104
323,KIWX20200522_111312_V06,56,0.120,511.55,481.700012,11.283932,-84.45,40.583707,5641.965866
324,KIWX20200522_110414_V06,47,0.122,550.89,499.084167,38.738426,-84.22,40.502671,19369.213104
329,KIWX20200522_111312_V06,56,0.120,183.52,170.346344,27.632622,-86.40,41.990145,13816.310883
341,KIWX20200522_113956_V06,82,0.137,254.63,393.991333,32.500259,-85.97,40.985129,16250.129700
317,KIWX20200523_111825_V06,62,0.119,334.29,406.226166,3.379555,-85.50,40.930179,1689.777374
317,KIWX20200523_112532_V06,69,0.427,335.22,405.904165,10.569426,-85.49,40.931619,5284.712926
315,KIWX20200523_102831_V06,12,0.308,335.28,406.272461,3.110756,-85.49,40.929960,1555.377960
316,KIWX20200523_110410_V06,48,0.489,335.79,405.544739,3.474068,-85.49,40.933231,1737.033844
318,KIWX20200523_113240_V06,76,0.122,280.43,422.870361,3.303688,-85.82,40.855362,1651.844025
319,KIWX20200524_104051_V06,25,0.219,166.39,222.003235,37.398407,-86.50,41.756945,18699.203491
319,KIWX20200524_104613_V06,31,0.161,168.25,223.176918,45.183970,-86.49,41.751739,22591.985048
320,KIWX20200526_100120_V06,-13,0.453,479.40,255.868439,11.129272,-84.62,41.602264,5564.636230
321,KIWX20200526_100120_V06,-13,0.180,30.90,292.325378,43.204834,-87.31,41.431901,21602.416992
337,KIWX20200527_111848_V06,64,0.198,253.97,349.348633,3.395874,-85.97,41.186111,1697.937012
337,KIWX20200527_112411_V06,70,0.339,253.00,348.903752,10.377106,-85.98,41.188100,5188.553235
337,KIWX20200527_112934_V06,75,0.209,252.06,344.302955,11.740451,-85.99,41.208799,5870.225419
324,KIWX20200527_101917_V06,5,0.210,275.10,342.362518,9.692444,-85.85,41.217795,4846.221924
325,KIWX20200527_101917_V06,5,0.107,209.01,213.335144,6.749962,-86.25,41.797464,3374.980927
327,KIWX20200528_100602_V06,-7,0.200,359.43,388.412292,3.735672,-85.35,41.010020,1867.835999
332,KIWX20200528_111013_V06,57,0.174,318.75,339.000854,6.362732,-85.59,41.232971,3181.365967
336,KIWX20200528_112509_V06,72,0.130,22.32,293.037598,10.750149,-87.36,41.427966,5375.074387
328,KIWX20200530_103458_V06,22,0.149,391.84,365.606445,3.580620,-85.15,41.111940,1790.309906
329,KIWX20200530_103458_V06,22,0.113,281.39,422.528076,5.853859,-85.81,40.856909,2926.929474
331,KIWX20200530_104859_V06,36,0.105,374.23,279.214111,2.927887,-85.26,41.501329,1463.943481
331,KIWX20200531_101242_V06,1,0.346,392.02,365.417542,3.657059,-85.15,41.112785,1828.529358
331,KIWX20200531_101944_V06,8,0.513,391.60,365.525940,9.102908,-85.15,41.112309,4551.454233
331,KIWX20200531_102645_V06,15,0.274,391.35,365.273682,3.867714,-85.16,41.113452,1933.856964
331,KIWX20200531_103345_V06,22,0.182,391.17,365.321067,10.461267,-85.16,41.113244,5230.633419
331,KIWX20200531_104047_V06,29,0.793,390.62,365.181366,3.832458,-85.16,41.113888,1916.229248
331,KIWX20200531_104749_V06,36,0.580,390.62,365.196421,8.637042,-85.16,41.113820,4318.520883
331,KIWX20200531_110151_V06,50,0.214,391.25,365.443604,3.338867,-85.16,41.112690,1669.433594
333,KIWX20200531_101944_V06,8,0.599,197.26,302.714325,3.108711,-86.31,41.394750,1554.355621
333,KIWX20200531_102645_V06,15,0.683,197.23,302.373747,7.374677,-86.31,41.396283,3687.338325
335,KIWX20200531_102645_V06,15,0.320,334.42,406.342621,3.362366,-85.50,40.929654,1681.182861
335,KIWX20200531_103345_V06,22,0.114,334.45,406.416782,10.236091,-85.50,40.929319,5118.045715
335,KIWX20200531_104047_V06,29,-1.000,334.48,406.482854,17.574138,-85.50,40.929022,8787.068984
335,KIWX20200531_104749_V06,36,0.292,334.71,406.177795,3.224861,-85.49,40.930393,1612.430573
337,KIWX20200531_102645_V06,15,0.186,187.22,431.731049,6.157257,-86.37,40.813575,3078.628540
337,KIWX20200531_103345_V06,22,-1.000,187.22,431.731049,17.287257,-86.37,40.813575,8643.628540
337,KIWX20200531_104047_V06,29,0.104,187.50,431.101196,6.168633,-86.37,40.816421,3084.316254
337,KIWX20200531_104749_V06,36,-1.000,187.50,431.101196,17.298633,-86.37,40.816421,8649.316254
337,KIWX20200531_110151_V06,50,0.206,189.81,430.397583,6.282623,-86.35,40.819668,3141.311646
338,KIWX20200531_102645_V06,15,0.152,209.33,227.225830,6.823799,-86.24,41.734943,3411.899567
339,KIWX20200531_102645_V06,15,0.140,214.03,365.301453,3.214905,-86.21,41.113474,1607.452393
337,KIWX20200601_101154_V06,0,0.241,335.32,405.980042,3.021179,-85.49,40.931276,1510.589600
337,KIWX20200601_101854_V06,7,0.503,335.03,405.956152,8.427207,-85.49,40.931387,4213.603651
337,KIWX20200601_102556_V06,14,-1.000,334.77,405.934869,14.457669,-85.49,40.931486,7228.834352
337,KIWX20200601_103258_V06,21,0.261,334.70,405.688934,3.113518,-85.49,40.932594,1556.758881
340,KIWX20200601_102556_V06,14,0.267,391.83,361.288574,3.492119,-85.15,41.131380,1746.059418
340,KIWX20200601_103258_V06,21,0.183,391.83,360.972550,10.180283,-85.15,41.132803,5090.141692
340,KIWX20200601_103959_V06,28,0.129,392.36,359.403076,3.195847,-85.15,41.139854,1597.923279
338,KIWX20200601_101154_V06,0,0.185,254.12,229.310974,3.081165,-85.98,41.726514,1540.582657
339,KIWX20200601_101854_V06,7,0.316,279.13,423.451965,3.265976,-85.82,40.852736,1632.987976
347,KIWX20200601_110102_V06,50,0.201,237.89,436.860962,2.976151,-86.07,40.791838,1488.075256
350,KIWX20200601_112802_V06,77,0.104,427.97,533.701782,6.342155,-84.95,40.353901,3171.077728
343,KIWX20200602_094916_V06,-22,0.123,419.21,273.134460,58.715378,-84.99,41.527343,29357.688904
344,KIWX20200602_104725_V06,36,0.104,240.95,288.751740,2.883934,-86.05,41.458707,1441.967010
346,KIWX20200603_095122_V06,-19,0.119,394.71,172.175232,25.289337,-85.13,41.982636,12644.668579
346,KIWX20200603_100020_V06,-10,0.493,393.23,169.731063,29.833981,-85.14,41.993682,14916.990591
346,KIWX20200603_100449_V06,-6,-1.000,392.61,168.719682,32.153144,-85.14,41.998253,16076.572113
346,KIWX20200603_100918_V06,-1,0.810,404.51,182.975827,35.086271,-85.07,41.933711,17543.135574
346,KIWX20200603_101346_V06,3,0.744,408.96,190.498677,41.726046,-85.04,41.899699,20863.023008
346,KIWX20200603_101815_V06,8,0.155,420.17,199.256212,51.037509,-84.98,41.859874,25518.754326
346,KIWX20200603_102245_V06,12,0.304,419.25,192.835462,48.507199,-84.98,41.888811,24253.599457
345,KIWX20200603_094225_V06,-28,0.147,309.62,167.019714,37.839966,-85.64,42.007241,18919.982910
350,KIWX20200603_101346_V06,3,0.120,304.71,309.304047,6.523331,-85.67,41.366720,3261.665344
351,KIWX20200603_102714_V06,17,0.187,145.82,473.357361,12.017838,-86.61,40.624471,6008.918762
352,KIWX20200603_110039_V06,50,0.171,13.48,266.629730,20.405125,-87.42,41.546044,10202.562332
353,KIWX20200603_110939_V06,59,0.237,421.57,223.571533,3.064835,-84.97,41.750367,1532.417297
354,KIWX20200603_110939_V06,59,0.111,30.87,232.577362,31.640911,-87.32,41.700810,15820.455551
367,KIWX20200604_105419_V06,44,0.113,474.92,386.865906,6.788933,-84.66,41.012813,3394.466400
367,KIWX20200604_110337_V06,53,0.110,477.06,385.598823,18.205389,-84.65,41.018400,9102.694444
360,KIWX20200604_102425_V06,14,0.217,323.39,293.429596,17.069809,-85.56,41.438105,8534.904480
363,KIWX20200604_102904_V06,19,0.304,270.60,522.440430,11.533920,-85.87,40.406965,5766.960144
364,KIWX20200604_102904_V06,19,0.127,182.19,211.884247,34.868958,-86.41,41.803118,17434.478760
365,KIWX20200604_104021_V06,30,0.430,368.82,284.152863,44.663605,-85.29,41.479216,22331.802368
365,KIWX20200604_104500_V06,35,0.569,370.19,273.189789,38.732758,-85.28,41.528541,19366.378784
368,KIWX20200604_111737_V06,67,0.139,463.96,367.418030,23.581768,-84.72,41.100936,11790.884018
368,KIWX20200604_112216_V06,72,0.174,461.58,352.379272,11.385216,-84.74,41.168758,5692.607880
370,KIWX20200604_112655_V06,76,0.119,303.65,288.460815,14.628448,-85.68,41.460557,7314.224243
369,KIWX20200605_101321_V06,3,0.270,407.82,301.233002,6.273392,-85.06,41.401253,3136.695862
369,KIWX20200605_101714_V06,7,0.531,407.57,301.380902,10.813100,-85.06,41.400595,5406.549863
369,KIWX20200605_102106_V06,11,0.481,410.95,302.880205,12.250425,-85.04,41.393731,6125.212603
369,KIWX20200605_102458_V06,14,0.335,405.35,302.012604,13.067822,-85.07,41.397825,6533.911024
369,KIWX20200605_102850_V06,18,-1.000,402.16,301.854140,14.661834,-85.09,41.398641,7330.916800
369,KIWX20200605_103242_V06,22,0.130,412.74,303.324059,18.769527,-85.03,41.391671,9384.763665
360,KIWX20200605_094614_V06,-24,0.426,408.45,301.709534,6.385910,-85.05,41.399086,3192.955017
360,KIWX20200605_095006_V06,-20,0.629,408.45,300.576916,10.625245,-85.05,41.404185,5312.622543
360,KIWX20200605_095358_V06,-17,0.265,405.20,298.239394,13.609534,-85.07,41.414816,6804.766982
360,KIWX20200605_100143_V06,-9,0.406,404.34,301.389648,6.814972,-85.08,41.400662,3407.485962
360,KIWX20200605_100536_V06,-5,0.520,405.45,301.950141,11.154893,-85.07,41.398103,5577.446709
359,KIWX20200605_094614_V06,-24,0.621,285.10,166.241760,12.063110,-85.79,42.010723,6031.555176
361,KIWX20200605_095006_V06,-20,0.324,441.74,308.827667,6.024918,-84.85,41.365748,3012.458801
365,KIWX20200605_095358_V06,-17,0.159,206.05,154.650635,21.220924,-86.27,42.061544,10610.462189
368,KIWX20200605_100928_V06,-1,0.140,251.06,305.020966,6.447884,-85.99,41.385634,3223.941803
378,KIWX20200605_105403_V06,44,0.412,406.23,294.113556,3.765213,-85.06,41.433356,1882.606506
380,KIWX20200605_110933_V06,59,0.336,403.34,288.500214,6.596344,-85.08,41.458720,3298.171997
368,KIWX20200606_094016_V06,-29,0.581,470.07,251.444763,7.110138,-84.68,41.622686,3555.068970
368,KIWX20200606_094444_V06,-25,0.739,472.71,252.882983,12.136673,-84.66,41.616070,6068.336418
368,KIWX20200606_094913_V06,-20,0.344,471.74,255.019680,14.769205,-84.67,41.606505,7384.602434
368,KIWX20200606_100044_V06,-9,0.158,468.85,261.823660,15.965610,-84.69,41.576030,7982.804938
370,KIWX20200606_094444_V06,-25,0.664,402.77,302.939911,6.460281,-85.09,41.393734,3230.140686
370,KIWX20200606_094913_V06,-20,0.603,402.94,299.045806,12.646172,-85.08,41.411259,6323.086134
390,KIWX20200606_111625_V06,67,0.265,486.80,382.918304,15.632805,-84.59,41.029922,7816.402435
390,KIWX20200606_112327_V06,74,0.101,484.75,382.070155,23.511383,-84.60,41.033857,11755.691553
369,KIWX20200606_094016_V06,-29,0.179,432.56,253.522095,6.222427,-84.90,41.615107,3111.213684
374,KIWX20200606_094913_V06,-20,0.248,391.94,414.418304,3.179741,-85.15,40.892177,1589.870453
376,KIWX20200606_094913_V06,-20,0.191,338.17,287.529114,14.861526,-85.47,41.464527,7430.763245
378,KIWX20200606_100513_V06,-4,0.162,338.11,368.841248,28.234695,-85.47,41.098454,14117.347717
379,KIWX20200606_100513_V06,-4,0.149,191.07,301.708405,2.989014,-86.35,41.399075,1494.506836
380,KIWX20200606_100513_V06,-4,0.138,437.52,276.732330,6.268967,-84.88,41.510415,3134.483337
381,KIWX20200606_100513_V06,-4,0.123,223.11,373.782410,3.421371,-86.16,41.075520,1710.685730
383,KIWX20200606_101843_V06,9,0.119,313.41,399.511871,32.109604,-85.62,40.960563,16054.801941
384,KIWX20200606_103246_V06,23,0.364,472.25,368.070648,26.575001,-84.67,41.097568,13287.500381
385,KIWX20200606_103246_V06,23,0.139,478.06,262.052399,3.505920,-84.63,41.574502,1752.960205
386,KIWX20200606_110255_V06,53,0.359,471.34,367.162323,28.962891,-84.68,41.101705,14481.445312
388,KIWX20200606_111155_V06,62,0.262,231.85,214.450653,10.707748,-86.11,41.793012,5353.874207
392,KIWX20200606_113029_V06,81,0.183,269.59,372.223541,31.019501,-85.88,41.083308,15509.750366
386,KIWX20200607_101017_V06,1,0.102,388.01,362.359467,5.771011,-85.18,41.126665,2885.505676
386,KIWX20200607_101719_V06,8,0.158,390.33,362.365224,12.749398,-85.16,41.126575,6374.698766
386,KIWX20200607_102421_V06,15,0.117,393.66,363.322205,6.332542,-85.14,41.122172,3166.271210
386,KIWX20200607_103122_V06,22,0.314,391.15,362.445478,12.467323,-85.16,41.126191,6233.661457
387,KIWX20200607_101719_V06,8,0.224,333.51,405.832520,3.351738,-85.50,40.931960,1675.868988
387,KIWX20200607_102421_V06,15,0.261,332.80,406.980996,10.954828,-85.51,40.926796,5477.414084
387,KIWX20200607_103122_V06,22,0.212,332.30,406.984528,5.992386,-85.51,40.926785,2996.192932
383,KIWX20200607_094913_V06,-20,0.216,326.04,287.386688,20.578690,-85.54,41.465289,10289.344788
388,KIWX20200607_101719_V06,8,0.150,434.08,375.149231,37.076546,-84.90,41.067505,18538.272858
394,KIWX20200607_105228_V06,43,0.198,390.48,359.681946,3.289291,-85.16,41.138651,1644.645691
396,KIWX20200607_112234_V06,73,0.175,334.57,405.804321,3.100136,-85.49,40.932076,1550.067902
404,KIWX20200608_105117_V06,42,0.409,334.34,405.582886,3.304222,-85.50,40.933075,1652.111053
404,KIWX20200608_110521_V06,56,0.618,333.95,405.657567,6.921425,-85.50,40.932743,3460.712314
404,KIWX20200608_111223_V06,63,0.101,332.13,407.277347,6.908157,-85.51,40.925469,3454.078506
405,KIWX20200608_105117_V06,42,0.275,416.42,228.728821,3.703445,-85.00,41.727343,1851.722717
405,KIWX20200608_110521_V06,56,0.168,416.86,225.392195,10.237693,-85.00,41.742347,5118.846474
409,KIWX20200608_111223_V06,63,0.239,470.01,366.461426,27.687920,-84.69,41.104931,13843.959808
409,KIWX20200608_111923_V06,70,0.694,470.10,369.538868,31.374583,-84.69,41.091072,15687.291600
389,KIWX20200608_094105_V06,-28,0.791,271.92,527.600342,15.455743,-85.87,40.383743,7727.871418
390,KIWX20200608_094806_V06,-21,0.340,327.05,292.860291,18.424454,-85.54,41.440639,9212.226868
392,KIWX20200608_100208_V06,-7,0.183,135.13,401.492188,11.734068,-86.68,40.947492,5867.033958
394,KIWX20200608_101610_V06,7,0.240,334.08,405.525269,3.306602,-85.50,40.933337,1653.301239
394,KIWX20200608_102312_V06,14,-1.000,334.08,405.525269,14.436602,-85.50,40.933337,7218.301239
394,KIWX20200608_103014_V06,21,0.172,334.39,405.929688,3.387886,-85.50,40.931513,1693.943024
395,KIWX20200608_101610_V06,7,0.192,395.60,528.921875,26.329346,-85.14,40.376523,13164.672852
399,KIWX20200608_103014_V06,21,0.111,393.63,362.679688,6.695847,-85.14,41.125065,3347.923279
401,KIWX20200608_103715_V06,28,0.452,415.93,228.513153,3.867279,-85.00,41.728332,1933.639526
403,KIWX20200608_105117_V06,42,0.438,426.45,525.438904,7.121487,-84.96,40.391164,3560.743332
410,KIWX20200608_112625_V06,77,0.220,385.28,84.067688,6.223114,-85.18,42.379500,3111.557007
411,KIWX20200608_112625_V06,77,0.149,383.78,91.985535,7.520149,-85.19,42.343901,3760.074615
402,KIWX20200609_094724_V06,-22,0.310,324.77,289.031097,15.911804,-85.55,41.457896,7955.902100
402,KIWX20200609_100129_V06,-8,0.238,326.56,288.434191,23.273890,-85.54,41.460569,11636.945069
403,KIWX20200610_094703_V06,-21,0.189,316.64,320.272461,17.332977,-85.60,41.317300,8666.488647
409,KIWX20200610_110833_V06,60,0.281,124.07,210.775299,51.058571,-86.76,41.805433,25529.285431
405,KIWX20200611_103439_V06,26,0.328,283.40,429.399292,5.976631,-85.80,40.825983,2988.315582
406,KIWX20200611_103439_V06,26,0.162,315.15,431.026794,27.941277,-85.61,40.818662,13970.638275
407,KIWX20200611_110244_V06,54,0.167,286.40,430.006775,3.041557,-85.78,40.823262,1520.778656
413,KIWX20200612_102841_V06,20,0.153,334.78,406.776062,3.164352,-85.49,40.927698,1582.176208
413,KIWX20200612_103548_V06,27,0.132,334.90,406.460752,10.023365,-85.49,40.929117,5011.682345
409,KIWX20200612_094556_V06,-23,0.131,399.16,262.938019,2.940887,-85.11,41.573927,1470.443726
410,KIWX20200612_101426_V06,6,0.122,373.83,286.061371,3.211609,-85.26,41.470513,1605.804443
416,KIWX20200612_111833_V06,70,0.158,472.30,369.183655,24.027946,-84.67,41.092555,12013.973236
417,KIWX20200612_111833_V06,70,0.117,28.09,289.172363,32.631966,-87.33,41.445856,16315.982819
418,KIWX20200612_112541_V06,77,0.136,415.10,522.052673,37.370396,-85.02,40.406828,18685.197830
419,KIWX20200613_100411_V06,-4,0.123,344.89,200.000000,3.202713,-85.43,41.858476,1601.356506
419,KIWX20200613_101022_V06,2,-1.000,344.89,200.000000,12.742713,-85.43,41.858476,6371.356506
419,KIWX20200613_101633_V06,8,0.138,350.67,192.150055,15.994228,-85.39,41.893726,7997.113794
424,KIWX20200613_102242_V06,14,0.168,222.60,215.277802,22.958954,-86.17,41.789078,11479.476929
424,KIWX20200613_102853_V06,20,0.160,224.94,208.939210,32.948836,-86.15,41.817668,16474.417776
454,KIWX20200613_113257_V06,84,0.107,343.66,200.159882,3.472900,-85.44,41.857773,1736.450195
454,KIWX20200613_113732_V06,89,0.185,343.41,201.487298,9.258891,-85.44,41.851801,4629.445637
422,KIWX20200613_102242_V06,14,0.183,253.97,229.647430,3.590916,-85.98,41.724997,1795.457840
427,KIWX20200613_102853_V06,20,0.105,364.14,281.593750,6.162903,-85.32,41.490834,3081.451416
435,KIWX20200613_110748_V06,59,0.191,351.09,183.618896,19.428085,-85.39,41.932123,9714.042664
439,KIWX20200613_111238_V06,64,0.273,244.11,229.035095,7.598373,-86.04,41.727596,3799.186707
443,KIWX20200613_111727_V06,69,0.114,409.70,228.894012,7.510971,-85.04,41.726837,3755.485535
444,KIWX20200613_112237_V06,74,0.151,348.03,191.616730,11.053879,-85.41,41.896168,5526.939392
445,KIWX20200613_112237_V06,74,0.148,246.45,219.099731,6.934143,-86.02,41.772362,3467.071533
448,KIWX20200613_112747_V06,79,0.110,187.36,431.781982,6.150635,-86.37,40.813351,3075.317383
434,KIWX20200614_102837_V06,20,0.512,327.55,405.663147,3.658676,-85.54,40.932778,1829.338074
434,KIWX20200614_103546_V06,27,0.110,327.40,405.625410,10.457583,-85.54,40.932949,5228.791277
434,KIWX20200614_104254_V06,34,0.103,326.37,407.076746,12.053671,-85.54,40.926424,6026.835742
429,KIWX20200614_101421_V06,6,0.125,251.64,225.909302,6.467442,-85.99,41.741790,3233.720779
429,KIWX20200614_102129_V06,13,0.131,251.63,226.104285,13.364710,-85.99,41.740912,6682.354912
432,KIWX20200614_102129_V06,13,0.123,272.51,422.780396,3.540215,-85.86,40.855710,1770.107269
432,KIWX20200614_102837_V06,20,0.241,272.47,422.307993,11.071616,-85.86,40.857837,5535.808134
425,KIWX20200614_100237_V06,-6,0.102,313.01,344.023071,5.703365,-85.62,41.210389,2851.682663
426,KIWX20200614_100720_V06,-1,0.219,338.34,297.552277,6.562531,-85.47,41.419401,3281.265259
427,KIWX20200614_101421_V06,6,0.199,330.38,407.976074,6.044563,-85.52,40.922339,3022.281647
428,KIWX20200614_101421_V06,6,0.125,275.00,425.209595,5.868828,-85.85,40.844793,2934.413910
430,KIWX20200614_101421_V06,6,0.105,323.72,409.352539,6.375778,-85.56,40.916198,3187.889099
433,KIWX20200614_102837_V06,20,0.702,196.93,302.076172,3.144814,-86.32,41.397613,1572.406769
436,KIWX20200614_102837_V06,20,0.128,181.84,436.511597,7.327644,-86.40,40.791861,3663.822174
451,KIWX20200615_104436_V06,36,0.154,39.23,280.706726,41.121326,-87.26,41.484882,20560.663223
451,KIWX20200615_105144_V06,43,0.169,40.10,290.118849,53.375817,-87.26,41.442589,26687.908616
435,KIWX20200615_094833_V06,-20,0.112,330.91,277.575256,6.297272,-85.51,41.509416,3148.635864
436,KIWX20200615_100247_V06,-6,0.192,308.08,343.357635,6.133099,-85.65,41.213401,3066.549301
436,KIWX20200615_100956_V06,1,-1.000,308.08,343.357635,17.263099,-85.65,41.213401,8631.549301
436,KIWX20200615_101644_V06,8,0.550,307.42,349.744446,7.430504,-85.66,41.184648,3715.251923
438,KIWX20200615_101644_V06,8,0.159,123.29,240.234894,6.919304,-86.76,41.672786,3459.651947
441,KIWX20200615_102352_V06,15,0.250,277.55,422.539764,3.225815,-85.83,40.856832,1612.907410
441,KIWX20200615_103101_V06,23,-1.000,277.55,422.539764,15.945815,-85.83,40.856832,7972.907410
441,KIWX20200615_103748_V06,29,0.110,276.00,423.788696,5.896957,-85.84,40.851198,2948.478699
443,KIWX20200615_103101_V06,23,0.276,330.47,407.232544,6.160362,-85.52,40.925686,3080.181122
443,KIWX20200615_103748_V06,29,-1.000,330.47,407.232544,15.700362,-85.52,40.925686,7850.181122
443,KIWX20200615_104436_V06,36,0.293,333.83,406.053345,3.154640,-85.50,40.930962,1577.320099
444,KIWX20200615_103101_V06,23,0.136,131.77,290.719788,51.143906,-86.71,41.445988,25571.952820
444,KIWX20200615_103748_V06,29,-1.000,131.77,290.719788,60.683906,-86.71,41.445988,30341.952820
444,KIWX20200615_104436_V06,36,0.254,159.77,312.193726,80.320129,-86.54,41.350662,40160.064697
450,KIWX20200615_104436_V06,36,0.200,329.68,406.066925,3.222137,-85.52,40.930942,1611.068726
447,KIWX20200616_102044_V06,12,0.211,280.16,423.101257,3.179916,-85.82,40.854321,1589.958191
447,KIWX20200616_102737_V06,19,0.114,280.27,423.344644,10.143531,-85.82,40.853226,5071.765367
447,KIWX20200616_103446_V06,26,0.154,279.92,423.393921,3.207809,-85.82,40.853002,1603.904724
451,KIWX20200616_103446_V06,26,0.184,335.65,405.816284,3.255775,-85.49,40.932010,1627.887726
451,KIWX20200616_104143_V06,33,0.585,335.69,405.727509,8.204981,-85.49,40.932409,4102.490613
451,KIWX20200616_104835_V06,40,0.220,335.32,406.027191,3.250053,-85.49,40.931064,1625.026703
451,KIWX20200616_110234_V06,54,0.152,336.72,405.846916,11.844036,-85.48,40.931860,5922.017998
451,KIWX20200616_110937_V06,61,0.214,336.39,406.435120,3.476288,-85.48,40.929216,1738.143921
451,KIWX20200616_111646_V06,68,0.149,336.74,406.256454,11.299287,-85.48,40.930016,5649.643611
451,KIWX20200616_112344_V06,75,0.215,336.26,406.055695,3.344460,-85.48,40.930925,1672.229767
457,KIWX20200616_104835_V06,40,0.127,279.76,423.463684,3.254005,-85.82,40.852687,1627.002716
457,KIWX20200616_110234_V06,54,0.131,280.14,423.258902,10.096584,-85.82,40.853611,5048.291785
462,KIWX20200616_110937_V06,61,0.152,420.96,222.912323,3.206421,-84.97,41.753357,1603.210449
462,KIWX20200616_111646_V06,68,0.113,420.29,224.086423,11.234210,-84.98,41.748097,5617.105061
462,KIWX20200616_112344_V06,75,-1.000,419.69,225.132439,19.600422,-84.98,41.743411,9800.211170
462,KIWX20200616_113037_V06,82,0.394,420.74,223.713409,3.204041,-84.97,41.749760,1602.020264
462,KIWX20200616_113735_V06,89,0.185,420.78,223.629896,9.845879,-84.97,41.750134,4922.939260
443,KIWX20200616_095213_V06,-16,0.587,325.17,287.450134,15.618881,-85.55,41.465011,7809.440613
448,KIWX20200616_102737_V06,19,0.125,251.85,226.467438,6.507233,-85.99,41.739281,3253.616333
448,KIWX20200616_103446_V06,26,-1.000,251.85,226.467438,17.637233,-85.99,41.739281,8818.616333
448,KIWX20200616_104143_V06,33,0.303,254.64,229.129150,3.189213,-85.97,41.727340,1594.606400
448,KIWX20200616_104835_V06,40,-1.000,254.64,229.129150,14.319213,-85.97,41.727340,7159.606400
448,KIWX20200616_110234_V06,54,0.117,255.89,227.351166,6.693531,-85.97,41.735361,3346.765518
448,KIWX20200616_110937_V06,61,-1.000,255.89,227.351166,17.823531,-85.97,41.735361,8911.765518
448,KIWX20200616_111646_V06,68,0.306,254.68,230.025208,3.393730,-85.97,41.723306,1696.865082
450,KIWX20200616_102737_V06,19,0.112,337.91,405.274597,5.943489,-85.47,40.934423,2971.744537
456,KIWX20200616_104835_V06,40,0.160,330.01,66.718750,2.956909,-85.52,42.458602,1478.454590
459,KIWX20200616_110234_V06,54,0.145,250.37,237.024048,7.439102,-86.00,41.691735,3719.551086
459,KIWX20200616_110937_V06,61,-1.000,250.37,237.024048,18.569102,-86.00,41.691735,9284.551086
459,KIWX20200616_111646_V06,68,0.339,250.81,236.710754,6.962730,-86.00,41.693153,3481.365204
463,KIWX20200616_110937_V06,61,0.107,417.54,223.549530,3.456909,-84.99,41.750616,1728.454590
458,KIWX20200617_094845_V06,-20,0.201,407.07,307.712372,6.880051,-85.06,41.372109,3440.025330
458,KIWX20200617_100300_V06,-5,0.744,403.05,303.112780,9.614124,-85.08,41.392947,4807.061803
458,KIWX20200617_101007_V06,2,0.354,408.12,295.747034,13.170948,-85.05,41.425940,6585.473812
453,KIWX20200617_094845_V06,-20,0.627,470.93,253.947784,11.624039,-84.67,41.611373,5812.019348
454,KIWX20200617_094845_V06,-20,0.245,324.82,289.167236,15.397507,-85.55,41.457283,7698.753357
459,KIWX20200617_094845_V06,-20,0.197,372.63,127.549744,10.901108,-85.26,42.184094,5450.553894
466,KIWX20200617_103131_V06,23,0.148,127.95,399.742126,85.981941,-86.72,40.954998,42990.970612
468,KIWX20200617_105252_V06,44,0.184,493.07,357.834473,3.004059,-84.55,41.142474,1502.029419
469,KIWX20200617_110706_V06,59,0.198,421.22,224.089294,2.958130,-84.97,41.748049,1479.064941
460,KIWX20200618_094818_V06,-21,0.570,343.65,278.245148,15.766876,-85.44,41.506253,7883.438110
463,KIWX20200618_100941_V06,0,0.192,190.79,372.224609,6.656631,-86.35,41.081606,3328.315735
464,KIWX20200618_100941_V06,0,0.164,281.96,531.965698,6.263005,-85.81,40.364157,3131.502628
466,KIWX20200618_103812_V06,29,0.131,369.26,139.360291,70.278610,-85.28,42.131007,35139.305115
468,KIWX20200618_105227_V06,43,0.120,335.23,406.702148,3.211113,-85.49,40.928026,1605.556488
470,KIWX20200618_110644_V06,57,0.115,254.98,229.921051,3.433949,-85.97,41.723779,1716.974258
467,KIWX20200619_095116_V06,-18,0.685,329.42,282.912109,16.123505,-85.52,41.485404,8061.752319
467,KIWX20200619_100037_V06,-9,0.249,335.77,279.587447,27.516811,-85.49,41.500307,13758.405744
466,KIWX20200619_095116_V06,-18,0.686,252.33,415.428467,3.165726,-85.98,40.888579,1582.862854
466,KIWX20200619_100037_V06,-9,-1.000,252.33,415.428467,17.475726,-85.98,40.888579,8737.862854
466,KIWX20200619_100519_V06,-4,0.178,262.63,418.323628,21.459070,-85.92,40.875678,10729.535085
473,KIWX20200619_100037_V06,-9,0.758,210.90,445.463440,11.176369,-86.23,40.752480,5588.184357
473,KIWX20200619_100519_V06,-4,0.193,211.56,445.718040,17.920818,-86.22,40.751352,8960.408825
473,KIWX20200619_101000_V06,1,0.129,206.56,444.826172,6.606140,-86.25,40.755228,3303.070068
485,KIWX20200619_102403_V06,15,0.177,228.99,374.374512,7.563232,-86.12,41.072989,3781.616211
485,KIWX20200619_102843_V06,19,-1.000,228.99,374.374512,13.923232,-86.12,41.072989,6961.616211
485,KIWX20200619_103324_V06,24,0.507,234.67,385.126405,17.206167,-86.09,41.024701,8603.083251
490,KIWX20200619_104247_V06,33,0.116,275.91,530.312500,7.314048,-85.84,40.371562,3657.023907
490,KIWX20200619_104742_V06,38,0.164,276.70,530.083240,14.756676,-85.84,40.372600,7378.337848
468,KIWX20200619_095116_V06,-18,0.241,433.25,213.375946,8.063644,-84.90,41.795795,4031.822205
471,KIWX20200619_095116_V06,-18,0.182,283.04,532.487854,6.236401,-85.80,40.361811,3118.200302
477,KIWX20200619_100519_V06,-4,0.599,361.21,531.350830,11.659554,-85.34,40.366405,5829.777241
479,KIWX20200619_100519_V06,-4,0.135,369.65,222.034149,27.035904,-85.28,41.758842,13517.951965
479,KIWX20200619_101000_V06,1,-1.000,369.65,222.034149,34.985904,-85.28,41.758842,17492.951965
479,KIWX20200619_101441_V06,5,0.175,392.29,221.056824,6.514038,-85.15,41.762667,3257.019043
480,KIWX20200619_101000_V06,1,0.183,422.99,251.252075,10.059891,-84.96,41.625707,5029.945374
483,KIWX20200619_101441_V06,5,0.130,357.47,588.745605,5.848289,-85.36,40.108032,2924.144506
484,KIWX20200619_102403_V06,15,0.200,262.82,518.396484,3.107323,-85.92,40.425095,1553.661346
486,KIWX20200619_102403_V06,15,0.154,258.79,366.428253,7.817841,-85.95,41.109280,3908.920288
479,KIWX20200620_095130_V06,-18,0.473,338.43,273.063232,12.007767,-85.47,41.529648,6003.883362
481,KIWX20200620_100545_V06,-4,0.206,236.93,357.368042,11.920425,-86.08,41.149719,5960.212708
481,KIWX20200620_101254_V06,3,-1.000,236.93,357.368042,23.050425,-86.08,41.149719,11525.212708
481,KIWX20200620_102003_V06,11,0.408,246.07,350.068451,12.660812,-86.02,41.182748,6330.406189
482,KIWX20200620_100545_V06,-4,0.120,266.41,532.251465,5.951641,-85.90,40.362748,2975.820541
484,KIWX20200620_101254_V06,3,0.135,178.33,439.272705,6.746025,-86.42,40.779301,3373.012543
485,KIWX20200620_101254_V06,3,0.124,240.04,276.649963,6.415718,-86.06,41.513171,3207.859039
488,KIWX20200620_102003_V06,11,0.301,232.82,348.863556,3.803406,-86.10,41.187924,1901.702881
493,KIWX20200620_110953_V06,60,0.190,260.11,525.294800,6.587322,-85.93,40.394002,3293.661118
495,KIWX20200621_104353_V06,34,0.297,25.73,278.937927,33.394783,-87.34,41.491719,16697.391510
495,KIWX20200621_104813_V06,39,0.231,24.80,278.555751,38.402897,-87.35,41.493359,19201.448709
497,KIWX20200621_104813_V06,39,0.149,500.38,527.903870,36.642265,-84.52,40.376394,18321.132660
497,KIWX20200621_105233_V06,43,0.141,502.40,526.983009,41.484361,-84.51,40.380416,20742.180502
502,KIWX20200621_111001_V06,61,0.120,257.87,227.972778,6.063107,-85.95,41.732589,3031.553268
502,KIWX20200621_111422_V06,65,0.193,257.98,227.985430,11.070354,-85.95,41.732534,5535.177239
486,KIWX20200621_094313_V06,-26,0.392,386.57,239.121338,28.737625,-85.18,41.681508,14368.812561
487,KIWX20200621_094733_V06,-22,0.103,407.66,208.279846,12.102020,-85.05,41.819702,6051.010132
488,KIWX20200621_095153_V06,-18,0.141,272.34,395.987885,29.423851,-85.86,40.976339,14711.925507
488,KIWX20200621_100034_V06,-9,0.229,269.53,405.443237,25.752373,-85.88,40.933742,12876.186371
489,KIWX20200621_100034_V06,-9,0.518,335.69,279.559174,15.916687,-85.49,41.500436,7958.343506
494,KIWX20200621_102214_V06,13,0.116,248.03,341.137146,3.162655,-86.01,41.222990,1581.327438
496,KIWX20200621_104353_V06,34,0.106,521.74,284.650330,42.397667,-84.37,41.470063,21198.833466
498,KIWX20200621_110121_V06,52,0.427,134.03,245.281586,3.376884,-86.70,41.650644,1688.442230
499,KIWX20200621_110121_V06,52,0.213,412.62,368.573914,36.497822,-85.03,41.097925,18248.910904
500,KIWX20200621_110121_V06,52,0.211,431.19,248.779297,14.138565,-84.91,41.636513,7069.282532
501,KIWX20200621_110121_V06,52,0.151,129.21,245.565460,3.417810,-86.73,41.649112,1708.905220
503,KIWX20200621_111422_V06,65,0.226,412.01,240.863251,56.178513,-85.03,41.672876,28089.256287
503,KIWX20200621_111841_V06,69,0.146,391.73,257.510193,73.727066,-85.15,41.598583,36863.533020
541,KIWX20200622_111719_V06,68,0.247,416.47,228.443115,3.626907,-85.00,41.728627,1813.453674
541,KIWX20200622_112420_V06,75,0.757,417.05,226.329366,7.095635,-85.00,41.738121,3547.817293
541,KIWX20200622_113121_V06,82,0.129,419.57,228.058803,10.742876,-84.98,41.730243,5371.438237
504,KIWX20200622_100338_V06,-6,0.729,390.50,215.742493,11.343307,-85.16,41.786641,5671.653748
504,KIWX20200622_100808_V06,-1,0.346,390.11,215.418368,16.702283,-85.16,41.788111,8351.141426
509,KIWX20200622_100808_V06,-1,0.107,266.75,527.009399,14.369350,-85.90,40.386355,7184.675217
509,KIWX20200622_101239_V06,3,0.166,267.17,527.363403,19.545538,-85.89,40.384766,9772.769028
510,KIWX20200622_101239_V06,3,0.471,374.48,124.643280,16.722366,-85.25,42.197134,8361.183167
510,KIWX20200622_101708_V06,8,0.580,377.64,124.973828,21.737915,-85.23,42.195570,10868.957323
519,KIWX20200622_103110_V06,22,0.753,333.82,406.334808,3.459892,-85.50,40.929695,1729.946136
519,KIWX20200622_103539_V06,26,0.180,333.94,406.371924,8.489282,-85.50,40.929527,4244.641195
519,KIWX20200622_104009_V06,31,0.104,334.60,406.335632,3.328171,-85.49,40.929683,1664.085388
519,KIWX20200622_104440_V06,35,-1.000,334.60,406.335632,9.688171,-85.49,40.929683,4844.085388
519,KIWX20200622_104910_V06,40,0.727,334.59,405.324524,3.276077,-85.49,40.934236,1638.038635
530,KIWX20200622_104009_V06,31,0.105,415.78,224.499908,3.334534,-85.00,41.746403,1667.266846
530,KIWX20200622_104440_V06,35,0.302,416.11,224.498773,8.259005,-85.00,41.746396,4129.502457
530,KIWX20200622_104910_V06,40,0.213,416.13,224.643005,3.506134,-85.00,41.745746,1753.067017
530,KIWX20200622_110314_V06,54,0.413,416.97,224.652027,10.650342,-85.00,41.745675,5325.171189
543,KIWX20200622_111719_V06,68,0.108,334.78,406.222382,3.243492,-85.49,40.930191,1621.746063
543,KIWX20200622_112420_V06,75,0.123,334.73,406.276662,10.174067,-85.49,40.929947,5087.033437
543,KIWX20200622_113121_V06,82,0.125,334.24,406.185303,3.237190,-85.50,40.930364,1618.595123
500,KIWX20200622_094325_V06,-26,0.743,269.50,527.367249,15.685894,-85.88,40.384771,7842.947006
500,KIWX20200622_094746_V06,-22,-1.000,269.50,527.367249,22.045894,-85.88,40.384771,11022.947006
500,KIWX20200622_095207_V06,-17,0.370,270.39,528.280090,15.026527,-85.87,40.380668,7513.263702
503,KIWX20200622_095207_V06,-17,0.125,304.87,375.013855,3.178268,-85.67,41.070884,1589.134216
505,KIWX20200622_100338_V06,-6,0.162,384.17,141.709900,29.978195,-85.19,42.120069,14989.097595
506,KIWX20200622_100338_V06,-6,0.106,201.90,232.580658,7.148186,-86.29,41.710618,3574.092865
507,KIWX20200622_100808_V06,-1,0.174,187.50,473.397217,6.347174,-86.36,40.625990,3173.586845
511,KIWX20200622_101239_V06,3,0.226,304.79,337.918182,6.408794,-85.67,41.237896,3204.397202
515,KIWX20200622_101708_V06,8,0.379,335.17,407.675232,3.269913,-85.49,40.923646,1634.956360
516,KIWX20200622_101708_V06,8,0.137,152.32,476.729065,7.115768,-86.57,40.609590,3557.884216
518,KIWX20200622_102410_V06,15,0.189,147.26,526.072205,7.274757,-86.60,40.387197,3637.378693
521,KIWX20200622_103110_V06,22,0.322,266.86,526.847778,8.151199,-85.90,40.387084,4075.599670
523,KIWX20200622_103110_V06,22,0.192,389.60,438.316864,11.112503,-85.17,40.784643,5556.251526
523,KIWX20200622_103539_V06,26,0.267,390.75,438.986938,3.639816,-85.16,40.781595,1819.908142
524,KIWX20200622_103110_V06,22,0.182,416.02,229.128143,3.531845,-85.00,41.725560,1765.922546
528,KIWX20200622_103539_V06,26,0.174,403.39,298.648407,6.082748,-85.08,41.413034,3041.374207
529,KIWX20200622_103539_V06,26,0.141,281.76,531.828247,6.485790,-85.81,40.364774,3242.895126
537,KIWX20200622_104910_V06,40,0.131,329.91,404.897888,3.445442,-85.52,40.936203,1722.721100
542,KIWX20200622_111719_V06,68,0.197,85.61,459.314941,15.507357,-86.97,40.684298,7753.678322
544,KIWX20200622_112420_V06,75,0.247,273.32,528.989563,16.170818,-85.86,40.377499,8085.409164
537,KIWX20200623_103256_V06,22,0.168,331.42,408.456970,6.696381,-85.51,40.920164,3348.190308
537,KIWX20200623_103849_V06,28,0.123,331.42,408.265817,13.162970,-85.51,40.921025,6581.484951
537,KIWX20200623_104443_V06,34,-1.000,331.42,408.101972,20.068618,-85.51,40.921763,10034.308931
537,KIWX20200623_105038_V06,40,0.110,338.54,409.026855,6.051971,-85.47,40.917522,3025.985718
540,KIWX20200623_104443_V06,34,0.236,391.47,366.166931,3.346519,-85.16,41.109427,1673.259735
540,KIWX20200623_105038_V06,40,0.546,391.29,365.926916,8.412214,-85.16,41.110513,4206.107031
524,KIWX20200623_100322_V06,-7,0.700,477.30,256.543060,11.231766,-84.64,41.599344,5615.882874
525,KIWX20200623_100322_V06,-7,0.334,161.16,177.485138,14.001610,-86.54,41.957114,7000.804901
526,KIWX20200623_100322_V06,-7,0.221,430.42,225.664215,28.798874,-84.92,41.740597,14399.436951
527,KIWX20200623_100322_V06,-7,0.128,398.88,249.428528,3.250122,-85.11,41.634751,1625.061035
529,KIWX20200623_100916_V06,-1,0.187,282.27,336.706360,18.364883,-85.81,41.243307,9182.441711
530,KIWX20200623_102105_V06,11,0.203,420.98,224.380737,2.988205,-84.97,41.746746,1494.102478
531,KIWX20200623_102105_V06,11,0.151,180.91,482.679291,45.391518,-86.40,40.583965,22695.758820
531,KIWX20200623_102701_V06,17,0.262,186.30,467.349121,33.759026,-86.37,40.653179,16879.512787
532,KIWX20200623_102105_V06,11,0.136,417.58,225.748352,3.273178,-84.99,41.740717,1636.589050
538,KIWX20200623_103256_V06,22,0.155,335.83,345.506927,3.330612,-85.49,41.203536,1665.306091
537,KIWX20200624_101527_V06,5,0.543,335.18,407.544067,3.292107,-85.49,40.924236,1646.053314
537,KIWX20200624_102406_V06,14,0.531,335.26,406.913148,8.306441,-85.49,40.927076,4153.220583
537,KIWX20200624_103246_V06,22,0.160,336.77,406.821991,3.163414,-85.48,40.927470,1581.707001
535,KIWX20200624_094051_V06,-30,0.115,28.77,308.627838,28.476389,-87.32,41.358347,14238.194466
536,KIWX20200624_100647_V06,-4,0.163,307.81,374.690430,6.546944,-85.65,41.072335,3273.471832
539,KIWX20200624_103246_V06,22,0.287,383.73,245.675293,3.094238,-85.20,41.652079,1547.119141
541,KIWX20200624_103246_V06,22,0.107,280.39,424.148743,3.024048,-85.82,40.849606,1512.023926
542,KIWX20200624_104125_V06,31,0.135,270.63,524.078308,11.232407,-85.87,40.399590,5616.203308
542,KIWX20200624_105004_V06,40,-1.000,270.63,524.078308,25.542407,-85.87,40.399590,12771.203308
542,KIWX20200624_110724_V06,57,0.451,269.85,522.329346,11.508972,-85.88,40.407458,5754.486084
543,KIWX20200624_105004_V06,40,0.110,365.89,204.809357,32.750748,-85.30,41.836461,16375.373840
542,KIWX20200625_094746_V06,-23,0.757,202.02,277.845337,3.498581,-86.29,41.506854,1749.290466
542,KIWX20200625_100151_V06,-9,0.174,202.06,300.308754,13.234695,-86.29,41.405730,6617.347512
549,KIWX20200625_100852_V06,-2,0.271,203.74,209.827484,12.329346,-86.28,41.813099,6164.672852
549,KIWX20200625_101554_V06,5,0.301,202.53,208.814017,18.175425,-86.29,41.817625,9087.712561
553,KIWX20200625_101554_V06,5,0.617,270.57,523.411133,11.539963,-85.87,40.402594,5769.981384
553,KIWX20200625_102256_V06,12,0.300,270.80,525.104346,19.089158,-85.87,40.394972,9544.579048
559,KIWX20200625_105101_V06,41,0.264,423.65,529.440491,10.313088,-84.97,40.373253,5156.544209
559,KIWX20200625_110506_V06,55,0.365,427.68,529.571155,16.050147,-84.95,40.372511,8025.073668
561,KIWX20200625_112612_V06,76,0.223,477.89,392.453979,10.971092,-84.64,40.987494,5485.546112
561,KIWX20200625_113313_V06,83,-1.000,477.89,392.453979,22.101092,-84.64,40.987494,11050.546112
561,KIWX20200625_114015_V06,90,0.218,476.47,376.543303,28.273103,-84.65,41.059199,14136.551459
545,KIWX20200625_100151_V06,-9,0.433,136.79,324.990906,18.570368,-86.67,41.291971,9285.183907
546,KIWX20200625_100151_V06,-9,0.218,349.67,295.615295,10.808762,-85.40,41.427966,5404.380798
547,KIWX20200625_100151_V06,-9,0.107,192.49,381.707275,12.815353,-86.34,41.038971,6407.676697
548,KIWX20200625_100852_V06,-2,0.511,252.86,475.239075,6.811518,-85.98,40.619290,3405.758858
550,KIWX20200625_100852_V06,-2,0.181,262.67,385.192444,3.072037,-85.92,41.024846,1536.018372
551,KIWX20200625_100852_V06,-2,0.163,206.97,439.615234,3.080437,-86.25,40.778702,1540.218353
555,KIWX20200625_102256_V06,12,0.195,189.97,380.582581,7.450127,-86.35,41.043949,3725.063324
555,KIWX20200625_102956_V06,19,-1.000,189.97,380.582581,18.580127,-86.35,41.043949,9290.063324
555,KIWX20200625_103658_V06,26,0.136,189.73,382.704163,11.940628,-86.36,41.034390,5970.314026
562,KIWX20200625_113313_V06,83,0.149,179.51,445.953552,6.293037,-86.41,40.749266,3146.518707
563,KIWX20200625_113313_V06,83,0.128,186.55,294.323242,6.545395,-86.38,41.432165,3272.697449
562,KIWX20200626_100219_V06,-9,0.177,397.24,141.730927,30.291153,-85.11,42.119600,15145.576477
562,KIWX20200626_100648_V06,-5,0.711,397.10,141.937472,34.030793,-85.11,42.118675,17015.396333
562,KIWX20200626_101118_V06,0,0.792,398.52,138.635620,32.743159,-85.10,42.133494,16371.579665
562,KIWX20200626_101548_V06,4,0.449,396.45,137.398737,31.416074,-85.12,42.139125,15708.037116
556,KIWX20200626_094115_V06,-30,0.765,269.92,528.926636,15.131999,-85.88,40.377753,7565.999508
556,KIWX20200626_094817_V06,-23,0.823,270.35,527.171871,17.925302,-85.87,40.385658,8962.651009
560,KIWX20200626_100219_V06,-9,0.189,319.77,203.844269,6.665024,-85.58,41.841425,3332.511902
560,KIWX20200626_100648_V06,-5,0.108,320.39,204.939694,11.841797,-85.58,41.836490,5920.898519
569,KIWX20200626_100648_V06,-5,0.149,179.42,441.748291,6.558113,-86.41,40.768196,3279.056549
569,KIWX20200626_101118_V06,0,0.171,179.39,440.462826,13.217740,-86.41,40.773982,6608.870218
569,KIWX20200626_101548_V06,4,0.162,177.86,437.145447,6.406113,-86.42,40.788861,3203.056335
568,KIWX20200626_100648_V06,-5,0.195,84.40,352.078064,3.056713,-86.98,41.166964,1528.356552
568,KIWX20200626_101118_V06,0,-1.000,84.40,352.078064,11.006713,-86.98,41.166964,5503.356552
568,KIWX20200626_101548_V06,4,0.121,79.98,362.111199,14.802271,-87.01,41.121503,7401.135309
570,KIWX20200626_100648_V06,-5,0.120,191.89,496.743103,3.394459,-86.34,40.521023,1697.229385
570,KIWX20200626_101118_V06,0,-1.000,191.89,496.743103,11.344459,-86.34,40.521023,5672.229385
570,KIWX20200626_101548_V06,4,-1.000,191.89,496.743103,17.704459,-86.34,40.521023,8852.229385
570,KIWX20200626_102018_V06,9,0.121,202.92,489.974811,20.271273,-86.27,40.551842,10135.636331
570,KIWX20200626_102447_V06,13,0.101,213.24,494.592010,10.356461,-86.21,40.531343,5178.230286
590,KIWX20200626_102447_V06,13,0.217,214.28,166.526611,7.084663,-86.22,42.008318,3542.331696
590,KIWX20200626_102915_V06,18,0.113,215.12,165.764707,12.924476,-86.21,42.011771,6462.238061
596,KIWX20200626_103815_V06,27,0.149,429.15,528.866577,10.538274,-84.94,40.375626,5269.136906
596,KIWX20200626_104245_V06,31,-1.000,429.15,528.866577,16.898274,-84.94,40.375626,8449.136906
596,KIWX20200626_104715_V06,36,0.100,429.34,521.156128,20.557599,-84.94,40.410335,10278.799612
606,KIWX20200626_110513_V06,54,0.421,420.15,531.352478,6.086020,-84.99,40.364774,3043.010235
606,KIWX20200626_110942_V06,58,0.191,421.49,531.563484,11.222460,-84.98,40.363775,5611.229824
606,KIWX20200626_111411_V06,63,0.181,426.99,531.438843,6.626453,-84.95,40.364128,3313.226700
606,KIWX20200626_111842_V06,67,0.138,425.51,530.997434,11.724817,-84.96,40.366173,5862.408684
613,KIWX20200626_111842_V06,67,0.117,98.14,306.817505,7.061531,-86.91,41.371590,3530.765533
613,KIWX20200626_112313_V06,72,0.156,98.99,307.132145,13.798657,-86.90,41.370227,6899.328377
559,KIWX20200626_100219_V06,-9,0.282,258.23,165.569489,11.371506,-85.95,42.013509,5685.752869
561,KIWX20200626_100219_V06,-9,0.183,126.69,291.465607,6.924849,-86.74,41.442360,3462.424278
563,KIWX20200626_100219_V06,-9,0.161,227.77,391.309296,6.994873,-86.13,40.996717,3497.436523
564,KIWX20200626_100219_V06,-9,0.136,360.63,532.227783,5.904614,-85.34,40.362467,2952.307224
566,KIWX20200626_100219_V06,-9,0.108,232.54,396.896729,6.762222,-86.10,40.971664,3381.111145
577,KIWX20200626_101548_V06,4,0.316,361.72,529.456482,11.704783,-85.34,40.374926,5852.391720
580,KIWX20200626_101548_V06,4,0.226,186.32,508.954376,6.210506,-86.37,40.465853,3105.253220
582,KIWX20200626_101548_V06,4,0.127,121.09,434.903076,6.310867,-86.76,40.796336,3155.433655
584,KIWX20200626_102018_V06,9,0.384,81.40,460.088928,11.676327,-86.99,40.680534,5838.163376
587,KIWX20200626_102447_V06,13,0.423,84.44,327.660278,2.966000,-86.99,41.276881,1482.999802
588,KIWX20200626_102447_V06,13,0.287,79.59,332.477234,3.786552,-87.02,41.254871,1893.276215
589,KIWX20200626_102447_V06,13,0.276,80.99,328.830292,3.505024,-87.01,41.271383,1752.511978
599,KIWX20200626_104245_V06,31,0.167,335.96,453.699585,3.191887,-85.49,40.716415,1595.943451
602,KIWX20200626_105144_V06,40,0.742,101.08,373.971375,3.298641,-86.88,41.069477,1649.320602
608,KIWX20200626_110942_V06,58,0.128,464.57,361.573090,18.894512,-84.72,41.127218,9447.256088
608,KIWX20200626_111411_V06,63,0.142,463.12,359.351868,15.815758,-84.73,41.137291,7907.878876
609,KIWX20200626_110942_V06,58,0.107,73.27,435.797241,6.517471,-87.04,40.789336,3258.735657
615,KIWX20200626_112313_V06,72,0.112,347.06,201.980621,6.232834,-85.42,41.849528,3116.416931
616,KIWX20200626_112743_V06,76,0.254,478.96,371.707703,32.406380,-84.64,41.080831,16203.189850
617,KIWX20200626_112743_V06,76,0.153,473.30,174.439484,6.354858,-84.65,41.969130,3177.429199
587,KIWX20200627_100734_V06,-4,0.109,339.22,296.721405,5.939117,-85.47,41.423131,2969.558716
593,KIWX20200627_111227_V06,61,0.124,336.65,181.881958,3.062958,-85.48,41.940141,1531.478882
590,KIWX20200628_113306_V06,82,0.137,416.52,223.964203,3.020309,-85.00,41.748787,1510.154724
590,KIWX20200628_113736_V06,86,0.181,416.78,224.473887,8.679370,-85.00,41.746483,4339.685141
588,KIWX20200628_100938_V06,-2,0.126,326.44,292.213531,19.510773,-85.54,41.443556,9755.386353
589,KIWX20200628_102547_V06,14,0.137,251.48,342.391571,5.935093,-85.99,41.217396,2967.546463
590,KIWX20200629_094323_V06,-29,0.152,369.03,244.234314,6.836304,-85.29,41.658917,3418.151855
590,KIWX20200629_095025_V06,-22,-1.000,369.03,244.234314,17.966304,-85.29,41.658917,8983.151855
590,KIWX20200629_100428_V06,-8,0.377,329.44,287.285515,24.287329,-85.52,41.465715,12143.664379
591,KIWX20200629_095025_V06,-22,0.497,456.34,307.878571,6.250732,-84.77,41.369345,3125.366211
593,KIWX20200629_100428_V06,-8,0.363,372.23,118.942200,11.240356,-85.26,42.222848,5620.178223
593,KIWX20200629_101129_V06,-1,0.217,373.21,126.456726,7.672745,-85.26,42.189001,3836.372375
596,KIWX20200629_100428_V06,-8,0.122,531.30,277.144928,6.820251,-84.31,41.503171,3410.125732
598,KIWX20200629_101129_V06,-1,0.157,416.93,219.035980,39.997971,-85.00,41.770957,19998.985291
598,KIWX20200629_101829_V06,6,0.168,388.56,220.701935,6.997040,-85.17,41.764370,3498.519897
600,KIWX20200629_103232_V06,20,0.331,415.35,85.156799,6.377800,-85.00,42.373640,3188.899994
601,KIWX20200629_103232_V06,20,0.181,329.51,59.504517,3.090240,-85.52,42.491079,1545.120239
606,KIWX20200630_101549_V06,3,0.116,371.39,125.740326,15.529846,-85.27,42.192267,7764.923096
606,KIWX20200630_102102_V06,9,0.275,369.15,126.823554,21.752753,-85.28,42.187441,10876.376601
618,KIWX20200630_112615_V06,74,0.124,285.75,171.036469,7.929993,-85.79,41.989142,3964.996338
618,KIWX20200630_113213_V06,80,0.618,283.65,171.505269,14.032326,-85.80,41.987022,7016.162910
619,KIWX20200630_113213_V06,80,0.204,329.57,347.488312,6.067028,-85.52,41.194679,3033.514023
619,KIWX20200630_113810_V06,86,0.224,328.90,347.683307,12.411053,-85.53,41.193807,6205.526253
597,KIWX20200630_094556_V06,-27,0.349,532.15,412.917175,6.329292,-84.32,40.891953,3164.646149
598,KIWX20200630_095055_V06,-22,0.156,20.53,191.530060,2.740804,-87.38,41.884656,1370.401859
599,KIWX20200630_095055_V06,-22,0.126,409.35,162.651733,7.085037,-85.04,42.025035,3542.518616
601,KIWX20200630_100052_V06,-12,0.433,22.38,242.585144,31.673275,-87.37,41.655043,15836.637497
603,KIWX20200630_100052_V06,-12,0.138,523.67,507.675385,29.894482,-84.38,40.465962,14947.240829
604,KIWX20200630_100550_V06,-7,0.189,379.53,121.547333,11.386642,-85.22,42.210947,5693.321228
605,KIWX20200630_100550_V06,-7,0.131,440.06,310.444946,6.551498,-84.86,41.358541,3275.749207
607,KIWX20200630_102102_V06,9,0.165,367.94,222.195374,31.198730,-85.29,41.758153,15599.365234
608,KIWX20200630_102102_V06,9,0.113,430.54,338.614594,6.528255,-84.92,41.232127,3264.127731
610,KIWX20200630_105113_V06,39,0.105,222.36,340.091187,10.183914,-86.16,41.227184,5091.957092
614,KIWX20200630_110822_V06,56,0.119,85.14,569.448120,11.181673,-86.96,40.188439,5590.836525
617,KIWX20200630_112017_V06,68,0.138,542.92,528.529480,29.669804,-84.27,40.370711,14834.901810
