track_id,filename,from_sunrise,det_score,x,y,r,lon,lat,radius
352,KDOX20100901_100415_V04,-27,1.000,386.185,198.043,10.092894166515745,43092.5,-50478.5,5046.447083257873
353,KDOX20100901_100415_V04,-27,1.000,176.965,177.2,9.544392925608843,-61517.5,-60900.0,4772.196462804422
352,KDOX20100901_100959_V04,-21,1.000,388.998,198.445,15.142839783355225,44499.0,-50277.5,7571.419891677611
353,KDOX20100901_100959_V04,-21,1.000,176.965,177.2,11.716778448314791,-61517.5,-60900.0,5858.389224157396
352,KDOX20100901_101545_V04,-15,1.000,390.203,200.856,21.206169787059675,45101.5,-49072.0,10603.084893529838
353,KDOX20100901_101545_V04,-15,1.000,183.395,181.219,15.421751387371053,-58302.5,-58890.5,7710.875693685526
353,KDOX20100901_102129_V04,-10,1.000,183.395,177.60199999999998,21.41715334442653,-58302.5,-60699.0,10708.576672213263
353,KDOX20100901_102715_V04,-4,1.000,183.395,177.60199999999998,25.610303887638793,-58302.5,-60699.0,12805.151943819395
353,KDOX20100901_103258_V04,2,1.000,183.395,177.60199999999998,28.812922809778026,-58302.5,-60699.0,14406.461404889013
245,KDOX20100902_101009_V04,-22,1.000,390.209,190.58100000000002,13.457196805946568,45104.5,-54209.5,6728.598402973285
246,KDOX20100902_101009_V04,-22,1.000,192.838,168.99400000000003,20.37378273716518,-53581.0,-65003.0,10186.891368582588
247,KDOX20100902_101009_V04,-22,1.000,240.99,393.97900000000004,15.976363647751858,-29505.0,47489.5,7988.181823875929
354,KDOX20100902_101009_V04,-22,1.000,398.696,198.993,11.964299704727745,49348.0,-50003.5,5982.149852363874
245,KDOX20100902_101949_V04,-12,1.000,394.209,184.58100000000002,21.256276955387484,47104.5,-57209.5,10628.138477693741
246,KDOX20100902_101949_V04,-12,1.000,195.427,171.788,27.30524108686355,-52286.5,-63606.0,13652.620543431776
247,KDOX20100902_101949_V04,-12,1.000,246.99,394.97900000000004,25.26529080475316,-26505.0,47989.5,12632.645402376582
354,KDOX20100902_101949_V04,-12,1.000,403.161,196.481,18.939122410851827,51580.5,-51259.5,9469.561205425913
245,KDOX20100902_102929_V04,-3,1.000,397.209,176.58100000000002,24.86785049997144,48604.5,-61209.5,12433.925249985723
246,KDOX20100902_102929_V04,-3,1.000,197.034,173.798,34.29333240353393,-51483.0,-62601.0,17146.666201766966
247,KDOX20100902_102929_V04,-3,1.000,243.99,404.97900000000004,31.002327757794067,-28005.0,52989.5,15501.16387889703
246,KDOX20100902_103910_V04,7,1.000,199.847,171.788,43.54060154249351,-50076.5,-63606.0,21770.300771246755
355,KDOX20100903_101116_V04,-22,1.000,377.211,199.61399999999998,4.842986115760364,38605.5,-49693.0,2421.493057880182
355,KDOX20100903_101652_V04,-16,1.000,374.398,202.02499999999998,9.559460016623662,37199.0,-48487.5,4779.730008311831
356,KDOX20100903_101652_V04,-16,1.000,169.272,185.39999999999998,9.986026836368707,-65364.0,-56800.0,4993.013418184353
357,KDOX20100903_101652_V04,-16,1.000,280.41,156.457,5.513236282800292,-9795.0,-71271.5,2756.6181414001458
355,KDOX20100903_102227_V04,-11,1.000,369.575,203.632,16.535945705673402,34787.5,-47684.0,8267.972852836701
356,KDOX20100903_102227_V04,-11,1.000,169.272,185.39999999999998,15.108281234719097,-65364.0,-56800.0,7554.140617359549
357,KDOX20100903_102227_V04,-11,1.000,279.015,155.899,8.661084464985871,-10492.5,-71550.5,4330.542232492936
355,KDOX20100903_102803_V04,-5,1.000,367.566,205.24,17.41746463127054,33783.0,-46880.0,8708.732315635269
356,KDOX20100903_102803_V04,-5,1.000,167.536,190.02999999999997,19.660821550888166,-66232.0,-54485.0,9830.410775444085
357,KDOX20100903_102803_V04,-5,1.000,279.015,155.899,14.421170274027007,-10492.5,-71550.5,7210.585137013505
355,KDOX20100903_103338_V04,1,1.000,366.36,206.84699999999998,19.7842392424421,33180.0,-46076.5,9892.11962122105
356,KDOX20100903_103338_V04,1,1.000,167.536,190.02999999999997,26.788956692036376,-66232.0,-54485.0,13394.478346018188
357,KDOX20100903_103338_V04,1,1.000,277.899,156.457,19.256768947354935,-11050.5,-71271.5,9628.384473677468
355,KDOX20100903_103914_V04,6,1.000,363.547,207.651,26.16954345985484,31773.5,-45674.5,13084.771729927417
356,KDOX20100903_103914_V04,6,1.000,164.063,188.872,29.63790027802991,-67968.5,-55064.0,14818.950139014954
357,KDOX20100903_103914_V04,6,1.000,275.945,158.69,24.992229198315137,-12027.5,-70155.0,12496.11459915757
355,KDOX20100903_104450_V04,12,1.000,361.939,211.26799999999997,30.322428848439113,30969.5,-43866.0,15161.214424219555
356,KDOX20100903_104450_V04,12,1.000,160.591,195.817,37.67949537050919,-69704.5,-51591.5,18839.74768525459
357,KDOX20100903_104450_V04,12,1.000,272.596,161.76,33.05529045178904,-13702.0,-68620.0,16527.64522589452
356,KDOX20100903_105024_V04,17,1.000,157.697,199.868,45.578961922689636,-71151.5,-49566.0,22789.48096134482
356,KDOX20100903_105600_V04,23,1.000,155.961,198.711,48.24740459370834,-72019.5,-50144.5,24123.70229685417
365,KDOX20100904_100751_V04,-26,1.000,391.502,209.731,11.844773398608426,45751.0,-44634.5,5922.386699304212
366,KDOX20100904_100751_V04,-26,1.000,387.758,200.99,4.881370718353759,43879.0,-49005.0,2440.6853591768795
368,KDOX20100904_100751_V04,-26,1.000,241.007,404.98900000000003,12.294776189794502,-29496.5,52994.5,6147.388094897253
365,KDOX20100904_101730_V04,-17,1.000,408.783,217.769,19.94490761263867,54391.5,-40615.5,9972.453806319336
366,KDOX20100904_101730_V04,-17,1.000,393.384,200.18599999999998,10.43316474304284,46692.0,-49407.0,5216.582371521419
367,KDOX20100904_101730_V04,-17,1.000,296.632,152.79399999999998,10.59031446384886,-1684.0,-73103.0,5295.157231924431
368,KDOX20100904_101730_V04,-17,1.000,246.03,410.571,17.09671274901427,-26985.0,55785.5,8548.356374507135
370,KDOX20100904_101730_V04,-17,1.000,327.198,286.988,4.973625679133923,13599.0,-6006.0,2486.8128395669614
365,KDOX20100904_102712_V04,-7,1.000,417.222,223.79700000000003,38.13189479259519,58611.0,-37601.5,19065.947396297594
366,KDOX20100904_102712_V04,-7,1.000,400.216,205.00900000000001,20.52222160329991,50108.0,-46995.5,10261.110801649955
367,KDOX20100904_102712_V04,-7,1.000,306.344,157.147,19.509589146642547,3172.0,-70926.5,9754.794573321275
368,KDOX20100904_102712_V04,-7,1.000,251.238,414.302,21.033424017626725,-24381.0,57651.0,10516.712008813362
369,KDOX20100904_102712_V04,-7,1.000,239.445,352.05,10.306488240354854,-30277.5,26525.0,5153.244120177427
370,KDOX20100904_102712_V04,-7,1.000,328.872,300.105,17.01090406207934,14436.0,552.50000000001,8505.452031039673
366,KDOX20100904_103652_V04,3,1.000,402.627,208.224,26.529979215569163,51313.5,-45388.0,13264.989607784582
367,KDOX20100904_103652_V04,3,1.000,318.065,157.81599999999997,31.34220311780008,9032.5,-70592.0,15671.10155890004
368,KDOX20100904_103652_V04,3,1.000,262.812,415.46000000000004,28.853155164563567,-18594.0,58230.0,14426.577582281785
369,KDOX20100904_103652_V04,3,1.000,247.818,359.86400000000003,17.0838102517547,-26091.0,30432.0,8541.905125877349
358,KDOX20100905_101005_V04,-24,1.000,385.03,197.599,8.11657480588614,42515.0,-50700.5,4058.28740294307
359,KDOX20100905_101005_V04,-24,1.000,397.571,210.365,16.486415813162704,48785.5,-44317.5,8243.207906581352
360,KDOX20100905_101005_V04,-24,1.000,289.277,152.36,4.447747097748863,-5361.5,-73320.0,2223.8735488744314
362,KDOX20100905_101005_V04,-24,1.000,202.551,199.76,29.539141727760214,-48724.5,-49620.0,14769.570863880106
363,KDOX20100905_101005_V04,-24,1.000,238.569,408.005,17.45560720159606,-30715.5,54502.5,8727.803600798028
358,KDOX20100905_101947_V04,-14,1.000,387.821,197.878,13.754286857925619,43910.5,-50561.0,6877.14342896281
359,KDOX20100905_101947_V04,-14,1.000,406.83,210.94400000000002,29.785373558828578,53415.0,-44028.0,14892.686779414289
360,KDOX20100905_101947_V04,-14,1.000,292.055,150.971,7.527276565235955,-3972.5,-74014.5,3763.6382826179774
361,KDOX20100905_101947_V04,-14,1.000,471.135,126.31799999999998,9.12053927914698,85567.5,-86341.0,4560.26963957349
362,KDOX20100905_101947_V04,-14,1.000,208.82,202.654,35.077532557602495,-45590.0,-48173.0,17538.76627880125
363,KDOX20100905_101947_V04,-14,1.000,239.373,411.22,18.400095941527113,-30313.5,56110.0,9200.047970763557
364,KDOX20100905_101947_V04,-14,1.000,232.373,353.706,6.699714873242265,-33813.5,27353.0,3349.8574366211333
358,KDOX20100905_102930_V04,-5,1.000,390.054,194.52999999999997,18.705076690372977,45027.0,-52235.0,9352.538345186485
359,KDOX20100905_102930_V04,-5,1.000,419.909,214.995,47.707304516852275,59954.5,-42002.5,23853.652258426133
360,KDOX20100905_102930_V04,-5,1.000,299.694,152.36,16.051709484532605,-152.99999999999,-73320.0,8025.854742266304
361,KDOX20100905_102930_V04,-5,1.000,482.388,127.92599999999999,15.63433519354069,91194.0,-85537.0,7817.167596770344
362,KDOX20100905_102930_V04,-5,1.000,213.643,203.13600000000002,41.73054285020374,-43178.5,-47932.0,20865.27142510187
363,KDOX20100905_102930_V04,-5,1.000,240.177,414.033,26.310450234869474,-29911.5,57516.5,13155.225117434735
364,KDOX20100905_102930_V04,-5,1.000,237.257,353.706,11.927965833154973,-31371.5,27353.0,5963.982916577485
358,KDOX20100905_103912_V04,5,1.000,390.333,197.60000000000002,26.713543952944303,45166.5,-50700.0,13356.771976472151
359,KDOX20100905_103912_V04,5,1.000,428.937,214.995,58.58594717418293,64468.5,-42002.5,29292.973587091463
360,KDOX20100905_103912_V04,5,1.000,306.639,158.61,22.59081870710145,3319.5,-70195.0,11295.409353550725
361,KDOX20100905_103912_V04,5,1.000,487.211,128.32799999999997,22.510612374056965,93605.5,-85336.0,11255.306187028482
362,KDOX20100905_103912_V04,5,1.000,217.501,201.68900000000002,51.30034276602812,-41249.5,-48655.5,25650.17138301406
363,KDOX20100905_103912_V04,5,1.000,243.794,413.22900000000004,34.66626445421791,-28103.0,57114.5,17333.13222710896
364,KDOX20100905_103912_V04,5,1.000,240.978,356.03200000000004,15.449448852440806,-29511.0,28516.0,7724.724426220403
359,KDOX20100905_104853_V04,15,1.000,442.131,221.245,73.02265706405014,71065.5,-38877.5,36511.32853202507
360,KDOX20100905_104853_V04,15,1.000,312.195,162.082,34.530767854803464,6097.5,-68459.0,17265.383927401734
364,KDOX20100905_104853_V04,15,1.000,243.769,359.055,18.744481316618653,-28115.5,30027.5,9372.240658309329
371,KDOX20100906_101342_V04,-21,1.000,385.892,204.709,28.583006859211068,42946.0,-47145.5,14291.503429605535
372,KDOX20100906_101342_V04,-21,1.000,376.238,196.93900000000002,10.598697829811757,38119.0,-51030.5,5299.348914905878
373,KDOX20100906_101342_V04,-21,1.000,280.001,149.676,6.9768030612638885,-9999.5,-74662.0,3488.4015306319434
374,KDOX20100906_101342_V04,-21,1.000,172.717,177.32,15.406809123529229,-63641.5,-60840.0,7703.404561764613
377,KDOX20100906_101342_V04,-21,1.000,222.216,408.53999999999996,11.960987806818313,-38892.0,54770.0,5980.493903409157
371,KDOX20100906_102324_V04,-12,1.000,389.241,211.74200000000002,47.649034212387754,44620.5,-43629.0,23824.517106193878
372,KDOX20100906_102324_V04,-12,1.000,376.572,198.279,19.44852841195395,38286.0,-50360.5,9724.264205976975
373,KDOX20100906_102324_V04,-12,1.000,281.675,151.35000000000002,11.555898736790073,-9162.5,-73825.0,5777.949368395036
374,KDOX20100906_102324_V04,-12,1.000,184.372,173.301,35.27952338940839,-57814.0,-62849.5,17639.761694704197
375,KDOX20100906_102324_V04,-12,1.000,322.281,285.464,6.170112681384584,11140.5,-6768.0,3085.056340692292
376,KDOX20100906_102324_V04,-12,1.000,223.038,323.688,8.129206713478776,-38481.0,12344.0,4064.603356739388
377,KDOX20100906_102324_V04,-12,1.000,222.216,408.53999999999996,18.019673153555686,-38892.0,54770.0,9009.836576777843
371,KDOX20100906_103306_V04,-2,1.000,384.887,215.76100000000002,64.89517489055464,42443.5,-41619.5,32447.58744527732
372,KDOX20100906_103306_V04,-2,1.000,380.591,204.64100000000002,36.07625913426247,40295.5,-47179.5,18038.129567131236
373,KDOX20100906_103306_V04,-2,1.000,279.331,149.00599999999997,18.941135277554885,-10334.5,-74997.0,9470.567638777444
374,KDOX20100906_103306_V04,-2,1.000,186.783,176.51600000000002,48.50335858120356,-56608.5,-61242.0,24251.679290601776
375,KDOX20100906_103306_V04,-2,1.000,322.281,285.464,10.5735077797843,11140.5,-6768.0,5286.75388989215
377,KDOX20100906_103306_V04,-2,1.000,222.216,408.53999999999996,28.076305855582863,-38892.0,54770.0,14038.15292779143
378,KDOX20100906_103306_V04,-2,1.000,230.597,346.996,6.383706755223693,-34701.5,23998.0,3191.853377611846
372,KDOX20100906_104247_V04,8,1.000,386.619,210.0,50.213395298475504,43309.5,-44500.0,25106.69764923775
373,KDOX20100906_104247_V04,8,1.000,276.652,149.676,31.605235252791896,-11674.0,-74662.0,15802.617626395948
374,KDOX20100906_104247_V04,8,1.000,194.017,182.54399999999998,62.45930579302332,-52991.5,-58228.0,31229.652896511656
377,KDOX20100906_104247_V04,8,1.000,225.431,414.97,39.1634415328699,-37284.5,57985.0,19581.720766434955
378,KDOX20100906_104247_V04,8,1.000,230.597,346.996,10.87594487528803,-34701.5,23998.0,5437.972437644015
373,KDOX20100906_105228_V04,17,1.000,275.647,147.66699999999997,38.91711407278111,-12176.5,-75666.5,19458.557036390554
378,KDOX20100906_105228_V04,17,1.000,230.597,346.996,16.375801661227726,-34701.5,23998.0,8187.900830613862
380,KDOX20100907_100746_V04,-28,1.000,386.159,189.755,8.074916612575551,43079.5,-54622.5,4037.4583062877755
381,KDOX20100907_100746_V04,-28,1.000,396.34,195.692,7.930525790051583,48170.0,-51654.0,3965.2628950257917
382,KDOX20100907_100746_V04,-28,1.000,180.51,169.76999999999998,9.492304378247713,-59745.0,-64615.0,4746.152189123857
384,KDOX20100907_100746_V04,-28,1.000,233.929,397.744,4.767970938602045,-33035.5,49372.0,2383.9854693010225
379,KDOX20100907_101727_V04,-19,1.000,387.412,190.45499999999998,8.926165247050506,43706.0,-54272.5,4463.0826235252525
380,KDOX20100907_101727_V04,-19,1.000,394.261,188.59699999999998,19.501368612557783,47130.5,-55201.5,9750.684306278892
381,KDOX20100907_101727_V04,-19,1.000,407.914,190.48399999999998,20.71632845192218,53957.0,-54258.0,10358.16422596109
382,KDOX20100907_101727_V04,-19,1.000,186.538,163.74200000000002,19.403758417523786,-56731.0,-67629.0,9701.879208761893
383,KDOX20100907_101727_V04,-19,1.000,296.471,147.834,5.084600951760664,-1764.5,-75583.0,2542.3004758803318
384,KDOX20100907_101727_V04,-19,1.000,237.836,394.39599999999996,8.750761954688105,-31082.0,47698.0,4375.380977344053
390,KDOX20100907_101727_V04,-19,1.000,326.598,282.148,4.212167004526084,13299.0,-8426.0,2106.083502263042
379,KDOX20100907_102708_V04,-9,1.000,402.024,187.144,21.137433405205638,51012.0,-55928.0,10568.716702602818
380,KDOX20100907_102708_V04,-9,1.000,409.532,188.59699999999998,32.82631462814039,54766.0,-55201.5,16413.157314070188
381,KDOX20100907_102708_V04,-9,1.000,417.961,190.885,38.7923292508638,58980.5,-54057.5,19396.164625431902
382,KDOX20100907_102708_V04,-9,1.000,197.791,158.91899999999998,30.020302571516055,-51104.5,-70040.5,15010.151285758027
383,KDOX20100907_102708_V04,-9,1.000,304.573,142.62599999999998,10.634786400461504,2286.5,-78187.0,5317.393200230752
384,KDOX20100907_102708_V04,-9,1.000,246.766,388.53499999999997,16.18105715002644,-26617.0,44767.5,8090.528575013221
390,KDOX20100907_102708_V04,-9,1.000,329.947,279.078,13.245322169095195,14973.5,-9961.0,6622.661084547597
381,KDOX20100907_103649_V04,1,1.000,419.971,193.69799999999998,50.49888795712087,59985.5,-52651.0,25249.443978560434
382,KDOX20100907_103649_V04,1,1.000,207.838,154.096,42.59979203005858,-46081.0,-72452.0,21299.89601502929
383,KDOX20100907_103649_V04,1,1.000,312.675,135.68200000000002,21.264971751453647,6337.5,-81659.0,10632.485875726823
381,KDOX20100907_104631_V04,10,1.000,425.179,194.277,69.11373862989166,62589.5,-52361.5,34556.86931494583
382,KDOX20100907_104631_V04,10,1.000,213.838,160.096,50.68184177477238,-43081.0,-69452.0,25340.920887386193
381,KDOX20100907_105613_V04,20,1.000,425.179,194.277,75.66578823686461,62589.5,-52361.5,37832.89411843231
382,KDOX20100907_105613_V04,20,1.000,231.838,167.096,60.97335339512305,-34081.0,-65952.0,30486.676697561525
385,KDOX20100908_101445_V04,-22,1.000,382.375,191.836,4.2283459050397925,41187.5,-53582.0,2114.1729525198966
385,KDOX20100908_102029_V04,-17,1.000,388.001,187.817,10.06648199609478,44000.5,-55591.5,5033.24099804739
385,KDOX20100908_102614_V04,-11,1.000,395.234,186.611,15.726923744730042,47617.0,-56194.5,7863.461872365021
385,KDOX20100908_103201_V04,-5,1.000,406.888,188.62,26.005872973204422,53444.0,-55190.0,13002.936486602213
385,KDOX20100908_103746_V04,1,1.000,415.327,190.63,32.894564402153826,57663.5,-54185.0,16447.282201076916
385,KDOX20100908_104332_V04,6,1.000,425.374,189.42399999999998,43.01712948645045,62687.0,-54788.0,21508.564743225226
385,KDOX20100908_104915_V04,12,1.000,432.206,187.41500000000002,50.79358065992906,66103.0,-55792.5,25396.790329964526
385,KDOX20100908_105500_V04,18,1.000,432.206,187.41500000000002,65.0835936941334,66103.0,-55792.5,32541.796847066704
395,KDOX20100909_101500_V04,-23,1.000,392.881,208.43400000000003,35.90940656227269,46440.5,-45283.0,17954.70328113635
396,KDOX20100909_101500_V04,-23,1.000,388.568,206.163,8.620303938412682,44284.0,-46418.5,4310.151969206342
5247,KDOX20100909_101500_V04,-23,1.000,288.429,155.26799999999997,3.656077197575534,-5785.5,-71866.0,1828.038598787767
395,KDOX20100909_102441_V04,-13,1.000,403.53,223.59500000000003,58.0132919190254,51765.0,-37702.5,29006.645959512698
396,KDOX20100909_102441_V04,-13,1.000,398.057,221.233,24.25787054871177,49028.5,-38883.5,12128.935274355887
397,KDOX20100909_102441_V04,-13,1.000,384.41,198.94099999999997,7.388517586456059,42205.0,-50029.5,3694.25879322803
5247,KDOX20100909_102441_V04,-13,1.000,292.383,157.82600000000002,12.547239823830598,-3808.5,-70587.0,6273.6199119153
395,KDOX20100909_103422_V04,-4,1.000,402.835,233.31799999999998,84.69632660595602,51417.5,-32841.0,42348.16330297801
396,KDOX20100909_103422_V04,-4,1.000,392.832,231.68200000000002,42.4749501615899,46416.0,-33659.0,21237.475080794957
397,KDOX20100909_103422_V04,-4,1.000,394.859,212.204,14.554982161842153,47429.5,-43398.0,7277.491080921075
5247,KDOX20100909_103422_V04,-4,1.000,304.011,174.106,20.568024930755236,2005.5,-62447.0,10284.012465377617
5247,KDOX20100909_104402_V04,6,1.000,312.616,188.99,25.604663730634684,6308.0,-55005.0,12802.33186531734
5251,KDOX20100910_100944_V04,-29,1.000,386.569,214.498,13.67232989709875,43284.5,-42251.0,6836.164948549375
5250,KDOX20100910_101925_V04,-20,1.000,386.68,207.58300000000003,9.901118842154824,43340.0,-45708.5,4950.5594210774125
5251,KDOX20100910_101925_V04,-20,1.000,390.186,228.563,24.90482359289259,45093.0,-35218.5,12452.411796446295
5248,KDOX20100910_102908_V04,-10,1.000,474.72,143.85899999999998,10.577500075978671,87360.0,-77570.5,5288.750037989335
5249,KDOX20100910_102908_V04,-10,1.000,433.585,183.14499999999998,9.20521556932418,66792.5,-57927.5,4602.60778466209
5250,KDOX20100910_102908_V04,-10,1.000,388.288,205.17200000000003,9.901522880170864,44144.0,-46914.0,4950.761440085432
5251,KDOX20100910_102908_V04,-10,1.000,395.41,236.601,33.95314542097064,47705.0,-31199.5,16976.572710485325
5252,KDOX20100910_102908_V04,-10,1.000,290.63,155.445,6.0782442625290525,-4685.0,-71777.5,3039.122131264526
5253,KDOX20100910_102908_V04,-10,1.000,269.479,214.43200000000002,6.978554767313254,-15260.5,-42284.0,3489.2773836566266
5254,KDOX20100910_102908_V04,-10,1.000,239.937,192.502,4.882328791944298,-30031.5,-53249.0,2441.1643959721487
5255,KDOX20100910_102908_V04,-10,1.000,229.215,333.395,8.512757362200617,-35392.5,17197.5,4256.378681100308
5256,KDOX20100910_102908_V04,-10,1.000,263.059,346.96299999999997,6.771850824888309,-18470.5,23981.5,3385.9254124441545
5248,KDOX20100910_103851_V04,0,1.000,478.771,151.382,20.59213358176556,89385.5,-73809.0,10296.06679088278
5249,KDOX20100910_103851_V04,0,1.000,438.793,194.719,18.49254573437298,69396.5,-52140.5,9246.27286718649
5250,KDOX20100910_103851_V04,0,1.000,389.253,212.406,13.190888016422347,44626.5,-43297.0,6595.444008211173
5251,KDOX20100910_103851_V04,0,1.000,396.214,251.47000000000003,52.95100340094185,48107.0,-23765.0,26475.501700470923
5252,KDOX20100910_103851_V04,0,1.000,293.644,162.813,15.448471147240719,-3178.0,-68093.5,7724.235573620358
5254,KDOX20100910_103851_V04,0,1.000,243.554,198.128,11.538534498092874,-28223.0,-50436.0,5769.2672490464365
5255,KDOX20100910_103851_V04,0,1.000,232.832,339.423,15.30233528558725,-33584.0,20211.5,7651.167642793625
5256,KDOX20100910_103851_V04,0,1.000,266.274,357.41200000000003,13.553082699557766,-16863.0,29206.0,6776.541349778882
5257,KDOX20100910_103851_V04,0,1.000,229.755,75.39499999999998,13.208496842898121,-35122.5,-111802.5,6604.2484214490605
5258,KDOX20100910_103851_V04,0,1.000,188.851,99.79700000000003,12.55267108137258,-55574.5,-99601.5,6276.335540686291
5248,KDOX20100910_104832_V04,9,1.000,478.192,157.16899999999998,24.532887129909938,89096.0,-70915.5,12266.443564954965
5249,KDOX20100910_104832_V04,9,1.000,438.793,200.50599999999997,25.35531270631298,69396.5,-49247.0,12677.656353156488
5250,KDOX20100910_104832_V04,9,1.000,394.557,219.15699999999998,25.759013011426845,47278.5,-39921.5,12879.506505713423
5252,KDOX20100910_104832_V04,9,1.000,297.998,174.2,23.871588783719353,-1001.0,-62400.0,11935.794391859676
5254,KDOX20100910_104832_V04,9,1.000,243.554,207.77300000000002,15.311812565271442,-28223.0,-45613.5,7655.90628263572
5255,KDOX20100910_104832_V04,9,1.000,234.038,348.666,22.90453705487636,-32981.0,24833.0,11452.26852743818
5257,KDOX20100910_104832_V04,9,1.000,232.379,79.84199999999998,14.93550819543791,-33810.5,-109579.0,7467.754097718955
5258,KDOX20100910_104832_V04,9,1.000,192.227,106.54899999999998,22.39760092001187,-53886.5,-96225.5,11198.800460005936
5248,KDOX20100910_105815_V04,19,1.000,478.771,157.748,27.226630142818095,89385.5,-70626.0,13613.315071409046
5249,KDOX20100910_105815_V04,19,1.000,441.108,205.13600000000002,29.14516110749118,70554.0,-46932.0,14572.580553745589
5252,KDOX20100910_105815_V04,19,1.000,297.998,178.889,28.14525330327692,-1001.0,-60055.5,14072.626651638462
5254,KDOX20100910_105815_V04,19,1.000,243.554,207.77300000000002,15.366736261507956,-28223.0,-45613.5,7683.368130753977
5255,KDOX20100910_105815_V04,19,1.000,234.038,354.29200000000003,22.905093531155202,-32981.0,27646.0,11452.546765577601
5257,KDOX20100910_105815_V04,19,1.000,238.648,85.14700000000005,23.38540332946598,-30676.0,-106926.5,11692.701664732991
5252,KDOX20100910_110757_V04,29,1.000,298.333,183.91199999999998,34.71927873274251,-833.49999999999,-57544.0,17359.63936637126
5252,KDOX20100910_111739_V04,39,1.000,299.338,183.91199999999998,37.39269588642595,-330.99999999999,-57544.0,18696.347943212975
5259,KDOX20100911_102013_V04,-20,1.000,284.62,154.12,5.012575072466689,-7690.0,-72440.0,2506.2875362333443
5261,KDOX20100911_102013_V04,-20,1.000,375.741,204.49099999999999,6.166638304639775,37870.5,-47254.5,3083.319152319887
5259,KDOX20100911_102955_V04,-10,1.000,284.138,157.49599999999998,13.70472797948759,-7931.0,-70752.0,6852.363989743794
5260,KDOX20100911_102955_V04,-10,1.000,234.515,194.47199999999998,6.824599998247176,-32742.5,-52264.0,3412.299999123588
5261,KDOX20100911_102955_V04,-10,1.000,374.772,206.42899999999997,10.0575394149739,37386.0,-46285.5,5028.76970748695
5262,KDOX20100911_102955_V04,-10,1.000,423.23,181.774,11.173496443303925,61615.0,-58613.0,5586.748221651963
5263,KDOX20100911_102955_V04,-10,1.000,462.492,140.394,12.165963849306925,81246.0,-79303.0,6082.981924653462
5264,KDOX20100911_102955_V04,-10,1.000,176.344,91.59500000000003,6.9775089347024855,-61828.0,-103702.5,3488.7544673512434
5265,KDOX20100911_102955_V04,-10,1.000,215.637,68.92200000000003,8.905243492636583,-42181.5,-115039.0,4452.621746318292
5266,KDOX20100911_102955_V04,-10,1.000,222.395,332.04,6.152892770915263,-38802.5,16520.0,3076.446385457631
5267,KDOX20100911_102955_V04,-10,1.000,255.931,347.772,7.692831723915005,-22034.5,24386.0,3846.4158619575023
5259,KDOX20100911_103937_V04,0,1.000,283.173,160.872,20.836905751670063,-8413.5,-69064.0,10418.452875835032
5260,KDOX20100911_103937_V04,0,1.000,232.887,198.19299999999998,15.369573465554518,-33556.5,-50403.5,7684.786732777258
5261,KDOX20100911_103937_V04,0,1.000,377.183,211.252,15.144604288273385,38591.5,-43874.0,7572.302144136693
5262,KDOX20100911_103937_V04,0,1.000,422.56,186.79700000000003,17.18787285374661,61280.0,-56101.5,8593.936426873306
5263,KDOX20100911_103937_V04,0,1.000,462.157,143.743,18.236956694350816,81078.5,-77628.5,9118.478347175409
5264,KDOX20100911_103937_V04,0,1.000,176.344,91.59500000000003,13.817010195871822,-61828.0,-103702.5,6908.505097935911
5265,KDOX20100911_103937_V04,0,1.000,217.265,72.41099999999994,12.393049703611094,-41367.5,-113294.5,6196.524851805548
5266,KDOX20100911_103937_V04,0,1.000,222.73,337.398,13.562075333547725,-38635.0,19199.0,6781.037666773862
5267,KDOX20100911_103937_V04,0,1.000,256.066,353.55899999999997,12.935847221010313,-21967.0,27279.5,6467.923610505156
5259,KDOX20100911_104920_V04,9,1.000,281.244,163.28300000000002,26.815203208071324,-9378.0,-67858.5,13407.601604035663
5260,KDOX20100911_104920_V04,9,1.000,232.654,203.077,20.480532221638367,-33673.0,-47961.5,10240.266110819184
5261,KDOX20100911_104920_V04,9,1.000,377.183,214.14499999999998,22.738124254342313,38591.5,-42427.5,11369.062127171155
5262,KDOX20100911_104920_V04,9,1.000,420.551,191.151,25.76407620912926,60275.5,-53924.5,12882.038104564626
5263,KDOX20100911_104920_V04,9,1.000,460.817,146.757,24.812075079386847,80408.5,-76121.5,12406.037539693423
5264,KDOX20100911_104920_V04,9,1.000,175.139,99.231,19.011133797418115,-62430.5,-99884.5,9505.566898709058
5265,KDOX20100911_104920_V04,9,1.000,217.265,75.22400000000005,16.294925274892044,-41367.5,-111888.0,8147.462637446021
5266,KDOX20100911_104920_V04,9,1.000,218.377,344.095,21.401445670511354,-40811.5,22547.5,10700.722835255678
5267,KDOX20100911_104920_V04,9,1.000,257.546,359.615,17.72935621277996,-21227.0,30307.5,8864.678106389982
5259,KDOX20100911_105901_V04,19,1.000,283.173,166.659,32.44600384199851,-8413.5,-66170.5,16223.001920999257
5260,KDOX20100911_105901_V04,19,1.000,231.259,204.938,23.66838571633329,-34370.5,-47031.0,11834.192858166645
5261,KDOX20100911_105901_V04,19,1.000,378.148,219.93200000000002,31.114458169886593,39074.0,-39534.0,15557.229084943296
5262,KDOX20100911_105901_V04,19,1.000,420.551,194.16500000000002,31.1761012679241,60275.5,-52417.5,15588.050633962048
5263,KDOX20100911_105901_V04,19,1.000,460.817,150.44099999999997,29.003125577269252,80408.5,-74279.5,14501.562788634628
5264,KDOX20100911_105901_V04,19,1.000,173.13,102.84800000000001,26.334853409564257,-63435.0,-98076.0,13167.426704782129
5265,KDOX20100911_105901_V04,19,1.000,215.87,75.457,20.557316249980577,-42065.0,-111771.5,10278.658124990287
5259,KDOX20100911_110843_V04,29,1.000,280.761,171.0,38.79319644101216,-9619.5,-64000.0,19396.59822050608
5261,KDOX20100911_110843_V04,29,1.000,381.042,223.79000000000002,38.27163636376812,40521.0,-37605.0,19135.818181884057
5263,KDOX20100911_110843_V04,29,1.000,462.491,150.106,32.462065877516295,81245.5,-74447.0,16231.032938758146
5265,KDOX20100911_110843_V04,29,1.000,216.103,74.99199999999996,23.576889918887492,-41948.5,-112004.0,11788.444959443746
5259,KDOX20100911_111823_V04,38,1.000,280.279,174.37599999999998,46.31820530095715,-9860.5,-62312.0,23159.102650478577
5261,KDOX20100911_111823_V04,38,1.000,382.489,228.613,42.698924260383734,41244.5,-35193.5,21349.462130191867
5259,KDOX20100911_112806_V04,48,1.000,280.279,175.82299999999998,50.35321400060214,-9860.5,-61588.5,25176.60700030107
5259,KDOX20100911_113748_V04,58,1.000,280.279,175.82299999999998,56.87328155582952,-9860.5,-61588.5,28436.640777914756
5268,KDOX20100914_103008_V04,-12,1.000,286.737,149.41699999999997,6.492517743425112,-6631.5,-74791.5,3246.258871712556
5268,KDOX20100914_103552_V04,-6,1.000,289.631,146.52300000000002,10.981793892975627,-5184.5,-76238.5,5490.896946487813
5268,KDOX20100914_104138_V04,0,1.000,292.042,143.147,17.625790901392698,-3979.0,-77926.5,8812.89545069635
5268,KDOX20100914_104724_V04,5,1.000,295.418,143.147,24.459995721723068,-2291.0,-77926.5,12229.997860861537
5268,KDOX20100914_105308_V04,11,1.000,299.276,141.7,28.740324340601674,-361.99999999999,-78650.0,14370.162170300837
5269,KDOX20100915_102753_V04,-15,1.000,464.639,140.70600000000002,6.450496390299623,82319.5,-79147.0,3225.248195149811
5270,KDOX20100915_102753_V04,-15,1.000,424.564,178.45100000000002,3.5761308548633126,62282.0,-60274.5,1788.0654274316564
5271,KDOX20100915_102753_V04,-15,1.000,375.37,212.39100000000002,5.250538929211329,37685.0,-43304.5,2625.269464605664
5272,KDOX20100915_102753_V04,-15,1.000,286.098,154.46699999999998,5.450475197058987,-6951.0,-72266.5,2725.2375985294925
5273,KDOX20100915_102753_V04,-15,1.000,233.797,191.14600000000002,3.718133261136063,-33101.5,-53927.0,1859.0666305680313
5274,KDOX20100915_102753_V04,-15,1.000,224.461,328.984,2.8442816403766944,-37769.5,14992.0,1422.1408201883473
5275,KDOX20100915_102753_V04,-15,1.000,219.413,67.20000000000005,6.785943770265504,-40293.5,-115900.0,3392.971885132752
5269,KDOX20100915_103734_V04,-6,1.000,469.383,146.567,15.538708789413283,84691.5,-76216.5,7769.354394706643
5270,KDOX20100915_103734_V04,-6,1.000,426.573,186.154,10.960370836194347,63286.5,-56423.0,5480.185418097174
5271,KDOX20100915_103734_V04,-6,1.000,377.889,209.096,10.288114556583748,38944.5,-44952.0,5144.057278291874
5272,KDOX20100915_103734_V04,-6,1.000,288.777,161.16500000000002,13.056545908220267,-5611.5,-68917.5,6528.272954110134
5273,KDOX20100915_103734_V04,-6,1.000,235.137,197.17399999999998,9.78818934567514,-32431.5,-50913.0,4894.094672837568
5274,KDOX20100915_103734_V04,-6,1.000,220.844,336.62,12.08600614942665,-39578.0,18810.0,6043.003074713324
5275,KDOX20100915_103734_V04,-6,1.000,225.843,71.62099999999998,13.961702955569283,-37078.5,-113689.5,6980.851477784641
5276,KDOX20100915_103734_V04,-6,1.000,179.858,92.231,10.580728165012598,-60071.0,-103384.5,5290.364082506298
5269,KDOX20100915_104714_V04,4,1.000,478.22,153.31099999999998,26.659634663050678,89110.0,-72844.5,13329.817331525339
5270,KDOX20100915_104714_V04,4,1.000,432.155,194.526,21.984633228550983,66077.5,-52237.0,10992.316614275493
5272,KDOX20100915_104714_V04,4,1.000,291.456,166.52300000000002,24.08300165083855,-4272.0,-66238.5,12041.500825419276
5273,KDOX20100915_104714_V04,4,1.000,237.816,203.872,15.200490871958737,-31092.0,-47564.0,7600.245435979368
5275,KDOX20100915_104714_V04,4,1.000,232.273,76.44399999999996,21.060548888590453,-33863.5,-111278.0,10530.274444295226
5276,KDOX20100915_104714_V04,4,1.000,186.69,98.661,22.034285072523495,-56655.0,-100169.5,11017.14253626175
5269,KDOX20100915_105655_V04,14,1.000,488.267,154.985,37.29483329876534,94133.5,-72007.5,18647.416649382667
5272,KDOX20100915_105655_V04,14,1.000,296.814,172.551,29.545651300186268,-1593.0,-63224.5,14772.825650093133
5273,KDOX20100915_105655_V04,14,1.000,236.811,206.551,20.901828436692536,-31594.5,-46224.5,10450.914218346268
5272,KDOX20100915_110637_V04,24,1.000,307.531,178.24400000000003,44.44642943825604,3765.5,-60378.0,22223.21471912802
5277,KDOX20100916_103231_V04,-12,1.000,459.899,130.736,4.728602580514115,79949.5,-84132.0,2364.301290257057
5277,KDOX20100916_104212_V04,-2,1.000,456.829,124.596,13.04416712224967,78414.5,-87202.0,6522.083561124835
5278,KDOX20100916_104212_V04,-2,1.000,281.937,135.99900000000002,12.437835557803167,-9031.5,-81500.5,6218.917778901584
5277,KDOX20100916_105152_V04,8,1.000,449.885,119.38799999999998,22.04820700859641,74942.5,-89806.0,11024.103504298206
5278,KDOX20100916_105152_V04,8,1.000,285.007,126.78899999999999,23.008098246126956,-7496.5,-86105.5,11504.04912306348
5277,KDOX20100916_110134_V04,18,1.000,441.783,107.23500000000001,28.33791376660609,70891.5,-95882.5,14168.956883303044
5278,KDOX20100916_110134_V04,18,1.000,290.868,114.50900000000001,33.90408809258894,-4566.0,-92245.5,16952.044046294468
5279,KDOX20100917_102726_V04,-18,1.000,288.661,153.118,1.568287713805428,-5669.5,-72941.0,784.143856902714
5282,KDOX20100917_102726_V04,-18,1.000,173.239,195.99900000000002,3.897889712451607,-63380.5,-51500.5,1948.9448562258035
5283,KDOX20100917_102726_V04,-18,1.000,383.906,197.97500000000002,3.0132138225764153,41953.0,-50512.5,1506.606911288208
5279,KDOX20100917_103310_V04,-12,1.000,296.297,153.92200000000003,6.872321362258209,-1851.5,-72539.0,3436.160681129105
5282,KDOX20100917_103310_V04,-12,1.000,177.869,191.36900000000003,9.062862127920667,-61065.5,-53815.5,4531.431063960333
5283,KDOX20100917_103310_V04,-12,1.000,393.441,201.464,8.34165243208219,46720.5,-48768.0,4170.826216041095
5279,KDOX20100917_103855_V04,-6,1.000,305.942,154.324,11.405644581490522,2971.0,-72338.0,5702.822290745261
5282,KDOX20100917_103855_V04,-6,1.000,181.341,196.577,15.426596557201202,-59329.5,-51211.5,7713.298278600602
5283,KDOX20100917_103855_V04,-6,1.000,395.756,202.62099999999998,8.95003632095123,47878.0,-48189.5,4475.018160475615
5279,KDOX20100917_104439_V04,0,1.000,308.755,153.118,13.741471282674485,4377.5,-72941.0,6870.735641337244
5282,KDOX20100917_104439_V04,0,1.000,190.022,202.36399999999998,20.650949649086066,-54989.0,-48318.0,10325.474824543033
5279,KDOX20100917_105025_V04,5,1.000,318.882,158.423,17.86226236668759,9441.0,-70288.5,8931.131183343798
5281,KDOX20100917_105025_V04,5,1.000,197.078,105.99900000000002,7.738176158484832,-51461.0,-96500.5,3869.0880792424155
5279,KDOX20100917_105608_V04,11,1.000,322.74,166.62099999999998,26.23534503164844,11370.0,-66189.5,13117.67251582422
5280,KDOX20100917_105608_V04,11,1.000,182.091,63.053999999999974,9.60254648087435,-58954.5,-117973.0,4801.2732404371745
5281,KDOX20100917_105608_V04,11,1.000,201.418,108.41000000000003,15.259344371903655,-49291.0,-95295.0,7629.6721859518275
5279,KDOX20100917_110153_V04,17,1.000,325.634,170.47899999999998,30.59925204528854,12817.0,-64260.5,15299.62602264427
5280,KDOX20100917_110153_V04,17,1.000,188.842,68.84100000000001,14.866889185626638,-55579.0,-115079.5,7433.44459281332
5281,KDOX20100917_110153_V04,17,1.000,208.652,115.16199999999998,22.06128838333894,-45674.0,-91919.0,11030.644191669471
5279,KDOX20100917_110739_V04,23,1.000,325.634,176.748,38.37165192195373,12817.0,-61126.0,19185.825960976865
5280,KDOX20100917_110739_V04,23,1.000,193.664,73.18100000000004,19.94481910115959,-53168.0,-112909.5,9972.409550579796
5281,KDOX20100917_110739_V04,23,1.000,212.028,123.84300000000002,23.81837538174275,-43986.0,-87578.5,11909.187690871375
5284,KDOX20100918_103535_V04,-10,1.000,283.201,153.692,10.026218622772696,-8399.5,-72654.0,5013.109311386347
5285,KDOX20100918_103535_V04,-10,1.000,231.641,192.445,6.091043849159037,-34179.5,-53277.5,3045.521924579519
5286,KDOX20100918_103535_V04,-10,1.000,376.903,198.954,6.6481746394224395,38451.5,-50023.0,3324.0873197112205
5287,KDOX20100918_103535_V04,-10,1.000,424.848,179.024,8.514096341354486,62424.0,-59988.0,4257.0481706772425
5288,KDOX20100918_103535_V04,-10,1.000,461.777,135.68400000000003,9.05103478858617,80888.5,-81658.0,4525.517394293085
5289,KDOX20100918_103535_V04,-10,1.000,208.311,345.382,6.957290744554053,-45844.5,23191.0,3478.645372277026
5284,KDOX20100918_104516_V04,-1,1.000,284.407,157.30900000000003,21.468274717942133,-7796.5,-70845.5,10734.137358971067
5285,KDOX20100918_104516_V04,-1,1.000,232.478,201.375,15.469493380035683,-33761.0,-48812.5,7734.746690017841
5286,KDOX20100918_104516_V04,-1,1.000,377.368,200.349,15.653830379970204,38684.0,-49325.5,7826.915189985102
5287,KDOX20100918_104516_V04,-1,1.000,426.857,181.837,18.164683118209815,63428.5,-58581.5,9082.341559104907
5288,KDOX20100918_104516_V04,-1,1.000,461.777,138.497,20.39134392022074,80888.5,-80251.5,10195.67196011037
5289,KDOX20100918_104516_V04,-1,1.000,210.655,354.089,18.092336738361084,-44672.5,27544.5,9046.168369180543
5290,KDOX20100918_104516_V04,-1,1.000,218.122,72.61199999999997,18.394457423000844,-40939.0,-113194.0,9197.228711500422
5284,KDOX20100918_105459_V04,9,1.000,285.211,160.524,31.6753133710648,-7394.5,-69238.0,15837.6566855324
5285,KDOX20100918_105459_V04,9,1.000,234.711,210.58499999999998,22.546517532403147,-32644.5,-44207.5,11273.258766201574
5287,KDOX20100918_105459_V04,9,1.000,428.02,186.721,28.847796056433246,64010.0,-56139.5,14423.898028216623
5288,KDOX20100918_105459_V04,9,1.000,460.973,145.731,29.1895566525207,80486.5,-76634.5,14594.77832626035
5289,KDOX20100918_105459_V04,9,1.000,209.65,363.801,25.39545476566681,-45175.0,32400.5,12697.727382833405
5290,KDOX20100918_105459_V04,9,1.000,218.122,72.61199999999997,23.898011897655653,-40939.0,-113194.0,11949.005948827828
5291,KDOX20100918_105459_V04,9,1.000,173.979,52.42700000000002,12.719748040575567,-63010.5,-123286.5,6359.874020287783
5284,KDOX20100918_110440_V04,19,1.000,286.417,162.53300000000002,41.376897595271686,-6791.5,-68233.5,20688.44879763584
5285,KDOX20100918_110440_V04,19,1.000,233.595,218.678,28.592041774364986,-33202.5,-40161.0,14296.020887182494
5287,KDOX20100918_110440_V04,19,1.000,421.276,196.48899999999998,35.33715130326734,60638.0,-51255.5,17668.57565163367
5288,KDOX20100918_110440_V04,19,1.000,460.973,145.731,36.53984889335011,80486.5,-76634.5,18269.924446675057
5289,KDOX20100918_110440_V04,19,1.000,209.65,369.829,33.46610412821202,-45175.0,35414.5,16733.052064106007
5290,KDOX20100918_110440_V04,19,1.000,221.739,75.827,27.34579895805071,-39130.5,-111586.5,13672.899479025356
5291,KDOX20100918_110440_V04,19,1.000,173.979,52.42700000000002,17.342926380948864,-63010.5,-123286.5,8671.463190474431
5284,KDOX20100918_111421_V04,28,1.000,286.417,162.53300000000002,47.85367037294005,-6791.5,-68233.5,23926.835186470023
5285,KDOX20100918_111421_V04,28,1.000,230.246,224.539,32.764319622717984,-34877.0,-37230.5,16382.159811358997
5288,KDOX20100918_111421_V04,28,1.000,458.562,148.142,42.59608041006343,79281.0,-75429.0,21298.040205031713
5284,KDOX20100918_112404_V04,38,1.000,288.025,166.55200000000002,50.54245059833176,-5987.5,-66224.0,25271.225299165886
5292,KDOX20100919_103034_V04,-17,1.000,285.944,149.666,4.811559616137954,-7028.0,-74667.0,2405.7798080689768
5292,KDOX20100919_104016_V04,-7,1.000,290.409,149.387,12.509033582416205,-4795.5,-74806.5,6254.5167912081015
5293,KDOX20100919_104016_V04,-7,1.000,430.748,177.178,8.151025462956964,65374.0,-60911.0,4075.5127314784822
5294,KDOX20100919_104016_V04,-7,1.000,469.955,135.755,13.121106923041177,84977.5,-81622.5,6560.553461520589
5295,KDOX20100919_104016_V04,-7,1.000,235.731,188.56099999999998,10.400677378422774,-32134.5,-55219.5,5200.338689211387
5296,KDOX20100919_104016_V04,-7,1.000,212.139,339.303,5.1084696233828515,-43930.5,20151.5,2554.234811691426
5292,KDOX20100919_104957_V04,3,1.000,290.688,153.29399999999998,19.95738559023301,-4656.0,-72853.0,9978.692795116503
5293,KDOX20100919_104957_V04,3,1.000,432.143,181.64299999999997,18.002515633862735,66071.5,-58678.5,9001.25781693137
5294,KDOX20100919_104957_V04,3,1.000,473.724,141.00400000000002,21.222125396618896,86862.0,-78998.0,10611.062698309448
5295,KDOX20100919_104957_V04,3,1.000,233.212,189.14299999999997,13.409188865924872,-33394.0,-54928.5,6704.594432962435
5296,KDOX20100919_104957_V04,3,1.000,212.139,339.303,13.040039020012552,-43930.5,20151.5,6520.019510006275
5292,KDOX20100919_105938_V04,13,1.000,292.362,158.317,28.24184147951199,-3819.0,-70341.5,14120.920739755997
5293,KDOX20100919_105938_V04,13,1.000,416.236,193.92200000000003,23.904348475528455,58118.0,-52539.0,11952.174237764228
5294,KDOX20100919_105938_V04,13,1.000,472.917,152.98200000000003,28.640171443881766,86458.5,-73009.0,14320.085721940884
5295,KDOX20100919_105938_V04,13,1.000,235.731,195.539,24.394235347488195,-32134.5,-51730.5,12197.117673744098
5296,KDOX20100919_105938_V04,13,1.000,210.744,345.722,22.141217806590717,-44628.0,23361.0,11070.60890329536
5292,KDOX20100919_110920_V04,22,1.000,295.153,160.829,41.026903113262705,-2423.5,-69085.5,20513.451556631353
5296,KDOX20100919_110920_V04,22,1.000,207.954,356.606,32.2583873029884,-46023.0,28803.0,16129.1936514942
5297,KDOX20100920_103435_V04,-14,1.000,284.065,155.80700000000002,7.111526084175946,-7967.5,-71596.5,3555.7630420879736
5299,KDOX20100920_103435_V04,-14,1.000,209.253,343.095,3.2545344879455733,-45373.5,22047.5,1627.2672439727867
5300,KDOX20100920_103435_V04,-14,1.000,426.2,186.26999999999998,4.241858741320648,63100.0,-56365.0,2120.9293706603244
5301,KDOX20100920_103435_V04,-14,1.000,466.022,144.079,6.335475835324538,83011.0,-77460.5,3167.7379176622694
5303,KDOX20100920_103435_V04,-14,1.000,335.094,424.803,4.476309753690383,17547.0,62901.5,2238.1548768451917
5297,KDOX20100920_104416_V04,-4,1.000,281.176,165.25400000000002,14.963068721094567,-9412.0,-66873.0,7481.534360547284
5298,KDOX20100920_104416_V04,-4,1.000,230.589,203.671,9.65537082171628,-34705.5,-47664.5,4827.68541085814
5299,KDOX20100920_104416_V04,-4,1.000,208.788,360.305,13.34962961494431,-45606.0,30652.5,6674.814807472155
5300,KDOX20100920_104416_V04,-4,1.000,424.805,197.99099999999999,10.01544849448318,62402.5,-50504.5,5007.72424724159
5301,KDOX20100920_104416_V04,-4,1.000,465.185,153.84699999999998,13.85213365152862,82592.5,-72576.5,6926.06682576431
5302,KDOX20100920_104416_V04,-4,1.000,175.994,96.50999999999999,10.46610961811634,-62003.0,-101245.0,5233.05480905817
5303,KDOX20100920_104416_V04,-4,1.000,334.089,439.538,13.015458241357317,17044.5,70269.0,6507.729120678658
5297,KDOX20100920_105357_V04,6,1.000,280.694,180.204,20.903227888995396,-9653.0,-59398.0,10451.613944497698
5298,KDOX20100920_105357_V04,6,1.000,229.659,220.88099999999997,20.339091584258025,-35170.5,-39059.5,10169.54579212901
5299,KDOX20100920_105357_V04,6,1.000,208.788,374.724,23.555126995844713,-45606.0,37862.0,11777.563497922356
5300,KDOX20100920_105357_V04,6,1.000,424.247,209.433,16.1309838659157,62123.5,-44783.5,8065.491932957851
5301,KDOX20100920_105357_V04,6,1.000,464.348,164.452,22.147270418679007,82174.0,-67274.0,11073.635209339502
5303,KDOX20100920_105357_V04,6,1.000,332.415,451.929,21.04588344469517,16207.5,76464.5,10522.941722347587
5297,KDOX20100920_110337_V04,16,1.000,278.765,191.77800000000002,29.739222582623572,-10617.5,-53611.0,14869.611291311787
5299,KDOX20100920_110337_V04,16,1.000,211.812,389.608,32.3454563721146,-44094.0,45304.0,16172.728186057297
5300,KDOX20100920_110337_V04,16,1.000,422.852,220.317,22.850193830630445,61426.0,-39341.5,11425.096915315222
5301,KDOX20100920_110337_V04,16,1.000,463.511,169.47500000000002,25.332334900375226,81755.5,-64762.5,12666.167450187617
5299,KDOX20100920_111318_V04,25,1.000,215.533,405.19,40.592535234850146,-42233.5,53095.0,20296.267617425077
5304,KDOX20100921_103002_V04,-19,1.000,285.61,147.50799999999998,5.124833092092475,-7195.0,-75746.0,2562.4165460462377
5304,KDOX20100921_103944_V04,-9,1.000,280.028,144.252,10.762644149596975,-9986.0,-77374.0,5381.322074798487
5305,KDOX20100921_103944_V04,-9,1.000,229.294,186.32600000000002,5.579305420952013,-35353.0,-56337.0,2789.6527104760066
5306,KDOX20100921_103944_V04,-9,1.000,372.216,194.916,6.902763321757441,36108.0,-52042.0,3451.38166087872
5307,KDOX20100921_103944_V04,-9,1.000,416.842,174.291,8.547208019271439,58421.0,-62354.5,4273.60400963572
5308,KDOX20100921_103944_V04,-9,1.000,456.461,132.284,11.423857047122095,78230.5,-83358.0,5711.928523561048
5309,KDOX20100921_103944_V04,-9,1.000,205.639,338.724,7.712353762921805,-47180.5,19862.0,3856.176881460902
5310,KDOX20100921_103944_V04,-9,1.000,170.594,79.99699999999996,5.933070995744863,-64703.0,-109501.5,2966.5354978724317
5311,KDOX20100921_103944_V04,-9,1.000,215.619,53.87900000000002,5.970698419505055,-42190.5,-122560.5,2985.349209752528
5304,KDOX20100921_104925_V04,0,1.000,275.842,141.69400000000002,19.857962462265288,-12079.0,-78653.0,9928.981231132644
5305,KDOX20100921_104925_V04,0,1.000,227.341,185.20999999999998,13.216469930593288,-36329.5,-56895.0,6608.234965296643
5306,KDOX20100921_104925_V04,0,1.000,368.534,196.27300000000002,12.635090903655719,34267.0,-51363.5,6317.54545182786
5307,KDOX20100921_104925_V04,0,1.000,414.322,175.45299999999997,16.97635217114409,57161.0,-61773.5,8488.176085572044
5308,KDOX20100921_104925_V04,0,1.000,455.492,132.122,20.114563263194245,77746.0,-83439.0,10057.281631597121
5309,KDOX20100921_104925_V04,0,1.000,202.383,339.189,17.204618724441044,-48808.5,20094.5,8602.309362220522
5310,KDOX20100921_104925_V04,0,1.000,173.005,79.99699999999996,14.081316660666396,-63497.5,-109501.5,7040.658330333198
5311,KDOX20100921_104925_V04,0,1.000,221.666,53.18100000000004,7.557939391347325,-39167.0,-122909.5,3778.9696956736625
5304,KDOX20100921_105908_V04,10,1.000,279.331,141.69400000000002,27.84012986468424,-10334.5,-78653.0,13920.06493234212
5305,KDOX20100921_105908_V04,10,1.000,225.108,186.04700000000003,20.133189253738628,-37446.0,-56476.5,10066.594626869313
5307,KDOX20100921_105908_V04,10,1.000,410.833,177.97199999999998,24.483272383268513,55416.5,-60514.0,12241.636191634258
5308,KDOX20100921_105908_V04,10,1.000,457.353,132.122,25.654529619791713,78676.5,-83439.0,12827.264809895856
5309,KDOX20100921_105908_V04,10,1.000,203.081,340.352,22.88537125255368,-48459.5,20676.0,11442.68562627684
5310,KDOX20100921_105908_V04,10,1.000,176.22,84.418,21.971454151146713,-61890.0,-107291.0,10985.727075573353
5311,KDOX20100921_105908_V04,10,1.000,223.759,56.43700000000001,17.061113736707753,-38120.5,-121281.5,8530.556868353877
5304,KDOX20100921_110850_V04,20,1.000,279.331,141.69400000000002,39.21185634764112,-10334.5,-78653.0,19605.92817382056
5307,KDOX20100921_110850_V04,20,1.000,404.631,181.07299999999998,28.90312190410788,52315.5,-58963.5,14451.56095205394
5308,KDOX20100921_110850_V04,20,1.000,457.353,132.122,28.571906787715005,78676.5,-83439.0,14285.9533938575
5310,KDOX20100921_110850_V04,20,1.000,186.669,93.25900000000001,29.130327263853104,-56665.5,-102870.5,14565.163631926553
5311,KDOX20100921_110850_V04,20,1.000,233.992,66.90200000000004,25.45154259674803,-33004.0,-116049.0,12725.771298374017
5307,KDOX20100921_111832_V04,29,1.000,400.677,184.329,35.53790539514262,50338.5,-57335.5,17768.952697571312
5310,KDOX20100921_111832_V04,29,1.000,187.875,100.493,41.77325648842501,-56062.5,-99253.5,20886.628244212512
5311,KDOX20100921_111832_V04,29,1.000,238.411,74.11199999999997,32.93036410882556,-30794.5,-112444.0,16465.18205441278
5310,KDOX20100921_112816_V04,39,1.000,195.913,102.101,48.234475440660525,-52043.5,-98449.5,24117.237720330264
5324,KDOX20100922_103949_V04,-10,1.000,291.602,134.54399999999998,11.41120597709261,-4199.0,-82228.0,5705.602988546306
5325,KDOX20100922_103949_V04,-10,1.000,214.361,329.959,6.085134393943217,-42819.5,15479.5,3042.5671969716086
5324,KDOX20100922_104931_V04,0,1.000,301.984,127.846,21.343304671851193,991.99999999999,-85577.0,10671.652335925597
5325,KDOX20100922_104931_V04,0,1.000,219.049,319.577,17.43992975820596,-40475.5,10288.5,8719.96487910298
1213,KDOX20101002_104309_V04,-16,1.000,286.0,147.0,8.968941107405758,-7000.0,-76000.0,4484.470553702879
1214,KDOX20101002_104309_V04,-16,1.000,379.914,200.24599999999998,6.718272075926986,39957.0,-49377.0,3359.1360379634925
1215,KDOX20101002_104309_V04,-16,1.000,425.904,179.445,9.435207035118903,62952.0,-59777.5,4717.6035175594525
1217,KDOX20101002_104309_V04,-16,1.000,211.448,333.935,3.812630869346526,-44276.0,17467.5,1906.3154346732626
1221,KDOX20101002_104309_V04,-16,1.000,231.628,191.94099999999997,4.38576889870378,-34186.0,-53529.5,2192.88444935189
1213,KDOX20101002_105252_V04,-6,1.000,287.0,157.0,19.555341308635413,-6500.0,-71000.0,9777.670654317706
1214,KDOX20101002_105252_V04,-6,1.000,379.914,209.24599999999998,13.48316468688678,39957.0,-44877.0,6741.582343443391
1215,KDOX20101002_105252_V04,-6,1.000,424.904,188.445,16.761393020191584,62452.0,-55277.5,8380.696510095791
1216,KDOX20101002_105252_V04,-6,1.000,455.776,143.37400000000002,15.196814901860666,77888.0,-77813.0,7598.407450930334
1217,KDOX20101002_105252_V04,-6,1.000,210.448,346.935,13.309437181695015,-44776.0,23967.5,6654.718590847507
1218,KDOX20101002_105252_V04,-6,1.000,335.591,316.894,9.431441550755922,17795.5,8947.0,4715.720775377962
1221,KDOX20101002_105252_V04,-6,1.000,230.663,200.139,11.34193703035996,-34668.5,-49430.5,5670.96851517998
1213,KDOX20101002_110234_V04,4,1.000,288.0,161.0,31.09053834858332,-6000.0,-69000.0,15545.269174291661
1214,KDOX20101002_110234_V04,4,1.000,373.914,224.24599999999998,23.214020327252808,36957.0,-37377.0,11607.010163626403
1215,KDOX20101002_110234_V04,4,1.000,419.904,197.445,27.032273491663773,59952.0,-50777.5,13516.136745831887
1216,KDOX20101002_110234_V04,4,1.000,455.776,143.37400000000002,26.93344755699718,77888.0,-77813.0,13466.72377849859
1217,KDOX20101002_110234_V04,4,1.000,206.448,354.935,22.36360803069657,-46776.0,27967.5,11181.804015348283
1218,KDOX20101002_110234_V04,4,1.000,331.251,326.539,23.482069382008504,15625.5,13769.5,11741.034691004252
1220,KDOX20101002_110234_V04,4,1.000,99.042,193.26999999999998,7.734464875881337,-100479.0,-52865.0,3867.2324379406678
1221,KDOX20101002_110234_V04,4,1.000,228.734,206.89100000000002,18.949556400730263,-35633.0,-46054.5,9474.77820036513
1213,KDOX20101002_111217_V04,13,1.000,287.0,164.0,41.91103319491085,-6500.0,-67500.0,20955.516597455422
1215,KDOX20101002_111217_V04,13,1.000,419.904,197.445,42.651299264656224,59952.0,-50777.5,21325.649632328114
1216,KDOX20101002_111217_V04,13,1.000,460.176,149.974,37.83742190475891,80088.0,-74513.0,18918.710952379453
1217,KDOX20101002_111217_V04,13,1.000,202.448,361.935,32.50240783655514,-48776.0,31467.5,16251.203918277568
1218,KDOX20101002_111217_V04,13,1.000,330.286,332.326,32.27232617042928,15143.0,16663.0,16136.163085214643
1220,KDOX20101002_111217_V04,13,1.000,94.242,202.87,21.332898088354447,-102879.0,-48065.0,10666.449044177223
1221,KDOX20101002_111217_V04,13,1.000,226.323,212.19600000000003,22.387965475235248,-36838.5,-43402.0,11193.982737617625
1213,KDOX20101002_112200_V04,23,1.000,286.0,170.0,54.339674283064845,-7000.0,-64500.0,27169.83714153242
1215,KDOX20101002_112200_V04,23,1.000,419.904,203.445,44.67022581497075,59952.0,-47777.5,22335.11290748537
1216,KDOX20101002_112200_V04,23,1.000,460.176,149.974,42.11771824958939,80088.0,-74513.0,21058.859124794693
1217,KDOX20101002_112200_V04,23,1.000,198.448,360.935,40.12108871363925,-50776.0,30967.5,20060.544356819624
1218,KDOX20101002_112200_V04,23,1.000,328.286,346.326,32.27222718871226,14143.0,23663.0,16136.113594356128
1219,KDOX20101002_112200_V04,23,1.000,23.744,285.647,23.507851422045896,-138128.0,-6676.5,11753.925711022948
1221,KDOX20101002_112200_V04,23,1.000,218.607,217.50099999999998,24.409220503151722,-40696.5,-40749.5,12204.610251575861
1213,KDOX20101002_113143_V04,33,1.000,282.0,174.0,62.68799603665484,-9000.0,-62500.0,31343.99801832742
1217,KDOX20101002_113143_V04,33,1.000,198.448,370.935,54.80202820540327,-50776.0,35967.5,27401.014102701636
1218,KDOX20101002_113143_V04,33,1.000,330.286,351.326,32.27222718871226,15143.0,26163.0,16136.113594356128
1219,KDOX20101002_113143_V04,33,1.000,27.216,281.48,22.98552709729032,-136392.0,-8760.0,11492.76354864516
1213,KDOX20101002_114126_V04,42,1.000,282.0,174.0,72.79159254224875,-9000.0,-62500.0,36395.79627112438
1219,KDOX20101002_114126_V04,42,1.000,23.744,285.647,32.7976394295359,-138128.0,-6676.5,16398.819714767946
1213,KDOX20101002_115109_V04,52,1.000,282.0,174.0,74.57238882159054,-9000.0,-62500.0,37286.19441079527
1231,KDOX20101005_105802_V04,-4,1.000,211.931,336.09,4.099844114057076,-44034.5,18545.0,2049.922057028538
1231,KDOX20101005_110745_V04,6,1.000,216.954,341.951,10.351983785014196,-41523.0,21475.5,5175.991892507099
1232,KDOX20101005_110745_V04,6,1.000,310.342,257.607,10.210638382917812,5171.0,-20696.5,5105.319191458906
1231,KDOX20101005_111728_V04,15,1.000,219.466,349.765,20.173887371629363,-40267.0,25382.5,10086.943685814682
1232,KDOX20101005_111728_V04,15,1.000,310.342,262.607,16.731794497928885,5171.0,-18196.5,8365.89724896444
1233,KDOX20101006_105658_V04,-6,1.000,210.3,333.09,10.07590694951181,-44850.0,17045.0,5037.953474755905
1234,KDOX20101006_105658_V04,-6,1.000,238.13,375.327,7.313347696386872,-30935.0,38163.5,3656.673848193436
1235,KDOX20101006_105658_V04,-6,1.000,337.307,305.418,9.403584173002404,18653.5,3209.0,4701.792086501202
1236,KDOX20101006_105658_V04,-6,1.000,394.237,247.267,10.799670847973813,47118.5,-25866.5,5399.835423986907
1237,KDOX20101006_105658_V04,-6,1.000,427.782,166.74200000000002,11.265106708830919,63891.0,-66129.0,5632.553354415459
1233,KDOX20101006_110641_V04,4,1.000,210.3,333.09,20.068011056799126,-44850.0,17045.0,10034.005528399564
1234,KDOX20101006_110641_V04,4,1.000,238.13,375.327,16.94627351019373,-30935.0,38163.5,8473.136755096866
1235,KDOX20101006_110641_V04,4,1.000,342.13,302.203,20.99448388942238,21065.0,1601.5,10497.24194471119
1236,KDOX20101006_110641_V04,4,1.000,394.237,247.267,14.89205219532249,47118.5,-25866.5,7446.026097661245
1237,KDOX20101006_110641_V04,4,1.000,427.782,166.74200000000002,22.30367002178081,63891.0,-66129.0,11151.835010890405
1233,KDOX20101006_111623_V04,13,1.000,220.347,337.109,24.64072015077391,-39826.5,19054.5,12320.360075386954
1237,KDOX20101006_111623_V04,13,1.000,427.782,166.74200000000002,33.968755399330206,63891.0,-66129.0,16984.377699665103
1238,KDOX20101007_105336_V04,-10,1.000,344.365,302.977,8.869485219696845,22182.5,1988.5,4434.742609848423
1239,KDOX20101007_105336_V04,-10,1.000,245.993,374.65700000000004,9.951196862392202,-27003.5,37828.5,4975.598431196101
1240,KDOX20101007_105336_V04,-10,1.000,270.655,325.284,5.543372629538178,-14672.5,13142.0,2771.6863147690888
1238,KDOX20101007_110318_V04,-1,1.000,348.384,302.575,21.237462712830247,24192.0,1787.5,10618.731356415123
1239,KDOX20101007_110318_V04,-1,1.000,245.993,374.65700000000004,24.680985485769607,-27003.5,37828.5,12340.492742884802
1240,KDOX20101007_110318_V04,-1,1.000,272.664,321.265,7.446973773713667,-13668.0,11132.5,3723.4868868568333
1239,KDOX20101007_111301_V04,9,1.000,245.993,374.65700000000004,32.89166665441417,-27003.5,37828.5,16445.833327207085
1241,KDOX20101008_105335_V04,-10,1.000,460.738,141.22699999999998,10.392136098993669,80369.0,-78886.5,5196.068049496835
1242,KDOX20101008_105335_V04,-10,1.000,425.519,182.29700000000003,9.24302172482015,62759.5,-58351.5,4621.510862410074
1243,KDOX20101008_105335_V04,-10,1.000,236.825,380.56399999999996,7.23652550169933,-31587.5,40782.0,3618.2627508496653
1244,KDOX20101008_105335_V04,-10,1.000,210.87,337.861,5.849125782493704,-44565.0,19430.5,2924.5628912468524
1245,KDOX20101008_105335_V04,-10,1.000,303.728,267.34,9.812011497303354,1864.0,-15830.0,4906.005748651677
1246,KDOX20101008_105335_V04,-10,1.000,335.606,314.834,10.614832683135825,17803.0,7917.0,5307.416341567912
1241,KDOX20101008_110317_V04,-1,1.000,460.738,147.97899999999998,22.003564450319757,80369.0,-75510.5,11001.782225159877
1242,KDOX20101008_110317_V04,-1,1.000,426.966,188.084,20.94523010142404,63483.0,-55458.0,10472.615050712022
1243,KDOX20101008_110317_V04,-1,1.000,236.825,389.245,14.57926015714855,-31587.5,45122.5,7289.630078574274
1244,KDOX20101008_110317_V04,-1,1.000,212.317,347.507,17.08302223399087,-43841.5,24253.5,8541.511116995436
1245,KDOX20101008_110317_V04,-1,1.000,304.693,269.751,17.521872502932766,2346.5,-14624.5,8760.93625146638
1246,KDOX20101008_110317_V04,-1,1.000,336.088,320.621,20.386520511899384,18044.0,10810.5,10193.26025594969
1247,KDOX20101008_110317_V04,-1,1.000,290.836,161.09500000000003,24.477236638973924,-4582.0,-68952.5,12238.61831948696
1241,KDOX20101008_110904_V04,5,1.000,456.398,151.837,33.288824387315536,78199.0,-73581.5,16644.41219365777
1242,KDOX20101008_110904_V04,5,1.000,426.966,188.084,27.93217721081341,63483.0,-55458.0,13966.088605406703
1243,KDOX20101008_110904_V04,5,1.000,244.541,394.068,23.02909661265127,-27729.5,47534.0,11514.548306325636
1244,KDOX20101008_110904_V04,5,1.000,212.317,357.152,25.633858651399237,-43841.5,29076.0,12816.929325699617
1245,KDOX20101008_110904_V04,5,1.000,304.693,269.751,21.667256194029804,2346.5,-14624.5,10833.628097014902
1246,KDOX20101008_110904_V04,5,1.000,336.57,324.479,28.42141306181413,18285.0,12739.5,14210.706530907062
1247,KDOX20101008_110904_V04,5,1.000,290.836,161.09500000000003,35.18803775326712,-4582.0,-68952.5,17594.01887663356
1241,KDOX20101008_111450_V04,11,1.000,456.398,151.837,39.69189232622072,78199.0,-73581.5,19845.946163110362
1242,KDOX20101008_111450_V04,11,1.000,422.143,189.04899999999998,39.053175947805336,61071.5,-54975.5,19526.587973902668
1243,KDOX20101008_111450_V04,11,1.000,239.719,400.81899999999996,27.504377041641334,-30140.5,50909.5,13752.188520820666
1244,KDOX20101008_111450_V04,11,1.000,213.282,361.01,30.921634528662313,-43359.0,31005.0,15460.817264331157
1246,KDOX20101008_111450_V04,11,1.000,334.641,326.89,40.72343269714078,17320.5,13945.0,20361.716348570393
1247,KDOX20101008_111450_V04,11,1.000,290.836,161.09500000000003,46.240825688079376,-4582.0,-68952.5,23120.41284403969
1242,KDOX20101008_112037_V04,17,1.000,421.66,194.35399999999998,41.10303794239375,60830.0,-52323.0,20551.518971196874
1243,KDOX20101008_112037_V04,17,1.000,243.577,400.81899999999996,32.2941271453527,-28211.5,50909.5,16147.063572676347
1244,KDOX20101008_112037_V04,17,1.000,213.282,361.01,31.029519509303736,-43359.0,31005.0,15514.75975465187
1246,KDOX20101008_112037_V04,17,1.000,334.641,326.89,48.7990916080286,17320.5,13945.0,24399.5458040143
1247,KDOX20101008_112037_V04,17,1.000,293.247,176.527,47.58203356619376,-3376.5,-61236.5,23791.016783096882
1247,KDOX20101008_112623_V04,22,1.000,293.247,176.527,57.765384620946364,-3376.5,-61236.5,28882.692310473187
1247,KDOX20101008_113209_V04,28,1.000,293.247,176.527,67.44593924038122,-3376.5,-61236.5,33722.96962019062
1250,KDOX20101009_104851_V04,-16,1.000,334.868,310.658,3.9239298403668563,17434.0,5829.0,1961.9649201834281
1249,KDOX20101009_105436_V04,-10,1.000,343.472,300.836,5.429342721385742,21736.0,918.00000000001,2714.671360692871
1250,KDOX20101009_105436_V04,-10,1.000,339.333,316.519,5.796496612695459,19666.5,8759.5,2898.2483063477293
1249,KDOX20101009_110022_V04,-5,1.000,343.472,300.836,7.085854725510188,21736.0,918.00000000001,3542.927362755094
1250,KDOX20101009_110022_V04,-5,1.000,340.449,329.077,8.936238014468847,20224.5,15038.5,4468.119007234423
1248,KDOX20101009_110608_V04,1,1.000,304.481,167.21699999999998,23.06679914912784,2240.5,-65891.5,11533.39957456392
1249,KDOX20101009_110608_V04,1,1.000,349.333,298.882,12.200049169422652,24666.5,-58.999999999997,6100.024584711325
1250,KDOX20101009_110608_V04,1,1.000,344.803,335.44,15.701580913082486,22401.5,18220.0,7850.790456541243
1248,KDOX20101009_111153_V04,7,1.000,304.481,167.21699999999998,30.431316086961615,2240.5,-65891.5,15215.65804348081
1249,KDOX20101009_111153_V04,7,1.000,350.17,295.533,15.18843852737082,25085.0,-1733.5,7594.2192636854115
1250,KDOX20101009_111153_V04,7,1.000,344.803,335.44,23.41887904641191,22401.5,18220.0,11709.439523205954
1248,KDOX20101009_111740_V04,13,1.000,307.481,173.21699999999998,36.08644141281384,3740.5,-62891.5,18043.22070640692
1248,KDOX20101009_112325_V04,18,1.000,312.481,178.21699999999998,42.587576921542166,6240.5,-60391.5,21293.78846077108
1248,KDOX20101009_112910_V04,24,1.000,312.481,178.21699999999998,56.252452406894356,6240.5,-60391.5,28126.22620344718
1251,KDOX20101010_104815_V04,-18,1.000,283.607,146.03199999999998,3.507255067302574,-8196.5,-76484.0,1753.627533651287
1253,KDOX20101010_104815_V04,-18,1.000,423.111,178.142,3.128600169280191,61555.5,-60429.0,1564.3000846400953
1251,KDOX20101010_105757_V04,-8,1.000,283.607,146.03199999999998,10.688883586526915,-8196.5,-76484.0,5344.441793263458
1252,KDOX20101010_105757_V04,-8,1.000,455.001,131.728,10.330894538354578,77500.5,-83636.0,5165.447269177288
1253,KDOX20101010_105757_V04,-8,1.000,423.39,176.188,11.760606608547212,61695.0,-61406.0,5880.303304273606
1251,KDOX20101010_110738_V04,2,1.000,283.607,146.03199999999998,16.04126519792707,-8196.5,-76484.0,8020.632598963535
1252,KDOX20101010_110738_V04,2,1.000,458.216,131.728,20.137318011182554,79108.0,-83636.0,10068.659005591278
1253,KDOX20101010_110738_V04,2,1.000,423.39,176.188,21.114662934017865,61695.0,-61406.0,10557.331467008931
1251,KDOX20101010_111323_V04,7,1.000,283.607,145.06799999999998,23.675962493367987,-8196.5,-76966.0,11837.981246683992
1252,KDOX20101010_111323_V04,7,1.000,458.216,131.728,29.98502942612071,79108.0,-83636.0,14992.514713060356
1251,KDOX20101010_111909_V04,13,1.000,283.607,145.06799999999998,29.91667888714803,-8196.5,-76966.0,14958.339443574016
1252,KDOX20101010_111909_V04,13,1.000,455.403,130.92399999999998,34.011990823329256,77701.5,-84038.0,17005.99541166463
1251,KDOX20101010_112455_V04,19,1.000,283.607,145.06799999999998,39.188092268921714,-8196.5,-76966.0,19594.04613446086
1251,KDOX20101010_113040_V04,25,1.000,286.982,150.85500000000002,44.479223879940776,-6509.0,-74072.5,22239.61193997039
1254,KDOX20101011_105334_V04,-13,1.000,286.136,143.132,6.233277390138922,-6932.0,-77934.0,3116.6386950694614
1254,KDOX20101011_105918_V04,-8,1.000,284.528,143.534,10.114311854799551,-7736.0,-77733.0,5057.155927399775
1254,KDOX20101011_110503_V04,-2,1.000,294.575,144.74,17.9649296725702,-2712.5,-77130.0,8982.464836285102
1254,KDOX20101011_111047_V04,4,1.000,296.584,143.132,18.52447498032297,-1708.0,-77934.0,9262.237490161486
1255,KDOX20101012_105813_V04,-10,1.000,227.608,384.692,7.117382829183278,-36196.0,42846.0,3558.691414591639
1256,KDOX20101012_105813_V04,-10,1.000,205.137,335.757,5.709940417404858,-47431.5,18378.5,2854.970208702429
1255,KDOX20101012_110358_V04,-4,1.000,225.263,388.376,9.720801587589465,-37368.5,44688.0,4860.400793794733
1256,KDOX20101012_110358_V04,-4,1.000,201.649,340.176,11.51596793070044,-49175.5,20588.0,5757.9839653502195
1255,KDOX20101012_110942_V04,2,1.000,219.234,394.404,14.579494690744271,-40383.0,47702.0,7289.747345372136
1256,KDOX20101012_110942_V04,2,1.000,201.649,340.176,13.231018255077302,-49175.5,20588.0,6615.509127538651
1255,KDOX20101012_111526_V04,7,1.000,214.545,396.078,19.34438330036298,-42727.5,48539.0,9672.19165018149
1257,KDOX20101013_105533_V04,-13,1.000,282.05,147.825,7.1825924045936,-8975.0,-75587.5,3591.2962022968004
1258,KDOX20101013_105533_V04,-13,1.000,208.315,333.57,2.247059267473468,-45842.5,17285.0,1123.5296337367338
1259,KDOX20101013_105533_V04,-13,1.000,234.027,382.626,2.9947734864145397,-32986.5,41813.0,1497.3867432072698
1257,KDOX20101013_110118_V04,-8,1.000,279.639,149.031,16.673887001565777,-10180.5,-74984.5,8336.943500782887
1258,KDOX20101013_110118_V04,-8,1.000,201.803,334.965,8.472914346703927,-49098.5,17982.5,4236.457173351963
1259,KDOX20101013_110118_V04,-8,1.000,226.352,384.48699999999997,8.825465629553609,-36824.0,42743.5,4412.732814776804
1257,KDOX20101013_110703_V04,-2,1.000,279.639,149.031,24.589894182887292,-10180.5,-74984.5,12294.947091443646
1258,KDOX20101013_110703_V04,-2,1.000,194.361,336.127,19.253248564131866,-52819.5,18563.5,9626.624282065932
1259,KDOX20101013_110703_V04,-2,1.000,221.003,389.139,16.316768267700464,-39498.5,45069.5,8158.384133850232
1257,KDOX20101013_111248_V04,4,1.000,279.639,149.031,32.15100730988714,-10180.5,-74984.5,16075.50365494357
1258,KDOX20101013_111248_V04,4,1.000,191.105,337.522,23.824690520083575,-54447.5,19261.0,11912.345260041788
1259,KDOX20101013_111248_V04,4,1.000,219.142,391.0,18.3120663451349,-40429.0,46000.0,9156.03317256745
1257,KDOX20101013_111832_V04,10,1.000,279.639,149.031,41.09880415989554,-10180.5,-74984.5,20549.40207994777
1258,KDOX20101013_111832_V04,10,1.000,188.779,341.243,28.841016393301093,-55610.5,21121.5,14420.508196650544
1259,KDOX20101013_111832_V04,10,1.000,216.119,394.256,20.816536337668822,-41940.5,47628.0,10408.268168834411
1257,KDOX20101013_112416_V04,15,1.000,283.658,156.265,41.62865240211228,-8171.0,-71367.5,20814.32620105614
1257,KDOX20101013_113001_V04,21,1.000,289.285,156.265,52.07959750192275,-5357.5,-71367.5,26039.798750961378
1257,KDOX20101013_113545_V04,27,1.000,291.696,156.265,59.43930717688941,-4152.0,-71367.5,29719.653588444704
1260,KDOX20101014_105504_V04,-15,1.000,283.636,140.21800000000002,5.185692367636714,-8182.0,-79391.0,2592.846183818357
1261,KDOX20101014_105504_V04,-15,1.000,379.113,276.773,5.542917979298241,39556.5,-11113.5,2771.4589896491207
1260,KDOX20101014_110049_V04,-9,1.000,278.947,137.539,12.52538570383521,-10526.5,-80730.5,6262.692851917605
1261,KDOX20101014_110049_V04,-9,1.000,376.322,280.262,7.92226664077381,38161.0,-9369.0,3961.133320386904
1260,KDOX20101014_110637_V04,-3,1.000,277.273,136.86900000000003,16.363084036496733,-11363.5,-81065.5,8181.542018248368
1261,KDOX20101014_110637_V04,-3,1.000,372.601,282.588,13.090193443060326,36300.5,-8206.0,6545.096721530161
1260,KDOX20101014_111223_V04,2,1.000,273.254,134.52499999999998,23.228318780107884,-13373.0,-82237.5,11614.159390053941
1261,KDOX20101014_111223_V04,2,1.000,369.112,282.821,19.024076446459752,34556.0,-8089.5,9512.038223229878
1260,KDOX20101014_111809_V04,8,1.000,273.254,134.52499999999998,26.975578631690876,-13373.0,-82237.5,13487.789315845439
1262,KDOX20101016_110914_V04,-3,1.000,302.239,158.199,14.92846551796937,1119.5,-70400.5,7464.232758984685
1262,KDOX20101016_111858_V04,7,1.000,307.062,176.28300000000002,19.530055445090728,3531.0,-61358.5,9765.027722545363
1262,KDOX20101016_112841_V04,17,1.000,312.287,191.95600000000002,25.346735685553345,6143.5,-53522.0,12673.367842776672
1262,KDOX20101016_113824_V04,26,1.000,319.922,220.49,30.28782878307163,9961.0,-39255.0,15143.914391535816
1263,KDOX20101017_110125_V04,-12,1.000,313.596,277.228,7.5739108266746955,6798.0,-10886.0,3786.9554133373476
1264,KDOX20101017_110125_V04,-12,1.000,271.166,325.434,5.256752868675572,-14417.0,13217.0,2628.376434337786
1264,KDOX20101017_110712_V04,-6,1.000,271.166,325.434,7.067627769457205,-14417.0,13217.0,3533.8138847286023
1265,KDOX20101018_110453_V04,-9,1.000,287.015,157.94799999999998,11.328689171904573,-6492.5,-70526.0,5664.344585952286
1266,KDOX20101018_110453_V04,-9,1.000,335.192,315.336,14.390653267266064,17596.0,8168.0,7195.3266336330325
1267,KDOX20101018_110453_V04,-9,1.000,206.269,337.298,7.016866716206506,-46865.5,19149.0,3508.433358103253
1268,KDOX20101018_110453_V04,-9,1.000,226.708,387.976,11.217738506994058,-36646.0,44488.0,5608.869253497029
1269,KDOX20101018_110453_V04,-9,1.000,382.326,209.39299999999997,14.673477929126603,41163.0,-44803.5,7336.7389645633
1270,KDOX20101018_110453_V04,-9,1.000,427.778,184.243,14.418490340283833,63889.0,-57378.5,7209.245170141918
1271,KDOX20101018_110453_V04,-9,1.000,306.775,251.928,10.887635998709966,3387.5,-23536.0,5443.817999354982
1265,KDOX20101018_111436_V04,1,1.000,285.086,166.14600000000002,21.997968581562084,-7457.0,-66427.0,10998.984290781042
1266,KDOX20101018_111436_V04,1,1.000,335.674,324.499,22.79993095342396,17837.0,12749.5,11399.96547671198
1267,KDOX20101018_111436_V04,1,1.000,202.894,339.709,17.449390850458563,-48553.0,20354.5,8724.695425229282
1268,KDOX20101018_111436_V04,1,1.000,236.352,391.83500000000004,19.020345671085604,-31824.0,46417.5,9510.172835542802
1269,KDOX20101018_111436_V04,1,1.000,378.468,221.93200000000002,21.704736269878165,39234.0,-38534.0,10852.368134939083
1270,KDOX20101018_111436_V04,1,1.000,425.367,195.33499999999998,22.203150716273687,62683.5,-51832.5,11101.575358136846
1271,KDOX20101018_111436_V04,1,1.000,308.222,255.786,15.924652744671446,4111.0,-21607.0,7962.326372335722
1265,KDOX20101018_112418_V04,10,1.000,284.121,176.27300000000002,26.588056946934945,-7939.5,-61363.5,13294.028473467471
1270,KDOX20101018_112418_V04,10,1.000,419.098,206.909,27.878312958281132,59549.0,-46045.5,13939.156479140567
1265,KDOX20101018_113401_V04,20,1.000,287.015,187.365,39.475580970855354,-6492.5,-55817.5,19737.790485427675
1272,KDOX20101019_111107_V04,-4,1.000,204.227,339.591,10.239588938856292,-47886.5,20295.5,5119.794469428147
1273,KDOX20101019_111107_V04,-4,1.000,225.416,388.76300000000003,10.652382840337635,-37292.0,44881.5,5326.191420168818
1272,KDOX20101019_111653_V04,2,1.000,194.18,342.404,21.611955009637484,-52910.0,21702.0,10805.977504818742
1273,KDOX20101019_111653_V04,2,1.000,219.79,393.98699999999997,17.497865930322725,-40105.0,47493.5,8748.932965161364
1272,KDOX20101019_112238_V04,8,1.000,188.152,350.442,28.641969888994677,-55924.0,25721.0,14320.984944497337
1273,KDOX20101019_112238_V04,8,1.000,214.164,398.006,22.71633952515402,-42918.0,49503.0,11358.16976257701
1272,KDOX20101019_112824_V04,13,1.000,184.535,359.685,31.335142392551926,-57732.5,30342.5,15667.571196275963
1273,KDOX20101019_112824_V04,13,1.000,210.948,403.632,27.03086426497139,-44526.0,52316.0,13515.432132485692
1272,KDOX20101019_113409_V04,19,1.000,179.712,359.283,39.84117150744266,-60144.0,30141.5,19920.58575372133
1272,KDOX20101019_113955_V04,25,1.000,176.095,363.302,45.227454085703044,-61952.5,32151.0,22613.727042851522
1272,KDOX20101019_114540_V04,31,1.000,176.095,363.302,52.38333130839863,-61952.5,32151.0,26191.665654199314
1274,KDOX20101020_110839_V04,-7,1.000,283.779,140.127,11.267333674672338,-8110.5,-79436.5,5633.66683733617
1274,KDOX20101020_111425_V04,-2,1.000,283.779,140.127,18.26268046827093,-8110.5,-79436.5,9131.340234135467
1274,KDOX20101020_112011_V04,4,1.000,283.779,140.127,24.511584594592506,-8110.5,-79436.5,12255.792297296251
1274,KDOX20101020_112557_V04,10,1.000,290.209,141.33300000000003,31.836505488913918,-4895.5,-78833.5,15918.252744456957
1275,KDOX20101022_110436_V04,-13,1.000,283.19,399.658,5.7229510806904855,-8405.0,50329.0,2861.4755403452427
1276,KDOX20101022_110436_V04,-13,1.000,236.347,376.554,4.496244033830113,-31826.5,38777.0,2248.122016915056
1277,KDOX20101022_110436_V04,-13,1.000,293.784,150.582,8.65732970852628,-3108.0,-74209.0,4328.66485426314
1275,KDOX20101022_111419_V04,-4,1.000,285.981,401.332,11.660393145683242,-7009.5,51166.0,5830.196572841621
1276,KDOX20101022_111419_V04,-4,1.000,238.859,378.228,6.161205541266324,-30570.5,39614.0,3080.6027706331615
1277,KDOX20101022_111419_V04,-4,1.000,293.505,167.327,8.65732970852628,-3247.5,-65836.5,4328.66485426314
1277,KDOX20101022_112402_V04,6,1.000,303.272,179.048,21.01943728383132,1636.0,-59976.0,10509.71864191566
1277,KDOX20101022_113345_V04,16,1.000,310.528,192.44400000000002,27.167884013159295,5264.0,-53278.0,13583.942006579646
1281,KDOX20101023_110418_V04,-15,1.000,307.815,277.794,3.8314947301657787,3907.5,-10603.0,1915.7473650828895
1278,KDOX20101023_111402_V04,-5,1.000,204.064,322.053,8.749748790945274,-47968.0,11526.5,4374.874395472638
1279,KDOX20101023_111402_V04,-5,1.000,207.652,215.35899999999998,8.868891463461328,-46174.0,-41820.5,4434.445731730664
1280,KDOX20101023_111402_V04,-5,1.000,278.357,231.01600000000002,11.075814612310085,-10821.5,-33992.0,5537.9073061550425
1281,KDOX20101023_111402_V04,-5,1.000,313.397,274.305,8.10211760722753,6698.5,-12347.5,4051.058803613765
1280,KDOX20101023_112347_V04,5,1.000,278.357,231.01600000000002,11.268817967041917,-10821.5,-33992.0,5634.408983520958
1282,KDOX20101025_111203_V04,-10,1.000,279.43,389.603,13.708088236870358,-10285.0,45301.5,6854.044118435179
