track_id,filename,from_sunrise,det_score,x,y,r,lon,lat,radius
15619,KMLB20020113_120741,-8,1.000,297.287,364.56899999999996,20.379658432069597,-1356.5,32784.5,10189.8292160348
15619,KMLB20020113_121241,-3,1.000,297.287,364.56899999999996,28.32662918484289,-1356.5,32784.5,14163.314592421442
15619,KMLB20020113_121742,2,1.000,297.287,364.56899999999996,31.26127639003552,-1356.5,32784.5,15630.638195017758
15619,KMLB20020113_122244,7,1.000,297.287,364.56899999999996,43.02427053799833,-1356.5,32784.5,21512.135268999165
15619,KMLB20020113_122745,12,1.000,298.287,366.56899999999996,43.02453894746172,-856.50000000001,33784.5,21512.269473730863
15620,KMLB20020114_123354,18,1.000,370.48,557.756,30.75886784820071,35240.0,129378.0,15379.433924100353
15620,KMLB20020114_123854,23,1.000,369.48,545.756,30.75886784820071,34740.0,123378.0,15379.433924100353
15620,KMLB20020114_124355,28,1.000,368.48,526.756,30.75886784820071,34240.0,113878.0,15379.433924100353
15621,KMLB20020117_123332,19,1.000,362.717,540.721,22.089218455419623,31358.5,120860.5,11044.609227709812
15621,KMLB20020117_124323,28,1.000,362.717,540.721,22.089218455419623,31358.5,120860.5,11044.609227709812
15622,KMLB20020119_122652,12,1.000,187.635,567.381,24.831561197899525,-56182.5,134190.5,12415.780598949763
15623,KMLB20020119_122652,12,1.000,352.826,561.656,30.70528352801842,26413.0,131328.0,15352.64176400921
15622,KMLB20020119_123643,22,1.000,174.635,554.381,24.831561197899525,-62682.5,127690.5,12415.780598949763
15623,KMLB20020119_123643,22,1.000,352.826,561.656,41.60889845084517,26413.0,131328.0,20804.449225422584
15623,KMLB20020119_124634,32,1.000,348.826,523.656,41.60859163743932,24413.0,112328.0,20804.295818719656
15624,KMLB20020120_121819,3,1.000,165.604,267.694,26.494143187117135,-67198.0,-15653.0,13247.071593558565
15624,KMLB20020120_122320,8,1.000,179.604,276.694,26.494143187117135,-60198.0,-11153.0,13247.071593558565
15624,KMLB20020120_122820,13,1.000,184.604,274.694,26.494143187117135,-57698.0,-12153.0,13247.071593558565
15624,KMLB20020120_123320,18,1.000,184.604,274.694,35.744125589259454,-57698.0,-12153.0,17872.062794629728
15624,KMLB20020120_123821,23,1.000,184.604,274.694,35.74441172050357,-57698.0,-12153.0,17872.205860251783
15624,KMLB20020120_124322,28,1.000,203.604,269.694,35.74441172050357,-48198.0,-14653.0,17872.205860251783
15625,KMLB20020121_122513,11,1.000,178.254,245.716,42.30665586337572,-60873.0,-26642.0,21153.327931687858
15626,KMLB20020121_122513,11,1.000,220.329,489.666,21.479972075264826,-39835.5,95333.0,10739.986037632412
15627,KMLB20020121_122513,11,1.000,359.046,539.876,25.029015747612345,29523.0,120438.0,12514.507873806173
15625,KMLB20020121_123504,21,1.000,178.254,245.716,42.30665586337572,-60873.0,-26642.0,21153.327931687858
15626,KMLB20020121_123504,21,1.000,220.329,489.666,33.523913791411445,-39835.5,95333.0,16761.95689570572
15627,KMLB20020121_123504,21,1.000,359.046,539.876,37.344616272811514,29523.0,120438.0,18672.308136405758
15625,KMLB20020121_124455,31,1.000,196.254,241.716,42.30665586337572,-51873.0,-28642.0,21153.327931687858
15628,KMLB20020123_121228,-2,1.000,151.457,266.326,24.660531792386188,-74271.5,-16337.0,12330.265896193096
15628,KMLB20020123_121729,3,1.000,151.457,266.326,36.2549371623739,-74271.5,-16337.0,18127.46858118695
15629,KMLB20020123_121729,3,1.000,192.978,487.21,37.62867130828352,-53511.0,94105.0,18814.33565414176
15628,KMLB20020123_122230,9,1.000,146.457,259.326,36.25529784169362,-76771.5,-19837.0,18127.64892084681
15629,KMLB20020123_122230,9,1.000,191.978,469.21000000000004,37.62867130828352,-54011.0,85105.0,18814.33565414176
15631,KMLB20020123_122230,9,1.000,329.351,532.735,17.423712440643854,14675.5,116867.5,8711.856220321928
15628,KMLB20020123_122730,14,1.000,143.457,251.32600000000002,49.43240092104131,-78271.5,-23837.0,24716.200460520653
15629,KMLB20020123_122730,14,1.000,188.978,453.21000000000004,37.62867130828352,-55511.0,77105.0,18814.33565414176
15630,KMLB20020123_122730,14,1.000,150.0,595.737,55.95304074705983,-75000.0,148368.5,27976.520373529915
15631,KMLB20020123_122730,14,1.000,329.351,532.735,25.497895722983465,14675.5,116867.5,12748.947861491732
15628,KMLB20020123_123232,19,1.000,143.457,251.32600000000002,49.432636415836875,-78271.5,-23837.0,24716.318207918437
15629,KMLB20020123_123232,19,1.000,188.978,453.21000000000004,37.62867130828352,-55511.0,77105.0,18814.33565414176
15630,KMLB20020123_123232,19,1.000,142.0,568.737,55.95304074705983,-79000.0,134868.5,27976.520373529915
15631,KMLB20020123_123232,19,1.000,329.351,532.735,40.18946636000055,14675.5,116867.5,20094.733180000276
15628,KMLB20020123_124100,27,1.000,138.457,231.32600000000002,57.50492843635122,-80771.5,-33837.0,28752.464218175617
15629,KMLB20020123_124100,27,1.000,188.978,453.21000000000004,58.87669155465215,-55511.0,77105.0,29438.345777326074
15630,KMLB20020123_124100,27,1.000,142.0,549.737,55.95304074705983,-79000.0,125368.5,27976.520373529915
15631,KMLB20020123_124100,27,1.000,315.351,505.735,40.189708200283626,7675.5,103367.5,20094.854100141813
15629,KMLB20020123_124653,33,1.000,183.978,436.21000000000004,58.87668934001953,-58011.0,68605.0,29438.34467000977
15630,KMLB20020123_124653,33,1.000,141.0,537.737,55.95304074705983,-79500.0,119368.5,27976.520373529915
15631,KMLB20020123_124653,33,1.000,315.351,505.735,40.189708200283626,7675.5,103367.5,20094.854100141813
15630,KMLB20020123_125245,39,1.000,135.0,505.73699999999997,55.95304074705983,-82500.0,103368.5,27976.520373529915
15631,KMLB20020123_125245,39,1.000,315.351,505.735,49.00056329911457,7675.5,103367.5,24500.281649557288
15632,KMLB20020124_121205,-1,1.000,155.877,264.482,30.37496922552485,-72061.5,-17259.0,15187.484612762426
15632,KMLB20020124_122154,9,1.000,148.877,249.48200000000003,47.331923562495625,-75561.5,-24759.0,23665.961781247814
15632,KMLB20020124_123145,19,1.000,156.877,228.48200000000003,47.331837451977805,-71561.5,-35259.0,23665.918725988904
15632,KMLB20020124_124136,29,1.000,178.877,223.48200000000003,47.331837451977805,-60561.5,-37759.0,23665.918725988904
15633,KMLB20020125_121401,1,1.000,164.324,252.65300000000002,41.65661985320184,-67838.0,-23173.5,20828.30992660092
15633,KMLB20020125_122352,11,1.000,171.324,256.653,41.65630370335505,-64338.0,-21173.5,20828.151851677525
15633,KMLB20020125_123343,21,1.000,171.324,256.653,66.58690088712846,-64338.0,-21173.5,33293.45044356424
15634,KMLB20020126_121019,-3,1.000,160.5,288.0,19.713157572815916,-69750.0,-5500.0,9856.578786407958
15634,KMLB20020126_121520,2,1.000,160.5,288.0,25.174721995637753,-69750.0,-5500.0,12587.360997818878
15634,KMLB20020126_122021,7,1.000,160.5,288.0,25.175088072492827,-69750.0,-5500.0,12587.544036246416
15634,KMLB20020126_122521,12,1.000,160.5,288.0,35.32706694206657,-69750.0,-5500.0,17663.53347103329
15634,KMLB20020126_123022,17,1.000,160.5,288.0,35.326747635795044,-69750.0,-5500.0,17663.37381789752
15634,KMLB20020126_123522,22,1.000,160.5,288.0,35.326747635795044,-69750.0,-5500.0,17663.37381789752
15634,KMLB20020126_124627,33,1.000,169.5,287.0,35.326747635795044,-65250.0,-6000.0,17663.37381789752
15634,KMLB20020126_125126,38,1.000,169.5,287.0,49.18149892559039,-65250.0,-6000.0,24590.749462795193
15634,KMLB20020126_125626,43,1.000,169.5,287.0,49.181597545941756,-65250.0,-6000.0,24590.798772970884
15634,KMLB20020126_130127,48,1.000,169.5,287.0,49.181597545941756,-65250.0,-6000.0,24590.798772970884
15634,KMLB20020126_130627,53,1.000,169.5,287.0,50.16853516390374,-65250.0,-6000.0,25084.26758195187
15634,KMLB20020126_131127,58,1.000,190.5,285.0,50.168870294505865,-54750.0,-7000.0,25084.43514725293
15635,KMLB20020127_122202,10,1.000,167.854,279.009,23.428092428193537,-66073.0,-9995.5,11714.046214096768
15635,KMLB20020127_123151,20,1.000,157.854,284.009,23.428092428193537,-71073.0,-7495.5,11714.046214096768
15635,KMLB20020127_124141,30,1.000,157.854,284.009,33.808785175314895,-71073.0,-7495.5,16904.392587657447
15635,KMLB20020127_125133,40,1.000,157.854,284.009,33.80876990789128,-71073.0,-7495.5,16904.384953945642
15636,KMLB20020128_120957,-2,1.000,230.059,209.87900000000002,20.519858502683533,-34970.5,-44560.5,10259.929251341766
15636,KMLB20020128_121458,3,1.000,224.059,209.87900000000002,20.519858502683533,-37970.5,-44560.5,10259.929251341766
15637,KMLB20020128_121458,3,1.000,171.5,294.0,16.352026036998073,-64250.0,-2500.0,8176.013018499035
15636,KMLB20020128_121959,8,1.000,224.059,209.87900000000002,27.112516174304634,-37970.5,-44560.5,13556.258087152319
15637,KMLB20020128_121959,8,1.000,171.5,294.0,25.902586956195588,-64250.0,-2500.0,12951.293478097796
15638,KMLB20020128_121959,8,1.000,213.253,496.88800000000003,26.875105682659708,-43373.5,98944.0,13437.552841329853
15636,KMLB20020128_122501,13,1.000,226.059,199.87900000000002,27.112197948671756,-36970.5,-49560.5,13556.098974335877
15637,KMLB20020128_122501,13,1.000,171.5,294.0,25.90251356976199,-64250.0,-2500.0,12951.256784880996
15638,KMLB20020128_122501,13,1.000,212.253,485.88800000000003,26.875105682659708,-43873.5,93444.0,13437.552841329853
15636,KMLB20020128_123002,18,1.000,226.059,199.87900000000002,32.24007745573344,-36970.5,-49560.5,16120.038727866719
15637,KMLB20020128_123002,18,1.000,165.5,287.0,25.90251356976199,-67250.0,-6000.0,12951.256784880996
15638,KMLB20020128_123002,18,1.000,212.253,485.88800000000003,26.875105682659708,-43873.5,93444.0,13437.552841329853
15637,KMLB20020128_123503,23,1.000,165.5,287.0,33.082365407213125,-67250.0,-6000.0,16541.18270360656
15638,KMLB20020128_123503,23,1.000,212.253,485.88800000000003,39.555940684247346,-43873.5,93444.0,19777.970342123674
15637,KMLB20020128_124004,28,1.000,165.5,287.0,33.08207844240545,-67250.0,-6000.0,16541.039221202722
15637,KMLB20020128_124504,33,1.000,165.5,287.0,40.41343291356004,-67250.0,-6000.0,20206.716456780014
15637,KMLB20020128_125004,38,1.000,165.5,287.0,40.41358789419593,-67250.0,-6000.0,20206.793947097965
15637,KMLB20020128_125504,43,1.000,165.5,287.0,47.01386186610191,-67250.0,-6000.0,23506.930933050957
15637,KMLB20020128_130004,48,1.000,165.5,287.0,47.01400168980067,-67250.0,-6000.0,23507.000844900333
15637,KMLB20020128_130504,53,1.000,165.5,287.0,54.34934108963906,-67250.0,-6000.0,27174.670544819528
15637,KMLB20020128_131004,58,1.000,165.5,287.0,54.34918130050775,-67250.0,-6000.0,27174.59065025388
15639,KMLB20020129_120916,-2,1.000,158.302,269.367,28.4716248113786,-70849.0,-14816.5,14235.812405689303
15640,KMLB20020129_120916,-2,1.000,225.733,116.19600000000003,19.963462410927704,-37133.5,-91402.0,9981.731205463853
15639,KMLB20020129_121906,8,1.000,158.302,269.367,36.291023487429136,-70849.0,-14816.5,18145.51174371457
15640,KMLB20020129_121906,8,1.000,225.733,116.19600000000003,31.720873357948793,-37133.5,-91402.0,15860.436678974398
15641,KMLB20020130_121113,0,1.000,153.832,267.694,32.21885706522226,-73084.0,-15653.0,16109.42853261113
15642,KMLB20020130_121113,0,1.000,225.973,206.44299999999998,28.442997571829164,-37013.5,-46278.5,14221.49878591458
15641,KMLB20020130_122104,10,1.000,153.832,267.694,54.994638306361956,-73084.0,-15653.0,27497.31915318098
15642,KMLB20020130_122104,10,1.000,225.973,206.44299999999998,40.7039055507278,-37013.5,-46278.5,20351.952775363898
15641,KMLB20020130_123055,20,1.000,153.832,267.694,54.99439523804518,-73084.0,-15653.0,27497.19761902259
15642,KMLB20020130_123055,20,1.000,219.973,189.44299999999998,40.704264480390265,-40013.5,-54778.5,20352.132240195133
15643,KMLB20020131_121546,6,1.000,154.605,268.659,47.47280577376822,-72697.5,-15170.5,23736.40288688411
15644,KMLB20020131_121546,6,1.000,226.382,192.32,33.37215845796639,-36809.0,-53340.0,16686.07922898319
15643,KMLB20020131_122048,11,1.000,137.605,252.659,47.472771554375065,-81197.5,-23170.5,23736.38577718753
15644,KMLB20020131_122048,11,1.000,217.382,180.32,33.37202099681646,-41309.0,-59340.0,16686.010498408228
15643,KMLB20020131_122549,16,1.000,137.605,252.659,51.16213275281866,-81197.5,-23170.5,25581.066376409333
15643,KMLB20020131_123051,21,1.000,137.605,252.659,59.20793508020331,-81197.5,-23170.5,29603.96754010166
15643,KMLB20020131_123552,26,1.000,137.605,252.659,59.20773767429642,-81197.5,-23170.5,29603.86883714821
15645,KMLB20020201_114838,-21,1.000,165.018,278.391,12.052801882098501,-67491.0,-10304.5,6026.400941049251
15645,KMLB20020201_121330,4,1.000,165.018,278.391,33.392002212572955,-67491.0,-10304.5,16696.001106286472
15646,KMLB20020201_121330,4,1.000,220.696,206.416,31.002566400262623,-39652.0,-46292.0,15501.283200131313
15645,KMLB20020201_121831,9,1.000,165.018,278.391,41.41834555515492,-67491.0,-10304.5,20709.172777577463
15646,KMLB20020201_121831,9,1.000,220.696,206.416,42.9248423482742,-39652.0,-46292.0,21462.421174137096
15645,KMLB20020201_122332,14,1.000,165.018,278.391,41.418477405559685,-67491.0,-10304.5,20709.238702779843
15645,KMLB20020201_123331,24,1.000,163.018,262.391,48.02192337661199,-68491.0,-18304.5,24010.961688305993
15645,KMLB20020201_123832,29,1.000,163.018,262.391,48.0218273282977,-68491.0,-18304.5,24010.913664148848
15647,KMLB20020202_114945,-19,1.000,164.258,289.065,14.339310887137286,-67871.0,-4967.5,7169.655443568643
15647,KMLB20020202_115547,-13,1.000,164.258,289.065,22.08797613029448,-67871.0,-4967.5,11043.98806514724
15647,KMLB20020202_120047,-8,1.000,164.258,289.065,29.42347692294011,-67871.0,-4967.5,14711.738461470053
15647,KMLB20020202_120547,-3,1.000,171.258,300.065,29.42366403434339,-64371.0,532.5,14711.832017171695
15647,KMLB20020202_121047,2,1.000,175.258,301.065,29.42366403434339,-62371.0,1032.5,14711.832017171695
15647,KMLB20020202_121548,7,1.000,175.258,301.065,37.49470554116176,-62371.0,1032.5,18747.352770580877
15647,KMLB20020202_122049,12,1.000,175.258,301.065,51.43822604881399,-62371.0,1032.5,25719.113024406994
15647,KMLB20020202_123545,27,1.000,191.258,319.065,51.438011247864466,-54371.0,10032.5,25719.005623932237
15647,KMLB20020202_124045,32,1.000,191.258,319.065,55.10042126576813,-54371.0,10032.5,27550.210632884056
15647,KMLB20020202_124546,37,1.000,191.258,319.065,73.45113453917565,-54371.0,10032.5,36725.567269587824
15647,KMLB20020202_125046,42,1.000,191.258,319.065,73.45089039781891,-54371.0,10032.5,36725.44519890945
15647,KMLB20020202_125547,47,1.000,191.258,319.065,73.45089039781891,-54371.0,10032.5,36725.44519890945
15648,KMLB20020203_120307,-6,1.000,229.25,214.25,15.320711381434831,-35375.0,-42375.0,7660.355690717415
15648,KMLB20020203_121255,4,1.000,229.25,214.25,21.565111754462603,-35375.0,-42375.0,10782.5558772313
15649,KMLB20020203_121255,4,1.000,180.861,294.452,23.252658831980288,-59569.5,-2274.0,11626.329415990143
15649,KMLB20020203_122246,14,1.000,180.861,294.452,34.83700943244792,-59569.5,-2274.0,17418.504716223957
15649,KMLB20020203_123237,24,1.000,180.861,294.452,34.83714843632125,-59569.5,-2274.0,17418.574218160626
15649,KMLB20020203_124228,33,1.000,226.861,296.452,34.83714843632125,-36569.5,-1274.0,17418.574218160626
15650,KMLB20020207_115329,-13,1.000,174.0,272.833,15.209872582153656,-63000.0,-13083.5,7604.936291076829
15650,KMLB20020207_121323,7,1.000,183.0,232.83300000000003,32.20828994376355,-58500.0,-33083.5,16104.144971881778
15651,KMLB20020207_121323,7,1.000,246.998,446.01099999999997,26.47138820183424,-26501.0,73505.5,13235.69410091712
15650,KMLB20020207_121823,12,1.000,183.0,232.83300000000003,48.373662948456044,-58500.0,-33083.5,24186.83147422802
15651,KMLB20020207_121823,12,1.000,246.998,446.01099999999997,26.47138820183424,-26501.0,73505.5,13235.69410091712
15652,KMLB20020209_115313,-12,1.000,160.219,287.0,19.901803741128905,-69890.5,-6000.0,9950.901870564454
15653,KMLB20020210_114755,-16,1.000,164.905,275.863,20.668132922913976,-67547.5,-11568.5,10334.066461456989
15653,KMLB20020210_115256,-11,1.000,157.905,274.863,20.668132922913976,-71047.5,-12068.5,10334.066461456989
15653,KMLB20020210_115757,-6,1.000,148.905,264.863,20.668132922913976,-75547.5,-17068.5,10334.066461456989
15653,KMLB20020210_121751,14,1.000,148.905,264.863,27.14250431711455,-75547.5,-17068.5,13571.252158557276
15653,KMLB20020210_122252,19,1.000,148.905,264.863,27.142293251787837,-75547.5,-17068.5,13571.14662589392
15653,KMLB20020210_122752,24,1.000,148.905,264.863,27.142293251787837,-75547.5,-17068.5,13571.14662589392
15653,KMLB20020210_123252,29,1.000,151.905,258.863,27.142293251787837,-74047.5,-20068.5,13571.14662589392
15653,KMLB20020210_123753,34,1.000,151.905,258.863,27.142293251787837,-74047.5,-20068.5,13571.14662589392
15653,KMLB20020210_124253,39,1.000,151.905,258.863,36.6070547369476,-74047.5,-20068.5,18303.527368473802
15654,KMLB20020211_114705,-16,1.000,163.946,284.146,16.203751616767626,-68027.0,-7427.0,8101.875808383813
15654,KMLB20020211_115258,-10,1.000,163.946,284.146,25.842299987235435,-68027.0,-7427.0,12921.149993617719
15655,KMLB20020217_114306,-16,1.000,159.865,289.804,14.688710015997145,-70067.5,-4598.0,7344.355007998573
15655,KMLB20020217_115257,-6,1.000,151.865,304.804,14.688710015997145,-74067.5,2902.0,7344.355007998573
15656,KMLB20020220_114931,-6,1.000,213.75,485.75,17.059632676117616,-43125.0,93375.0,8529.816338058808
15656,KMLB20020220_122837,33,1.000,201.75,429.75,46.063784268873306,-49125.0,65375.0,23031.892134436654
15657,KMLB20020226_115226,2,1.000,236.088,482.265,20.97495820834133,-31956.0,91632.5,10487.479104170665
15657,KMLB20020226_120215,12,1.000,236.088,482.265,36.16213349665298,-31956.0,91632.5,18081.066748326488
15657,KMLB20020226_121206,22,1.000,234.088,460.265,36.1620758052121,-32956.0,80632.5,18081.03790260605
15658,KMLB20020310_111933,-18,1.000,154.237,307.132,12.31191510161012,-72881.5,4066.0,6155.95755080506
17379,KMLB20020312_112154,-14,1.000,323.414,429.547,4.3229066247096,11707.0,65273.5,2161.4533123548003
17380,KMLB20020312_112154,-14,1.000,297.208,430.85400000000004,5.953653451668816,-1396.0,65927.0,2976.826725834408
17379,KMLB20020312_112701,-9,1.000,321.806,426.73400000000004,10.426500896951387,10903.0,63867.0,5213.250448475693
17380,KMLB20020312_112701,-9,1.000,292.787,428.041,11.162234749471867,-3606.5,64520.5,5581.117374735934
15659,KMLB20020312_113716,1,1.000,198.462,464.846,16.86658231710471,-50769.0,82923.0,8433.291158552356
15659,KMLB20020312_114222,6,1.000,198.462,464.846,24.84717818406772,-50769.0,82923.0,12423.589092033859
15659,KMLB20020312_120243,27,1.000,187.462,424.846,24.84697586534923,-56269.0,62923.0,12423.487932674612
15660,KMLB20020313_111809,-16,1.000,292.187,392.139,14.60796651983205,-3906.5,46569.5,7303.983259916025
15660,KMLB20020313_112315,-11,1.000,292.187,392.139,22.86480480126495,-3906.5,46569.5,11432.402400632474
15660,KMLB20020313_112822,-6,1.000,295.187,378.139,22.86509005038784,-2406.5,39569.5,11432.54502519392
15661,KMLB20020315_112305,-9,1.000,287.433,388.27099999999996,13.56270526038575,-6283.5,44635.5,6781.352630192875
15662,KMLB20020315_112305,-9,1.000,325.0,426.0,11.94930340065052,12500.0,63500.0,5974.651700325258
15663,KMLB20020315_112305,-9,1.000,157.244,319.682,11.754784978070973,-71378.0,10341.0,5877.392489035487
15661,KMLB20020315_113258,1,1.000,287.433,388.27099999999996,21.644790510810168,-6283.5,44635.5,10822.395255405085
15662,KMLB20020315_113258,1,1.000,325.0,426.0,22.03318396621668,12500.0,63500.0,11016.591983108337
15663,KMLB20020315_113258,1,1.000,157.244,319.682,21.073292630823076,-71378.0,10341.0,10536.646315411539
17361,KMLB20020316_111825,-13,1.000,296.258,431.733,7.9404438700959545,-1871.0,66366.5,3970.2219350479777
17362,KMLB20020316_111825,-13,1.000,324.554,426.206,7.7447878398789145,12277.0,63603.0,3872.3939199394567
17363,KMLB20020316_111825,-13,1.000,299.486,391.195,7.8396768159069214,-257.00000000001,46097.5,3919.8384079534603
17364,KMLB20020316_111825,-13,1.000,165.899,320.782,10.694743351262913,-67050.5,10891.0,5347.371675631456
17361,KMLB20020316_112816,-3,1.000,295.142,424.477,15.14154097085915,-2429.0,62738.5,7570.770485429574
17362,KMLB20020316_112816,-3,1.000,322.042,419.78700000000003,14.944088127854888,11021.0,60393.5,7472.044063927445
17363,KMLB20020316_112816,-3,1.000,299.486,387.846,13.189634994455668,-257.00000000001,44423.0,6594.817497227834
17364,KMLB20020316_112816,-3,1.000,168.69,319.945,17.613798691743202,-65655.0,10472.5,8806.899345871601
17361,KMLB20020316_113809,7,1.000,294.584,421.128,25.20075058163376,-2708.0,61064.0,12600.37529081688
17362,KMLB20020316_113809,7,1.000,323.996,414.20500000000004,24.37667796112312,11998.0,57602.5,12188.33898056156
17363,KMLB20020316_113809,7,1.000,296.974,381.427,26.658872872652275,-1513.0,41213.5,13329.436436326137
17364,KMLB20020316_113809,7,1.000,170.644,315.759,25.100388792275776,-64678.0,8379.5,12550.194396137887
17361,KMLB20020316_120730,37,1.000,299.607,427.826,33.69159192540874,-196.49999999999,64413.0,16845.79596270437
17362,KMLB20020316_120730,37,1.000,330.694,418.39099999999996,36.36528180016931,15347.0,59695.5,18182.640900084658
17363,KMLB20020316_120730,37,1.000,292.788,381.427,34.046400564675444,-3606.0,41213.5,17023.200282337722
17364,KMLB20020316_120730,37,1.000,170.644,315.759,33.82681662178178,-64678.0,8379.5,16913.40831089089
17363,KMLB20020316_121722,46,1.000,292.788,375.845,37.092952422902904,-3606.0,38422.5,18546.47621145145
17365,KMLB20020317_111847,-11,1.000,166.278,331.481,12.3128942964485,-66861.0,16240.5,6156.44714822425
17366,KMLB20020317_111847,-11,1.000,323.763,426.302,7.267823783384147,11881.5,63651.0,3633.911891692074
17367,KMLB20020317_111847,-11,1.000,293.722,434.81100000000004,9.67111802579263,-3139.0,67905.5,4835.559012896316
17365,KMLB20020317_112840,-1,1.000,166.278,331.481,15.94807415209647,-66861.0,16240.5,7974.0370760482365
17366,KMLB20020317_112840,-1,1.000,321.084,426.302,17.6797389057081,10542.0,63651.0,8839.869452854049
17367,KMLB20020317_112840,-1,1.000,291.043,429.453,16.101754112435096,-4478.5,65226.5,8050.877056217548
17365,KMLB20020317_113833,9,1.000,166.278,331.481,26.115722251873063,-66861.0,16240.5,13057.861125936532
17366,KMLB20020317_113833,9,1.000,318.74,423.623,23.29786610744949,9370.0,62311.5,11648.933053724746
17367,KMLB20020317_113833,9,1.000,291.043,424.764,25.668428068935448,-4478.5,62882.0,12834.214034467723
17365,KMLB20020317_114825,18,1.000,166.278,331.481,34.96396828770799,-66861.0,16240.5,17481.984143853995
17366,KMLB20020317_114825,18,1.000,320.414,417.595,26.959640861644903,10207.0,59297.5,13479.820430822452
17367,KMLB20020317_114825,18,1.000,286.354,421.41499999999996,29.88042941632154,-6823.0,61207.5,14940.21470816077
17381,KMLB20020318_111354,-15,1.000,296.419,432.527,6.4255791554541295,-1790.5,66763.5,3212.789577727065
17382,KMLB20020318_111354,-15,1.000,325.275,428.58799999999997,3.921517858856611,12637.5,64794.0,1960.7589294283055
17383,KMLB20020318_111354,-15,1.000,164.764,327.626,12.693289926012106,-67618.0,14313.0,6346.644963006052
17381,KMLB20020318_112347,-5,1.000,294.49,427.704,14.520209784609555,-2755.0,64352.0,7260.104892304777
17382,KMLB20020318_112347,-5,1.000,323.828,423.765,11.228856488937009,11914.0,62382.5,5614.428244468505
17383,KMLB20020318_112347,-5,1.000,164.764,327.626,24.43331353495619,-67618.0,14313.0,12216.656767478098
17381,KMLB20020318_113339,5,1.000,294.49,427.704,25.092801937227737,-2755.0,64352.0,12546.400968613869
17382,KMLB20020318_113339,5,1.000,323.828,423.765,21.744014989422517,11914.0,62382.5,10872.007494711259
17381,KMLB20020318_114332,15,1.000,286.774,419.506,34.7751247255605,-6613.0,60253.0,17387.562362780252
17382,KMLB20020318_114332,15,1.000,321.899,420.389,29.106948974328546,10949.5,60694.5,14553.474487164272
17384,KMLB20020319_110904,-20,1.000,162.943,328.757,4.967815771519424,-68528.5,14878.5,2483.907885759712
17384,KMLB20020319_111857,-10,1.000,160.934,326.748,17.768540821647765,-69533.0,13874.0,8884.270410823883
17385,KMLB20020319_111857,-10,1.000,296.214,433.696,9.236140241876631,-1893.0,67348.0,4618.070120938315
17386,KMLB20020319_111857,-10,1.000,322.94,425.201,8.736503598189332,11470.0,63100.5,4368.251799094666
17384,KMLB20020319_112848,0,1.000,158.925,322.327,26.5381062844241,-70537.5,11663.5,13269.05314221205
17385,KMLB20020319_112848,0,1.000,295.008,429.677,16.45663575745775,-2496.0,65338.5,8228.317878728874
17386,KMLB20020319_112848,0,1.000,317.716,422.78999999999996,16.40644374869835,8858.0,61895.0,8203.221874349176
17384,KMLB20020319_113844,10,1.000,148.476,318.71,37.670520344269725,-75762.0,9855.0,18835.260172134862
17385,KMLB20020319_113844,10,1.000,288.578,427.668,25.236631037353117,-5711.0,64334.0,12618.315518676558
17386,KMLB20020319_113844,10,1.000,312.09,418.772,21.505086312922163,6045.0,59886.0,10752.54315646108
17384,KMLB20020319_114837,20,1.000,142.689,310.608,46.74911342897632,-78655.5,5804.0,23374.55671448816
17385,KMLB20020319_114837,20,1.000,288.578,427.668,34.679238852056834,-5711.0,64334.0,17339.619426028414
17386,KMLB20020319_114837,20,1.000,312.09,418.772,27.885558519748695,6045.0,59886.0,13942.779259874347
17387,KMLB20020320_111433,-32,1.000,163.927,326.218,12.170140969680698,-68036.5,13609.0,6085.070484840349
17388,KMLB20020320_111433,-32,1.000,293.869,432.154,8.865821317731926,-3065.5,66577.0,4432.910658865963
17389,KMLB20020320_111433,-32,1.000,324.51,427.538,5.4397414753047375,12255.0,64269.0,2719.870737652369
17387,KMLB20020320_112426,-23,1.000,163.927,326.218,18.434635553964778,-68036.5,13609.0,9217.317776982389
17388,KMLB20020320_112426,-23,1.000,293.869,432.154,24.36282956543752,-3065.5,66577.0,12181.414782718759
17389,KMLB20020320_112426,-23,1.000,318.144,424.06600000000003,16.025844566829377,9072.0,62533.0,8012.922283414687
17387,KMLB20020320_113419,-13,1.000,163.927,320.431,22.79213908083154,-68036.5,10715.5,11396.06954041577
17388,KMLB20020320_113419,-13,1.000,288.082,420.58000000000004,35.95473006526807,-5959.0,60790.0,17977.365032634036
17389,KMLB20020320_113419,-13,1.000,313.514,418.279,21.379090155958973,6757.0,59639.5,10689.545077979488
17387,KMLB20020320_114412,-3,1.000,161.612,307.121,29.107318890873056,-69194.0,4060.5,14553.659445436528
17388,KMLB20020320_114412,-3,1.000,287.503,414.793,42.25719659695191,-6248.5,57896.5,21128.598298475958
17388,KMLB20020320_115403,7,1.000,284.031,407.27,51.978204651099695,-7984.5,54135.0,25989.102325549848
17390,KMLB20020321_111000,-14,1.000,302.241,435.453,6.457488722613991,1120.5,68226.5,3228.744361306996
17391,KMLB20020321_111000,-14,1.000,327.53,430.118,4.706661156079509,13765.0,65559.0,2353.330578039754
17392,KMLB20020321_111000,-14,1.000,168.644,328.305,8.32671757782059,-65678.0,14652.5,4163.358788910295
17390,KMLB20020321_111953,-4,1.000,303.915,432.94100000000003,16.237768840245455,1957.5,66970.5,8118.8844201227275
17391,KMLB20020321_111953,-4,1.000,329.763,424.536,12.959284790942885,14881.5,62768.0,6479.642395471442
17392,KMLB20020321_111953,-4,1.000,168.644,328.305,17.674365536785793,-65678.0,14652.5,8837.182768392897
17390,KMLB20020321_112946,6,1.000,305.869,418.70799999999997,21.398589574808327,2934.5,59854.0,10699.294787404164
17391,KMLB20020321_112946,6,1.000,334.228,419.79200000000003,22.09034802478766,17114.0,60396.0,11045.174012393829
17392,KMLB20020321_112946,6,1.000,176.977,321.361,27.545627701989,-61511.5,11180.5,13772.813850994502
17390,KMLB20020321_113938,16,1.000,305.869,418.70799999999997,30.06276568464908,2934.5,59854.0,15031.38284232454
17391,KMLB20020321_113938,16,1.000,334.228,419.79200000000003,32.20901630215141,17114.0,60396.0,16104.508151075705
17392,KMLB20020321_113938,16,1.000,188.088,315.805,35.14802159933943,-55956.0,8402.5,17574.01079966972
17390,KMLB20020321_114930,26,1.000,305.869,418.70799999999997,40.83234366132875,2934.5,59854.0,20416.171830664374
17391,KMLB20020321_114930,26,1.000,335.623,415.327,39.88330894501624,17811.5,58163.5,19941.654472508115
17392,KMLB20020321_114930,26,1.000,192.949,308.861,40.37474986031709,-53525.5,4930.5,20187.37493015854
17393,KMLB20020324_110929,-12,1.000,166.549,337.753,5.331416892051526,-66725.5,19376.5,2665.7084460257624
17394,KMLB20020324_110929,-12,1.000,292.649,436.722,7.994186298996774,-3675.5,68861.0,3997.093149498387
17395,KMLB20020324_110929,-12,1.000,321.432,428.59299999999996,7.928687713773902,10716.0,64796.5,3964.343856886951
17393,KMLB20020324_111922,-2,1.000,166.549,337.753,15.45748509745391,-66725.5,19376.5,7728.742548726953
17394,KMLB20020324_111922,-2,1.000,292.649,436.722,21.267643704004954,-3675.5,68861.0,10633.821852002477
17395,KMLB20020324_111922,-2,1.000,321.432,428.59299999999996,16.008494085218107,10716.0,64796.5,8004.247042609054
17393,KMLB20020324_113024,9,1.000,166.549,337.753,23.17551194186193,-66725.5,19376.5,11587.755970930964
17394,KMLB20020324_113024,9,1.000,284.451,437.687,31.052818463240843,-7774.5,69343.5,15526.409231620422
17395,KMLB20020324_113024,9,1.000,321.432,428.59299999999996,21.272757413513524,10716.0,64796.5,10636.378706756761
17394,KMLB20020324_114016,19,1.000,273.359,435.75800000000004,39.04336332332913,-13320.5,68379.0,19521.681661664566
17395,KMLB20020324_114016,19,1.000,321.432,428.59299999999996,28.561870775052757,10716.0,64796.5,14280.93538752638
17368,KMLB20020325_110713,-13,1.000,323.088,430.425,5.4053127317901515,11544.0,65712.5,2702.6563658950754
17369,KMLB20020325_110713,-13,1.000,293.03,438.443,7.916091832000273,-3485.0,69721.5,3958.0459160001365
17370,KMLB20020325_110713,-13,1.000,163.437,337.079,9.166443029395882,-68281.5,19039.5,4583.221514697941
17368,KMLB20020325_111707,-3,1.000,317.395,422.053,12.17075844125183,8697.5,61526.5,6085.379220625915
17369,KMLB20020325_111707,-3,1.000,289.681,428.06100000000004,14.940397238856436,-5159.5,64530.5,7470.198619428218
17370,KMLB20020325_111707,-3,1.000,163.437,337.079,15.466482813999905,-68281.5,19039.5,7733.241406999953
17368,KMLB20020325_112700,7,1.000,313.041,416.695,22.83404957802148,6520.5,58847.5,11417.024789010742
17369,KMLB20020325_112700,7,1.000,285.327,422.703,27.66368990164211,-7336.5,61851.5,13831.844950821052
17370,KMLB20020325_112700,7,1.000,159.965,328.977,19.94038764171217,-70017.5,14988.5,9970.193820856084
17368,KMLB20020325_113652,17,1.000,310.697,415.355,29.02497317402916,5348.5,58177.5,14512.486587014579
17369,KMLB20020325_113652,17,1.000,279.299,417.679,36.06057764330134,-10350.5,59339.5,18030.28882165067
17370,KMLB20020325_113652,17,1.000,159.965,328.977,23.7457112434005,-70017.5,14988.5,11872.85562170025
17368,KMLB20020325_114645,27,1.000,310.697,415.355,36.52720101636966,5348.5,58177.5,18263.60050818483
17369,KMLB20020325_114645,27,1.000,272.933,415.36400000000003,44.269899074640506,-13533.5,58182.0,22134.94953732025
17370,KMLB20020325_114645,27,1.000,155.335,317.982,31.51271502281868,-72332.5,9491.0,15756.35751140934
17371,KMLB20020326_110136,-17,1.000,297.095,438.747,3.925293074004412,-1452.5,69873.5,1962.646537002206
17371,KMLB20020326_110644,-12,1.000,294.188,437.39,8.650851602128652,-2906.0,69195.0,4325.425801064326
17372,KMLB20020326_110644,-12,1.000,162.884,333.207,6.182058774497295,-68558.0,17103.5,3091.0293872486477
17373,KMLB20020326_110644,-12,1.000,323.168,427.145,4.706661156079509,11584.0,64072.5,2353.330578039754
17371,KMLB20020326_111151,-7,1.000,291.475,431.382,13.661838466322326,-4262.5,66191.0,6830.919233161162
17372,KMLB20020326_111151,-7,1.000,162.305,328.577,10.553741142532758,-68847.5,14788.5,5276.87057126638
17373,KMLB20020326_111151,-7,1.000,319.696,423.673,10.225732559362383,9848.0,62336.5,5112.866279681191
17371,KMLB20020326_111658,-2,1.000,288.568,429.25,17.723530811364647,-5716.0,65125.0,8861.765405682323
17372,KMLB20020326_111658,-2,1.000,162.305,328.577,18.813633511411677,-68847.5,14788.5,9406.816755705837
17373,KMLB20020326_111658,-2,1.000,314.488,421.358,15.616562500044695,7244.0,61179.0,7808.281250022348
17371,KMLB20020326_112203,3,1.000,285.079,425.18,21.95164041647594,-7460.5,63090.0,10975.820208237968
17372,KMLB20020326_112203,3,1.000,158.254,326.841,22.214899988907934,-70873.0,13920.5,11107.449994453968
17373,KMLB20020326_112203,3,1.000,311.594,417.88599999999997,18.485743796814514,5797.0,59443.0,9242.871898407258
17371,KMLB20020326_112711,8,1.000,283.916,423.24199999999996,28.461089729203746,-8042.0,62121.0,14230.54486460187
17372,KMLB20020326_112711,8,1.000,155.36,322.211,29.042213559547175,-72320.0,11605.5,14521.106779773585
17373,KMLB20020326_112711,8,1.000,308.122,416.15,23.8310626105749,4061.0,58575.0,11915.53130528745
17371,KMLB20020326_113220,13,1.000,283.141,422.079,34.15704597738487,-8429.5,61539.5,17078.522988692435
17372,KMLB20020326_113220,13,1.000,153.045,318.739,31.94093019336336,-73477.5,9869.5,15970.46509668168
17373,KMLB20020326_113220,13,1.000,308.122,416.15,30.63422963021256,4061.0,58575.0,15317.11481510628
17371,KMLB20020326_113727,18,1.000,279.457,417.05600000000004,39.35791228556747,-10271.5,59028.0,19678.956142783736
17372,KMLB20020326_113727,18,1.000,151.888,313.531,37.31663704900775,-74056.0,7265.5,18658.318524503877
17373,KMLB20020326_113727,18,1.000,301.178,412.099,35.98632277785424,589.0,56549.5,17993.16138892712
17371,KMLB20020326_114237,24,1.000,278.117,415.382,42.43838347763704,-10941.5,58191.0,21219.191738818517
17372,KMLB20020326_114237,24,1.000,151.888,313.531,41.166783841477326,-74056.0,7265.5,20583.39192073866
17373,KMLB20020326_114237,24,1.000,301.178,412.099,41.32488359302674,589.0,56549.5,20662.44179651337
17371,KMLB20020326_114744,29,1.000,278.117,415.382,48.35975856118515,-10941.5,58191.0,24179.879280592573
17372,KMLB20020326_114744,29,1.000,151.888,313.531,46.512171571354365,-74056.0,7265.5,23256.085785677184
17371,KMLB20020326_115251,34,1.000,278.117,415.382,53.1264733026884,-10941.5,58191.0,26563.2366513442
17372,KMLB20020326_115251,34,1.000,144.944,308.901,53.31990467653174,-77528.0,4950.5,26659.95233826587
17371,KMLB20020326_115757,39,1.000,278.117,415.382,60.11770933410967,-10941.5,58191.0,30058.854667054835
17372,KMLB20020326_115757,39,1.000,144.365,304.271,56.2557504338318,-77817.5,2635.5,28127.875216915898
17396,KMLB20020328_110729,-10,1.000,298.304,442.622,6.794218628695683,-848.00000000001,71811.0,3397.109314347841
17396,KMLB20020328_111722,0,1.000,293.265,443.397,16.01005186698389,-3367.5,72198.5,8005.025933491946
17396,KMLB20020328_112716,10,1.000,290.939,448.824,27.07643046024633,-4530.5,74912.0,13538.215230123164
17396,KMLB20020328_113708,20,1.000,290.939,448.824,31.145469983494163,-4530.5,74912.0,15572.73499174708
17396,KMLB20020328_114701,30,1.000,290.939,448.824,35.54659876792678,-4530.5,74912.0,17773.29938396339
17397,KMLB20020329_110242,-13,1.000,295.111,439.145,6.777424119664177,-2444.5,70072.5,3388.7120598320885
17398,KMLB20020329_110242,-13,1.000,325.247,430.741,5.131562234576606,12623.5,65870.5,2565.781117288303
17397,KMLB20020329_111235,-3,1.000,287.436,433.563,17.867371868804256,-6282.0,67281.5,8933.685934402127
17398,KMLB20020329_111235,-3,1.000,317.107,425.625,15.481135866264141,8553.5,63312.5,7740.56793313207
17397,KMLB20020329_112228,6,1.000,284.878,428.679,27.224955080092485,-7561.0,64839.5,13612.47754004624
17398,KMLB20020329_112228,6,1.000,310.363,418.648,22.95560177996612,5181.5,59824.0,11477.80088998306
17397,KMLB20020329_113220,16,1.000,280.524,425.66499999999996,35.95353411873561,-9738.0,63332.5,17976.767059367805
17398,KMLB20020329_113220,16,1.000,307.014,417.64300000000003,31.45291376661177,3507.0,59321.5,15726.456883305882
17397,KMLB20020329_115159,36,1.000,275.835,408.91999999999996,48.60481821325519,-12082.5,54960.0,24302.409106627594
17397,KMLB20020329_120148,46,1.000,275.835,408.91999999999996,55.62587426068586,-12082.5,54960.0,27812.937130342933
17376,KMLB20020330_110204,-13,1.000,294.864,432.327,6.831166548564997,-2568.0,66663.5,3415.583274282498
17377,KMLB20020330_110204,-13,1.000,165.833,329.846,6.228243674333936,-67083.5,15423.0,3114.1218371669684
17378,KMLB20020330_110204,-13,1.000,325.782,426.993,6.100605405694492,12891.0,63996.5,3050.302702847246
17376,KMLB20020330_111157,-3,1.000,289.559,424.129,17.052881108498596,-5220.5,62564.5,8526.440554249297
17377,KMLB20020330_111157,-3,1.000,162.457,325.506,20.79132311720803,-68771.5,13253.0,10395.661558604013
17378,KMLB20020330_111157,-3,1.000,319.03,419.759,13.276020075728653,9515.0,60379.5,6638.010037864327
17376,KMLB20020330_112150,7,1.000,288.98,420.65700000000004,28.87037059494506,-5510.0,60828.5,14435.18529747253
17377,KMLB20020330_112150,7,1.000,158.117,316.343,29.732143257171245,-70941.5,8671.5,14866.071628585623
17378,KMLB20020330_112150,7,1.000,314.4,415.70799999999997,20.804048809258955,7200.0,58354.0,10402.024404629477
17376,KMLB20020330_113144,17,1.000,288.401,411.976,37.126240552446596,-5799.5,56488.0,18563.1202762233
17377,KMLB20020330_113144,17,1.000,158.117,307.662,35.04000121666074,-70941.5,4331.0,17520.00060833037
17376,KMLB20020330_114136,27,1.000,283.193,405.03200000000004,46.34023247102578,-8403.5,53016.0,23170.11623551289
17377,KMLB20020330_114136,27,1.000,156.381,295.509,40.87150931653612,-71809.5,-1745.5,20435.75465826806
17376,KMLB20020330_115128,36,1.000,281.457,398.666,53.14386615792751,-9271.5,49833.0,26571.933078963753
17377,KMLB20020330_115128,36,1.000,157.538,283.935,49.617844228668666,-71231.0,-7532.5,24808.922114334335
17376,KMLB20020330_120121,46,1.000,283.193,388.828,62.38030852299865,-8403.5,44914.0,31190.154261499323
17377,KMLB20020330_120121,46,1.000,159.274,272.94,54.522737245982206,-70363.0,-13030.0,27261.368622991104
17374,KMLB20020331_105927,-15,1.000,295.469,435.185,6.158546461853187,-2265.5,68092.5,3079.273230926594
17374,KMLB20020331_110919,-5,1.000,295.469,435.185,20.346188751792543,-2265.5,68092.5,10173.094375896273
17374,KMLB20020331_111912,5,1.000,294.469,419.185,31.25164580816256,-2765.5,60092.5,15625.822904081278
17375,KMLB20020331_111912,5,1.000,164.848,315.72,21.04939789463783,-67576.0,8360.0,10524.698947318915
17374,KMLB20020331_112905,15,1.000,294.469,419.185,42.14346200666651,-2765.5,60092.5,21071.731003333254
17375,KMLB20020331_112905,15,1.000,164.848,315.72,32.51442001368959,-67576.0,8360.0,16257.210006844796
17374,KMLB20020331_113858,25,1.000,290.469,406.185,51.39340794659114,-4765.5,53592.5,25696.703973295575
17375,KMLB20020331_113858,25,1.000,149.848,307.72,46.799501120353334,-75076.0,4360.0,23399.750560176664
17374,KMLB20020331_114850,35,1.000,290.469,406.185,63.146807833058695,-4765.5,53592.5,31573.403916529354
17375,KMLB20020331_114850,35,1.000,147.848,295.72,56.026627520227855,-76076.0,-1640.0,28013.313760113935
15666,KMLB20020402_110234,-8,1.000,303.155,435.70500000000004,12.47927434820686,1577.5,68352.5,6239.637174103429
15666,KMLB20020402_111226,1,1.000,303.155,435.70500000000004,19.713243860173744,1577.5,68352.5,9856.62193008687
15667,KMLB20020402_111226,1,1.000,288.102,383.48199999999997,16.76381786744005,-5949.0,42241.0,8381.908933720024
15666,KMLB20020402_112218,11,1.000,303.155,435.70500000000004,29.88520103996835,1577.5,68352.5,14942.600519984177
15667,KMLB20020402_112218,11,1.000,293.102,382.48199999999997,16.76381786744005,-3449.0,41741.0,8381.908933720024
15666,KMLB20020402_113212,21,1.000,312.155,435.70500000000004,29.88537002605106,6077.5,68352.5,14942.685013025528
15666,KMLB20020402_114205,31,1.000,312.155,435.70500000000004,43.853905872963374,6077.5,68352.5,21926.952936481688
15668,KMLB20020403_105654,-13,1.000,296.336,435.262,13.459940810721085,-1832.0,68131.0,6729.970405360543
15668,KMLB20020403_110202,-8,1.000,296.336,435.262,18.549515308096314,-1832.0,68131.0,9274.757654048157
15668,KMLB20020403_110710,-3,1.000,298.336,419.262,18.54971719625525,-831.99999999999,60131.0,9274.858598127625
15668,KMLB20020403_111218,2,1.000,298.336,419.262,24.445898331652863,-831.99999999999,60131.0,12222.949165826434
15668,KMLB20020403_111725,7,1.000,298.336,419.262,27.37875125189061,-831.99999999999,60131.0,13689.375625945304
15668,KMLB20020403_112233,13,1.000,301.336,414.262,27.378651486016565,668.00000000001,57631.0,13689.325743008281
15668,KMLB20020403_112741,18,1.000,301.336,414.262,39.83079622213995,668.00000000001,57631.0,19915.39811106998
15669,KMLB20020404_110138,-7,1.000,297.044,433.058,18.383091981441833,-1478.0,67029.0,9191.545990720915
15669,KMLB20020404_111130,3,1.000,297.044,433.058,27.356304954031952,-1478.0,67029.0,13678.152477015976
15669,KMLB20020404_112123,12,1.000,297.044,433.058,39.05436297420861,-1478.0,67029.0,19527.181487104303
15669,KMLB20020404_113117,22,1.000,297.044,433.058,39.05416103148909,-1478.0,67029.0,19527.080515744543
15670,KMLB20020405_110018,-8,1.000,302.5,445.95500000000004,14.265907708805381,1250.0,73477.5,7132.953854402691
15670,KMLB20020405_110613,-2,1.000,302.5,445.95500000000004,14.265907708805381,1250.0,73477.5,7132.953854402691
15670,KMLB20020405_111208,4,1.000,302.5,445.95500000000004,21.257058897085724,1250.0,73477.5,10628.52944854286
15670,KMLB20020405_111805,10,1.000,302.5,445.95500000000004,25.660705768637744,1250.0,73477.5,12830.352884318872
15670,KMLB20020405_112402,16,1.000,302.5,445.95500000000004,32.26645442072478,1250.0,73477.5,16133.227210362389
15670,KMLB20020405_113354,26,1.000,302.5,445.95500000000004,32.266569131138,1250.0,73477.5,16133.284565568998
15671,KMLB20020406_110039,-6,1.000,296.476,443.78499999999997,14.174887767673823,-1762.0,72392.5,7087.443883836911
15671,KMLB20020406_110547,-1,1.000,296.476,443.78499999999997,22.624841039405275,-1762.0,72392.5,11312.420519702639
15671,KMLB20020406_111054,4,1.000,296.476,443.78499999999997,26.29113723445078,-1762.0,72392.5,13145.56861722539
15671,KMLB20020406_111601,9,1.000,296.476,443.78499999999997,32.15904410340067,-1762.0,72392.5,16079.522051700333
15672,KMLB20020408_110719,2,1.000,277.2,420.0,20.751812546212346,-11400.0,60500.0,10375.906273106173
15672,KMLB20020408_111710,12,1.000,277.2,420.0,38.29395342126434,-11400.0,60500.0,19146.97671063217
15672,KMLB20020408_112703,22,1.000,258.2,405.0,38.29370410397056,-20900.0,53000.0,19146.852051985286
15672,KMLB20020408_113657,32,1.000,251.2,384.0,38.29370410397056,-24400.0,42500.0,19146.852051985286
15673,KMLB20020409_111658,13,1.000,264.582,409.56,37.13099775919322,-17709.0,55280.0,18565.49887959661
15673,KMLB20020409_112650,23,1.000,264.582,409.56,57.66711932352586,-17709.0,55280.0,28833.559661762927
15673,KMLB20020409_113643,33,1.000,241.582,393.56,57.66700496110977,-29209.0,47280.0,28833.502480554886
15674,KMLB20020410_104910,-14,1.000,295.948,432.04499999999996,10.338103636265242,-2026.0,66522.5,5169.0518181326215
15674,KMLB20020410_105505,-8,1.000,295.948,432.04499999999996,19.133446678179798,-2026.0,66522.5,9566.723339089898
15675,KMLB20020410_105505,-8,1.000,160.0,305.0,11.94930340065052,-70000.0,3000.0,5974.651700325258
15674,KMLB20020410_110101,-2,1.000,295.948,432.04499999999996,27.192234202375857,-2026.0,66522.5,13596.117101187929
15674,KMLB20020410_110657,4,1.000,295.948,432.04499999999996,36.000609047579346,-2026.0,66522.5,18000.30452378967
15674,KMLB20020410_112438,22,1.000,261.948,405.04499999999996,36.000588812881915,-19026.0,53022.5,18000.294406440957
15676,KMLB20020411_104822,-14,1.000,292.547,432.321,9.223843389186953,-3726.5,66660.5,4611.921694593477
15676,KMLB20020411_105329,-9,1.000,292.547,432.321,17.3049802689442,-3726.5,66660.5,8652.4901344721
15676,KMLB20020411_105837,-3,1.000,292.547,432.321,17.30479929174617,-3726.5,66660.5,8652.399645873085
15676,KMLB20020411_111352,12,1.000,289.547,428.321,36.20540804198857,-5226.5,64660.5,18102.704020994286
15676,KMLB20020411_111901,17,1.000,277.547,418.321,36.20538368042792,-11226.5,59660.5,18102.691840213964
15676,KMLB20020411_112410,22,1.000,274.547,406.321,36.20538368042792,-12726.5,53660.5,18102.691840213964
15677,KMLB20020413_105011,-9,1.000,293.0,427.0,11.60577652605721,-3500.0,64000.0,5802.888263028605
15677,KMLB20020413_105518,-4,1.000,293.0,427.0,19.83244667239574,-3500.0,64000.0,9916.223336197869
15677,KMLB20020413_110025,1,1.000,293.0,427.0,30.095303116080306,-3500.0,64000.0,15047.651558040152
15678,KMLB20020414_105457,-3,1.000,154.017,318.219,25.128844070143735,-72991.5,9609.5,12564.422035071866
15679,KMLB20020414_105457,-3,1.000,294.599,426.842,17.58960362367396,-2700.5,63921.0,8794.801811836978
15678,KMLB20020414_110003,2,1.000,154.017,303.219,25.128844070143735,-72991.5,2109.5,12564.422035071866
15679,KMLB20020414_110003,2,1.000,294.599,426.842,24.182440258340705,-2700.5,63921.0,12091.220129170353
15678,KMLB20020414_110511,7,1.000,154.017,300.219,25.128844070143735,-72991.5,609.5,12564.422035071866
15679,KMLB20020414_110511,7,1.000,294.599,426.842,32.91838975573714,-2700.5,63921.0,16459.194877868566
15678,KMLB20020414_111018,12,1.000,154.017,300.219,25.128844070143735,-72991.5,609.5,12564.422035071866
15679,KMLB20020414_111018,12,1.000,294.599,426.842,32.9183893547253,-2700.5,63921.0,16459.194677362648
15678,KMLB20020414_111527,17,1.000,154.017,300.219,32.45815382527241,-72991.5,609.5,16229.076912636207
15678,KMLB20020414_112034,23,1.000,154.017,300.219,32.458151426584266,-72991.5,609.5,16229.075713292132
15678,KMLB20020414_112542,28,1.000,155.017,286.219,32.458151426584266,-72491.5,-6390.5,16229.075713292132
15678,KMLB20020414_113049,33,1.000,161.017,283.219,32.458151426584266,-69491.5,-7890.5,16229.075713292132
15678,KMLB20020414_114105,43,1.000,161.017,283.219,43.4750378171047,-69491.5,-7890.5,21737.518908552353
15664,KMLB20020415_104733,-9,1.000,168.154,314.051,12.61507022812088,-65923.0,7525.5,6307.53511406044
15665,KMLB20020415_104733,-9,1.000,292.505,428.45,9.890344248440634,-3747.5,64725.0,4945.172124220317
15664,KMLB20020415_105907,2,1.000,168.154,314.051,27.203700344056326,-65923.0,7525.5,13601.850172028162
15665,KMLB20020415_105907,2,1.000,292.505,418.45,23.95708736054582,-3747.5,59725.0,11978.543680272911
15665,KMLB20020415_110413,7,1.000,292.505,418.45,23.957329343966556,-3747.5,59725.0,11978.664671983279
15680,KMLB20020416_104638,-9,1.000,293.5,428.611,10.448942435546416,-3250.0,64805.5,5224.471217773208
15681,KMLB20020416_104638,-9,1.000,159.605,304.5,9.408819398583349,-70197.5,2750.0,4704.409699291674
15680,KMLB20020416_105145,-4,1.000,293.5,428.611,14.399775241928257,-3250.0,64805.5,7199.887620964128
15681,KMLB20020416_105145,-4,1.000,159.605,304.5,13.582682971382704,-70197.5,2750.0,6791.341485691353
15680,KMLB20020416_105653,1,1.000,293.5,428.611,22.472444137620897,-3250.0,64805.5,11236.222068810448
15681,KMLB20020416_105653,1,1.000,159.605,304.5,18.74579826010947,-70197.5,2750.0,9372.899130054735
15680,KMLB20020416_110159,6,1.000,287.5,424.611,22.472383046312157,-6250.0,62805.5,11236.19152315608
15681,KMLB20020416_110159,6,1.000,159.605,304.5,28.27876879625754,-70197.5,2750.0,14139.38439812877
15680,KMLB20020416_110708,11,1.000,287.5,424.611,29.92026749819266,-6250.0,62805.5,14960.133749096332
15681,KMLB20020416_110708,11,1.000,150.605,291.5,28.278574452365696,-74697.5,-3750.0,14139.287226182849
15681,KMLB20020416_113234,37,1.000,138.605,284.5,50.31752283889537,-80697.5,-7250.0,25158.76141944769
15682,KMLB20020417_104725,-8,1.000,158.5,302.5,9.357437173751016,-70750.0,1750.0,4678.718586875509
15682,KMLB20020417_105233,-2,1.000,158.5,302.5,17.25365089059945,-70750.0,1750.0,8626.825445299724
15682,KMLB20020417_111256,18,1.000,154.5,284.5,34.134451071021495,-72750.0,-7250.0,17067.225535510748
15683,KMLB20020417_111256,18,1.000,58.062,313.876,36.798481361349694,-120969.0,7438.0,18399.24068067485
15682,KMLB20020417_111804,23,1.000,154.5,284.5,34.134680019684936,-72750.0,-7250.0,17067.340009842464
15683,KMLB20020417_111804,23,1.000,57.062,306.876,36.798481361349694,-121469.0,3938.0,18399.24068067485
15682,KMLB20020417_112311,28,1.000,154.5,284.5,34.134680019684936,-72750.0,-7250.0,17067.340009842464
15683,KMLB20020417_112311,28,1.000,57.062,306.876,44.008319700516786,-121469.0,3938.0,22004.1598502584
15682,KMLB20020417_112818,33,1.000,154.5,284.5,46.61246316281782,-72750.0,-7250.0,23306.23158140891
15684,KMLB20020418_104551,-8,1.000,160.783,309.076,12.838215890249863,-69608.5,5038.0,6419.1079451249325
15684,KMLB20020418_105057,-3,1.000,160.783,309.076,21.361395204663197,-69608.5,5038.0,10680.697602331598
15684,KMLB20020418_105605,2,1.000,155.783,296.076,21.361058926367143,-72108.5,-1462.0,10680.529463183571
15684,KMLB20020418_112231,29,1.000,147.783,291.076,46.328379020547146,-76108.5,-3962.0,23164.189510273576
15687,KMLB20020419_104716,-6,1.000,153.643,317.5,20.991106907574352,-73178.5,9250.0,10495.553453787175
15688,KMLB20020419_104716,-6,1.000,68.207,310.986,17.322416054545833,-115896.5,5993.0,8661.208027272914
15687,KMLB20020419_105709,4,1.000,153.643,317.5,29.73203371312246,-73178.5,9250.0,14866.016856561226
15688,KMLB20020419_105709,4,1.000,68.207,310.986,35.28286268391857,-115896.5,5993.0,17641.431341959287
15687,KMLB20020419_112633,34,1.000,163.643,278.5,42.278697947646975,-68178.5,-10250.0,21139.34897382349
15689,KMLB20020420_104706,-5,1.000,68.083,317.0,11.990409180516384,-115958.5,9000.0,5995.204590258191
15689,KMLB20020420_105658,5,1.000,68.083,317.0,30.974670452793337,-115958.5,9000.0,15487.335226396668
15690,KMLB20020422_104818,-2,1.000,60.822,328.347,17.056696548984338,-119589.0,14673.5,8528.34827449217
15691,KMLB20020424_103843,-10,1.000,156.3,315.5,15.742045625059957,-71850.0,8250.0,7871.022812529977
15691,KMLB20020424_104835,0,1.000,156.3,315.5,20.92106479004109,-71850.0,8250.0,10460.532395020546
15692,KMLB20020427_104408,-2,1.000,163.749,295.911,12.026376737899017,-68125.5,-1544.5,6013.188368949508
15692,KMLB20020427_105401,8,1.000,163.749,295.911,27.198734519275504,-68125.5,-1544.5,13599.367259637755
15692,KMLB20020427_110353,18,1.000,163.749,295.911,33.78451692425965,-68125.5,-1544.5,16892.258462129823
15693,KMLB20020429_103951,-4,1.000,74.551,330.499,15.052055748740065,-112724.5,15749.5,7526.027874370033
15693,KMLB20020429_104943,6,1.000,74.551,330.499,26.060532947028967,-112724.5,15749.5,13030.266473514484
6694,KMLB20021026_112157,-8,1.000,243.875,199.0,7.637600705434525,-28062.5,-50000.0,3818.8003527172623
6694,KMLB20021026_112704,-3,1.000,245.875,201.0,11.041400290396616,-27062.5,-49000.0,5520.700145198308
6694,KMLB20021026_113211,2,1.000,245.875,201.0,18.493604476753244,-27062.5,-49000.0,9246.802238376624
6694,KMLB20021026_113717,7,1.000,245.875,201.0,22.7551702699862,-27062.5,-49000.0,11377.585134993098
6694,KMLB20021026_114224,12,1.000,248.875,198.0,22.754985282889983,-25562.5,-50500.0,11377.492641444993
6694,KMLB20021026_114731,18,1.000,248.875,198.0,34.49961582904035,-25562.5,-50500.0,17249.807914520177
6724,KMLB20021104_112040,-15,1.000,292.977,396.846,10.414442941730423,-3511.5,48923.0,5207.221470865211
6724,KMLB20021104_113032,-5,1.000,292.977,396.846,19.761687660564718,-3511.5,48923.0,9880.843830282358
6725,KMLB20021105_112510,-12,1.000,299.5,388.5,10.699981305441526,-250.0,44750.0,5349.990652720763
6725,KMLB20021105_113503,-2,1.000,299.5,388.5,18.077162737457453,-250.0,44750.0,9038.581368728728
6725,KMLB20021105_114455,8,1.000,299.5,388.5,23.124913815637072,-250.0,44750.0,11562.456907818536
6725,KMLB20021105_115449,18,1.000,299.5,388.5,25.32675592031575,-250.0,44750.0,12663.377960157875
6726,KMLB20021106_112357,-14,1.000,297.75,386.75,6.851452665499842,-1125.0,43875.0,3425.7263327499213
6726,KMLB20021106_112904,-9,1.000,297.75,386.75,13.764319269169354,-1125.0,43875.0,6882.159634584677
6726,KMLB20021106_113411,-4,1.000,299.75,380.75,13.764564000798483,-125.0,40875.0,6882.282000399242
6726,KMLB20021106_113918,1,1.000,299.75,380.75,15.258771214842511,-125.0,40875.0,7629.385607421256
6727,KMLB20021108_112235,-16,1.000,299.2,395.0,6.434522612574632,-400.00000000001,48000.0,3217.261306287316
6727,KMLB20021108_113226,-7,1.000,299.2,395.0,13.947376526694551,-400.00000000001,48000.0,6973.688263347275
6727,KMLB20021108_114215,3,1.000,299.2,395.0,16.883369292779395,-400.00000000001,48000.0,8441.684646389698
6727,KMLB20021108_115208,13,1.000,299.2,395.0,20.553414234662306,-400.00000000001,48000.0,10276.707117331154
6728,KMLB20021109_112354,-16,1.000,299.346,394.346,7.787343189231608,-327.0,47673.0,3893.6715946158038
6728,KMLB20021109_113343,-6,1.000,299.346,394.346,15.675994725741278,-327.0,47673.0,7837.997362870638
6728,KMLB20021109_114335,4,1.000,299.346,394.346,19.344758791160057,-327.0,47673.0,9672.379395580028
6729,KMLB20021110_112615,-15,1.000,298.373,391.831,6.487372900973602,-813.5,46415.5,3243.6864504868013
6729,KMLB20021110_113124,-10,1.000,298.373,391.831,14.798045979827478,-813.5,46415.5,7399.022989913739
6729,KMLB20021110_113632,-4,1.000,298.373,391.831,18.96635988686962,-813.5,46415.5,9483.179943434809
6730,KMLB20021110_113632,-4,1.000,110.287,523.931,13.195689368726233,-94856.5,112465.5,6597.844684363117
6730,KMLB20021110_114139,1,1.000,111.287,514.931,19.035343951898238,-94356.5,107965.5,9517.671975949117
6730,KMLB20021110_114647,6,1.000,111.287,514.931,24.25429322584302,-94356.5,107965.5,12127.146612921511
6730,KMLB20021110_115154,11,1.000,114.287,508.931,26.60041584396264,-92856.5,104965.5,13300.207921981322
6730,KMLB20021110_115702,16,1.000,114.287,508.931,33.71547201029371,-92856.5,104965.5,16857.736005146853
6731,KMLB20021111_113034,-10,1.000,290.473,382.554,7.023950134579815,-4763.5,41777.0,3511.9750672899077
6733,KMLB20021111_113034,-10,1.000,57.217,236.163,8.297495278638335,-121391.5,-31418.5,4148.747639319167
6731,KMLB20021111_114021,-1,1.000,290.473,382.554,12.116520260164176,-4763.5,41777.0,6058.260130082089
6733,KMLB20021111_114021,-1,1.000,62.217,236.163,13.61833043168539,-118891.5,-31418.5,6809.165215842697
6731,KMLB20021111_115009,9,1.000,290.473,382.554,14.91560250921105,-4763.5,41777.0,7457.801254605524
6733,KMLB20021111_115009,9,1.000,62.217,236.163,20.858203266796924,-118891.5,-31418.5,10429.10163339846
6734,KMLB20021112_113351,-8,1.000,300.935,390.0,9.83969605539162,467.5,45500.0,4919.84802769581
6734,KMLB20021112_114339,2,1.000,303.935,377.0,20.486118605109024,1967.5,39000.0,10243.059302554513
6734,KMLB20021112_115328,11,1.000,303.935,377.0,25.73034503394188,1967.5,39000.0,12865.17251697094
6734,KMLB20021112_120316,21,1.000,303.935,377.0,27.196290895093632,1967.5,39000.0,13598.145447546814
6735,KMLB20021112_121302,31,1.000,241.586,499.359,32.761306553095025,-29207.0,100179.5,16380.653276547513
6736,KMLB20021113_113435,-8,1.000,300.269,400.269,5.699756797472281,134.5,50634.5,2849.8783987361408
6736,KMLB20021113_113943,-3,1.000,300.269,400.269,12.109048972127228,134.5,50634.5,6054.524486063615
6736,KMLB20021113_114555,3,1.000,300.269,400.269,12.251971669544824,134.5,50634.5,6125.985834772412
6737,KMLB20021115_113503,-10,1.000,287.167,392.83299999999997,13.389473759522458,-6416.5,46916.5,6694.736879761229
6737,KMLB20021115_114456,0,1.000,287.167,392.83299999999997,15.351161341389417,-6416.5,46916.5,7675.580670694707
6738,KMLB20021118_113211,-15,1.000,300.641,402.752,7.983329675377789,320.50000000001,51876.0,3991.6648376888943
6738,KMLB20021118_114203,-5,1.000,300.641,402.752,16.155910903014583,320.50000000001,51876.0,8077.955451507292
6738,KMLB20021118_115155,5,1.000,300.641,402.752,19.30774834891358,320.50000000001,51876.0,9653.874174456789
6739,KMLB20021119_113711,-11,1.000,295.444,401.823,8.283548674755274,-2278.0,51411.5,4141.774337377637
6740,KMLB20021119_113711,-11,1.000,159.364,324.273,6.4227781040415275,-70318.0,12636.5,3211.3890520207638
6739,KMLB20021119_114703,-1,1.000,295.444,401.823,18.317210745403028,-2278.0,51411.5,9158.605372701513
6740,KMLB20021119_114703,-1,1.000,159.364,324.273,8.36142512278125,-70318.0,12636.5,4180.7125613906255
6740,KMLB20021119_115656,9,1.000,159.364,324.273,11.255487046290996,-70318.0,12636.5,5627.743523145497
6741,KMLB20021120_113648,-11,1.000,293.083,395.469,9.472680163732104,-3458.5,48234.5,4736.340081866052
6742,KMLB20021120_113648,-11,1.000,160.333,327.0,5.144094737499774,-69833.5,14000.0,2572.0473687498875
6741,KMLB20021120_114641,-1,1.000,293.083,395.469,20.792554520189753,-3458.5,48234.5,10396.277260094876
6742,KMLB20021120_114641,-1,1.000,160.333,327.0,13.948745719922803,-69833.5,14000.0,6974.372859961401
6743,KMLB20021121_113304,-16,1.000,296.864,392.86400000000003,5.2762204584972,-1568.0,46932.0,2638.1102292486
6743,KMLB20021121_113812,-11,1.000,296.864,392.86400000000003,11.674497842846968,-1568.0,46932.0,5837.248921423486
6743,KMLB20021121_114321,-6,1.000,296.864,392.86400000000003,14.604631644604313,-1568.0,46932.0,7302.315822302156
6743,KMLB20021121_114829,-1,1.000,296.864,392.86400000000003,19.76644138444237,-1568.0,46932.0,9883.220692221186
6743,KMLB20021121_115337,5,1.000,296.864,392.86400000000003,24.89488019858529,-1568.0,46932.0,12447.440099292644
6744,KMLB20021121_115844,10,1.000,169.571,302.464,12.065280422414926,-65214.5,1732.0,6032.640211207462
6744,KMLB20021121_120350,15,1.000,169.571,302.464,17.228420831203806,-65214.5,1732.0,8614.210415601903
6744,KMLB20021121_120857,20,1.000,169.571,302.464,18.694037748731162,-65214.5,1732.0,9347.018874365582
6744,KMLB20021121_121405,25,1.000,169.571,302.464,20.89585357725648,-65214.5,1732.0,10447.92678862824
6745,KMLB20021122_114050,-9,1.000,296.929,396.071,6.704646308836036,-1535.5,48535.5,3352.323154418018
6746,KMLB20021122_114050,-9,1.000,163.091,322.955,8.147018763057932,-68454.5,11977.5,4073.509381528967
6745,KMLB20021122_114558,-4,1.000,296.929,396.071,11.062715766460125,-1535.5,48535.5,5531.357883230063
6746,KMLB20021122_114558,-4,1.000,163.091,322.955,14.925996311475583,-68454.5,11977.5,7462.998155737791
6745,KMLB20021122_115105,1,1.000,296.929,396.071,18.6439460932277,-1535.5,48535.5,9321.973046613852
6746,KMLB20021122_115105,1,1.000,163.091,322.955,19.068618640393623,-68454.5,11977.5,9534.309320196811
6747,KMLB20021123_113236,-18,1.000,302.628,398.06,7.389497962672692,1314.0,49530.0,3694.748981336346
6747,KMLB20021123_114228,-9,1.000,292.628,402.06,15.788305035619961,-3686.0,51530.0,7894.15251780998
6748,KMLB20021123_114228,-9,1.000,165.5,327.0,6.616562494837752,-67250.0,14000.0,3308.281247418876
6747,KMLB20021123_115222,1,1.000,292.628,402.06,21.332711284870655,-3686.0,51530.0,10666.355642435328
6748,KMLB20021123_115222,1,1.000,165.5,327.0,16.18619142667835,-67250.0,14000.0,8093.095713339174
6747,KMLB20021123_120214,11,1.000,285.628,424.06,25.75485199999014,-7186.0,62530.0,12877.425999995072
6749,KMLB20021124_113654,-15,1.000,294.389,393.389,10.73448079925752,-2805.5,47194.5,5367.24039962876
6750,KMLB20021124_113654,-15,1.000,160.5,318.5,6.335428321826564,-69750.0,9750.0,3167.7141609132814
6749,KMLB20021124_114647,-5,1.000,291.389,397.389,16.440356192406362,-4305.5,49194.5,8220.17809620318
6750,KMLB20021124_114647,-5,1.000,155.5,316.5,11.663947504080292,-72250.0,8750.0,5831.973752040146
6749,KMLB20021124_115639,5,1.000,287.389,397.389,19.44957967421467,-6305.5,49194.5,9724.789837107337
6750,KMLB20021124_115639,5,1.000,155.5,316.5,18.721408323870993,-72250.0,8750.0,9360.704161935499
6749,KMLB20021124_120626,14,1.000,287.389,397.389,25.270302326267576,-6305.5,49194.5,12635.151163133789
6751,KMLB20021125_113115,-21,1.000,300.626,395.932,5.096382671584037,312.99999999999,48466.0,2548.1913357920184
6751,KMLB20021125_114108,-11,1.000,297.626,389.932,12.437117509111298,-1187.0,45466.0,6218.558754555647
6752,KMLB20021125_114108,-11,1.000,163.279,315.508,14.219692522820587,-68360.5,8254.0,7109.846261410295
6752,KMLB20021125_115100,-1,1.000,163.279,315.508,18.921851676788922,-68360.5,8254.0,9460.925838394462
6752,KMLB20021125_120053,9,1.000,163.279,315.508,21.83134304644407,-68360.5,8254.0,10915.671523222036
6753,KMLB20021126_113551,-17,1.000,304.66,398.702,8.886188768860197,2330.0,49851.0,4443.094384430099
6753,KMLB20021126_114543,-7,1.000,304.66,398.702,16.665858307936,2330.0,49851.0,8332.929153968
6754,KMLB20021126_114543,-7,1.000,164.585,327.171,9.778037385592821,-67707.5,14085.5,4889.018692796411
6753,KMLB20021126_115536,3,1.000,304.66,398.702,20.33991878284512,2330.0,49851.0,10169.959391422562
6754,KMLB20021126_115536,3,1.000,164.585,327.171,13.388737031459826,-67707.5,14085.5,6694.368515729913
6755,KMLB20021127_113951,-14,1.000,305.986,396.98699999999997,13.222848544709036,2993.0,48993.5,6611.424272354519
6756,KMLB20021127_113951,-14,1.000,160.298,323.426,7.433539869671835,-69851.0,12213.0,3716.7699348359174
6755,KMLB20021127_114944,-4,1.000,305.986,396.98699999999997,21.289685103271633,2993.0,48993.5,10644.842551635818
6756,KMLB20021127_114944,-4,1.000,160.298,323.426,12.094792067534051,-69851.0,12213.0,6047.396033767025
6755,KMLB20021127_115935,6,1.000,305.986,396.98699999999997,24.958034478127352,2993.0,48993.5,12479.017239063678
6757,KMLB20021128_114402,-11,1.000,312.149,396.284,8.139678445224742,6074.5,48642.0,4069.839222612372
6758,KMLB20021128_114402,-11,1.000,160.432,321.227,8.647628439281513,-69784.0,11113.5,4323.814219640756
6757,KMLB20021128_115354,-1,1.000,312.149,396.284,11.300915926935044,6074.5,48642.0,5650.457963467522
6758,KMLB20021128_115354,-1,1.000,160.432,321.227,15.586869851456079,-69784.0,11113.5,7793.43492572804
6758,KMLB20021128_120342,9,1.000,167.432,324.227,21.27302313426812,-66284.0,12613.5,10636.51156713406
6758,KMLB20021128_121330,19,1.000,177.432,330.227,26.720432156763625,-61284.0,15613.5,13360.21607838181
6758,KMLB20021128_122317,28,1.000,179.432,327.227,26.72022497637939,-60284.0,14113.5,13360.112488189696
6759,KMLB20021129_113818,-18,1.000,303.671,396.28,9.267885296186094,1835.5,48640.0,4633.942648093048
6759,KMLB20021129_114811,-8,1.000,303.671,396.28,18.596817148508542,1835.5,48640.0,9298.40857425427
6760,KMLB20021129_114811,-8,1.000,168.56,330.655,8.620469263298707,-65720.0,15827.5,4310.234631649354
6759,KMLB20021129_115804,2,1.000,299.671,420.28,20.82869529973049,-164.5,60640.0,10414.347649865245
6760,KMLB20021129_115804,2,1.000,168.56,330.655,20.37850739680228,-65720.0,15827.5,10189.253698401142
6760,KMLB20021129_120756,12,1.000,168.56,342.655,32.09417151829579,-65720.0,21827.5,16047.085759147893
6761,KMLB20021130_115208,-4,1.000,173.0,313.0,12.819131063883567,-63500.0,7000.0,6409.565531941786
6761,KMLB20021130_120200,6,1.000,173.0,313.0,23.534849338211643,-63500.0,7000.0,11767.424669105822
6761,KMLB20021130_121153,16,1.000,198.0,310.0,23.534527036774794,-51000.0,5500.0,11767.263518387399
6761,KMLB20021130_122144,26,1.000,198.0,310.0,32.29739846603739,-51000.0,5500.0,16148.699233018699
6762,KMLB20021201_114629,-11,1.000,301.672,390.31100000000004,5.896477315401781,836.00000000001,45655.5,2948.238657700891
6763,KMLB20021201_114629,-11,1.000,160.065,318.065,8.151422953757848,-69967.5,9532.5,4075.7114768789233
6762,KMLB20021201_115621,-1,1.000,301.672,390.31100000000004,9.847476290013002,836.00000000001,45655.5,4923.7381450065
6763,KMLB20021201_115621,-1,1.000,160.065,322.065,15.477603659463698,-69967.5,11532.5,7738.801829731849
6762,KMLB20021201_120613,9,1.000,301.672,390.31100000000004,16.732194605974716,836.00000000001,45655.5,8366.097302987357
6763,KMLB20021201_120613,9,1.000,160.065,322.065,24.27080781218243,-69967.5,11532.5,12135.403906091215
6762,KMLB20021201_121606,19,1.000,301.672,382.31100000000004,16.732254500757332,836.00000000001,41655.5,8366.127250378664
6763,KMLB20021201_121606,19,1.000,160.065,322.065,27.98200451770167,-69967.5,11532.5,13991.002258850835
6766,KMLB20021203_113903,-20,1.000,301.971,391.477,8.458248239185203,985.5,46238.5,4229.124119592601
6766,KMLB20021203_114856,-10,1.000,301.971,391.477,15.104376068166024,985.5,46238.5,7552.188034083012
6767,KMLB20021203_114856,-10,1.000,157.571,322.0,19.167930384112815,-71214.5,11500.0,9583.965192056408
6766,KMLB20021203_115847,0,1.000,301.971,391.477,22.382437838550175,985.5,46238.5,11191.218919275087
6767,KMLB20021203_115847,0,1.000,157.571,322.0,28.682709111932596,-71214.5,11500.0,14341.354555966298
6768,KMLB20021204_115324,-6,1.000,301.605,389.605,24.668842041439166,802.50000000001,45302.5,12334.421020719585
6769,KMLB20021204_115324,-6,1.000,151.714,317.679,18.85648699132411,-74143.0,9339.5,9428.243495662056
6769,KMLB20021204_120317,4,1.000,140.714,310.679,31.341960988305086,-79643.0,5839.5,15670.980494152544
6770,KMLB20021205_114221,-18,1.000,303.899,383.547,8.945645343309039,1949.5,42273.5,4472.8226716545205
6770,KMLB20021205_114730,-13,1.000,303.899,383.547,15.160793633144953,1949.5,42273.5,7580.396816572476
6770,KMLB20021205_115235,-7,1.000,303.899,383.547,25.358704390137945,1949.5,42273.5,12679.352195068972
6771,KMLB20021205_120246,3,1.000,156.674,293.587,22.752783187540025,-71663.0,-2706.5,11376.391593770013
6771,KMLB20021205_120750,8,1.000,156.674,293.587,30.527117671310737,-71663.0,-2706.5,15263.558835655369
6771,KMLB20021205_121257,13,1.000,156.674,284.587,38.620082119302246,-71663.0,-7206.5,19310.041059651125
6772,KMLB20021205_121257,13,1.000,253.252,504.806,15.04031124020696,-23374.0,102903.0,7520.155620103481
6771,KMLB20021205_121804,18,1.000,156.674,284.587,49.649818910675776,-71663.0,-7206.5,24824.909455337885
6772,KMLB20021205_121804,18,1.000,253.252,504.806,23.381846398005294,-23374.0,102903.0,11690.92319900265
6771,KMLB20021205_122311,23,1.000,157.674,266.587,49.64990982369931,-71163.0,-16206.5,24824.954911849654
6772,KMLB20021205_122311,23,1.000,253.252,504.806,34.36147856090445,-23374.0,102903.0,17180.739280452224
6771,KMLB20021205_122818,28,1.000,157.674,266.587,62.13752620426231,-71163.0,-16206.5,31068.76310213115
6772,KMLB20021205_122818,28,1.000,253.252,504.806,40.22977117757648,-23374.0,102903.0,20114.885588788242
6773,KMLB20021206_114446,-16,1.000,306.071,396.35699999999997,6.499851441290027,3035.5,48678.5,3249.9257206450134
6773,KMLB20021206_114954,-11,1.000,306.071,396.35699999999997,12.032267486241688,3035.5,48678.5,6016.133743120843
6773,KMLB20021206_115501,-6,1.000,306.071,396.35699999999997,15.750250671268407,3035.5,48678.5,7875.125335634205
6773,KMLB20021206_120007,-1,1.000,306.071,396.35699999999997,20.92568056991978,3035.5,48678.5,10462.84028495989
6774,KMLB20021207_114446,-16,1.000,310.571,409.571,16.164113900468397,5285.5,55285.5,8082.056950234199
6775,KMLB20021207_114950,-11,1.000,156.437,319.438,11.724689674954895,-71781.5,10219.0,5862.344837477447
6776,KMLB20021207_114950,-11,1.000,252.665,260.714,9.344958633434592,-23667.5,-19143.0,4672.479316717297
6775,KMLB20021207_115452,-6,1.000,156.437,319.438,26.074053099747527,-71781.5,10219.0,13037.02654987376
6776,KMLB20021207_115452,-6,1.000,252.665,260.714,13.23107348706258,-23667.5,-19143.0,6615.536743531291
6776,KMLB20021207_115957,-1,1.000,252.665,260.714,20.415032854229988,-23667.5,-19143.0,10207.516427114995
6777,KMLB20021208_114207,-20,1.000,301.691,391.86199999999997,5.7753620711541425,845.49999999999,46431.0,2887.681035577071
6777,KMLB20021208_115154,-10,1.000,301.691,391.86199999999997,17.516934923130425,845.49999999999,46431.0,8758.467461565213
6778,KMLB20021208_115154,-10,1.000,152.921,318.553,14.453085813551736,-73539.5,9776.5,7226.542906775868
6777,KMLB20021208_120142,0,1.000,301.691,391.86199999999997,20.630270148292144,845.49999999999,46431.0,10315.135074146074
6778,KMLB20021208_120142,0,1.000,139.921,320.553,22.42694804522081,-80039.5,10776.5,11213.474022610406
6777,KMLB20021208_121130,10,1.000,301.691,391.86199999999997,26.39785394534452,845.49999999999,46431.0,13198.926972672261
6779,KMLB20021209_114658,-16,1.000,307.389,392.5,8.381908933720025,3694.5,46750.0,4190.954466860012
6779,KMLB20021209_115203,-11,1.000,301.389,392.5,14.55696849899136,694.50000000001,46750.0,7278.48424949568
6779,KMLB20021209_115709,-6,1.000,301.389,392.5,20.993274624030448,694.50000000001,46750.0,10496.637312015224
6779,KMLB20021209_120214,-1,1.000,301.389,386.5,20.99330900292431,694.50000000001,43750.0,10496.654501462153
6780,KMLB20021210_114753,-16,1.000,305.143,389.238,6.834569934483505,2571.5,45119.0,3417.284967241752
6780,KMLB20021210_115257,-11,1.000,305.143,389.238,16.335515644588888,2571.5,45119.0,8167.757822294446
6781,KMLB20021210_115257,-11,1.000,160.909,312.318,7.3872958673227345,-69545.5,6659.0,3693.647933661368
6782,KMLB20021210_115257,-11,1.000,249.331,253.887,8.811317526961657,-25334.5,-22556.5,4405.658763480828
6780,KMLB20021210_115801,-6,1.000,305.143,389.238,16.33587733776505,2571.5,45119.0,8167.938668882525
6781,KMLB20021210_115801,-6,1.000,160.909,312.318,15.648232123862794,-69545.5,6659.0,7824.116061931395
6782,KMLB20021210_115801,-6,1.000,249.331,253.887,12.405318038688309,-25334.5,-22556.5,6202.659019344153
6780,KMLB20021210_120305,-1,1.000,305.143,389.238,22.251324425068933,2571.5,45119.0,11125.662212534467
6781,KMLB20021210_120305,-1,1.000,165.909,301.318,15.64808955679512,-67045.5,1159.0,7824.04477839756
6782,KMLB20021210_120305,-1,1.000,249.331,253.887,16.289922189179553,-25334.5,-22556.5,8144.961094589777
6781,KMLB20021210_120811,4,1.000,176.909,293.318,15.64808955679512,-61545.5,-2841.0,7824.04477839756
6781,KMLB20021210_121317,9,1.000,176.909,293.318,23.10010273429147,-61545.5,-2841.0,11550.051367145737
6781,KMLB20021210_121822,14,1.000,186.909,279.318,23.09998022104993,-56545.5,-9841.0,11549.990110524965
6783,KMLB20021211_115021,-14,1.000,303.169,395.677,12.116662647247257,1584.5,48338.5,6058.331323623629
6784,KMLB20021211_115021,-14,1.000,165.05,320.005,7.37701942235627,-67475.0,10502.5,3688.5097111781347
6785,KMLB20021211_115021,-14,1.000,248.077,258.923,8.130870063824915,-25961.5,-20038.5,4065.4350319124574
6783,KMLB20021211_120009,-4,1.000,303.169,395.677,24.807178227951525,1584.5,48338.5,12403.58911397576
6784,KMLB20021211_120009,-4,1.000,173.05,318.005,16.953314213620324,-63475.0,9502.5,8476.657106810162
6785,KMLB20021211_120009,-4,1.000,248.077,258.923,14.703370442047959,-25961.5,-20038.5,7351.6852210239795
6783,KMLB20021211_120957,6,1.000,303.169,395.677,28.46609789823281,1584.5,48338.5,14233.048949116406
6784,KMLB20021211_120957,6,1.000,175.05,325.005,27.937432167947232,-62475.0,13002.5,13968.716083973615
6785,KMLB20021211_120957,6,1.000,248.077,258.923,32.37947119641919,-25961.5,-20038.5,16189.735598209594
6784,KMLB20021211_121945,16,1.000,175.05,325.005,40.48471450789912,-62475.0,13002.5,20242.35725394956
6784,KMLB20021211_122934,26,1.000,175.05,325.005,55.86537684391919,-62475.0,13002.5,27932.688421959592
6786,KMLB20021212_114849,-16,1.000,306.887,394.406,6.513064013389768,3443.5,47703.0,3256.5320066948843
6786,KMLB20021212_115354,-11,1.000,306.887,394.406,15.247972905775159,3443.5,47703.0,7623.98645288758
6787,KMLB20021212_115354,-11,1.000,154.952,318.952,10.3403057316152,-72524.0,9976.0,5170.1528658076
6786,KMLB20021212_115858,-6,1.000,307.887,385.406,20.164503805668094,3943.5,43203.0,10082.251902834047
6787,KMLB20021212_115858,-6,1.000,154.952,318.952,15.398660881429889,-72524.0,9976.0,7699.330440714944
6786,KMLB20021212_120402,-1,1.000,307.887,385.406,22.500601876104618,3943.5,43203.0,11250.300938052309
6787,KMLB20021212_120402,-1,1.000,154.952,318.952,24.921872013120872,-72524.0,9976.0,12460.936006560438
6787,KMLB20021212_120906,4,1.000,154.952,318.952,33.738999455453495,-72524.0,9976.0,16869.49972772675
6788,KMLB20021213_114918,-17,1.000,305.375,394.25,7.723482424082853,2687.5,47625.0,3861.7412120414256
6789,KMLB20021213_114918,-17,1.000,343.748,526.864,13.332953312206893,21874.0,113932.0,6666.476656103446
6788,KMLB20021213_115423,-12,1.000,305.375,387.25,13.533944275746505,2687.5,44125.0,6766.972137873252
6789,KMLB20021213_115423,-12,1.000,343.748,526.864,24.20740669770703,21874.0,113932.0,12103.703348853513
6788,KMLB20021213_115928,-7,1.000,305.375,387.25,18.561762955234514,2687.5,44125.0,9280.881477617257
6789,KMLB20021213_115928,-7,1.000,343.748,526.864,33.70619279814133,21874.0,113932.0,16853.096399070666
6789,KMLB20021213_120434,-1,1.000,343.748,511.86400000000003,33.70600545822661,21874.0,106432.0,16853.00272911331
6789,KMLB20021213_120938,4,1.000,343.748,495.86400000000003,33.70600545822661,21874.0,98432.0,16853.00272911331
6790,KMLB20021213_120938,4,1.000,251.129,477.034,23.088969744300144,-24435.5,89017.0,11544.484872150073
6789,KMLB20021213_121443,9,1.000,343.748,477.86400000000003,33.70600545822661,21874.0,89432.0,16853.00272911331
6790,KMLB20021213_121443,9,1.000,252.129,460.034,30.86091527121434,-23935.5,80517.0,15430.457635607167
6789,KMLB20021213_121948,14,1.000,347.748,464.86400000000003,33.70600545822661,23874.0,82932.0,16853.00272911331
6791,KMLB20021214_115352,-12,1.000,160.512,321.372,6.344236703226392,-69744.0,11186.0,3172.1183516131955
6792,KMLB20021214_115352,-12,1.000,244.739,260.373,7.258840305241905,-27630.5,-19313.5,3629.420152620952
6791,KMLB20021214_120340,-2,1.000,166.512,320.372,16.912839811157642,-66744.0,10686.0,8456.419905578821
6792,KMLB20021214_120340,-2,1.000,244.739,260.373,16.50614139099161,-27630.5,-19313.5,8253.070695495804
6791,KMLB20021214_121327,7,1.000,173.512,320.372,28.921602381358845,-63244.0,10686.0,14460.80119067942
6792,KMLB20021214_121327,7,1.000,242.739,246.373,20.847242480308154,-28630.5,-26313.5,10423.621240154078
6791,KMLB20021214_122314,17,1.000,191.512,314.372,28.921586294553173,-54244.0,7686.0,14460.793147276585
6791,KMLB20021214_123302,27,1.000,198.512,315.372,35.50839226155617,-50744.0,8186.0,17754.196130778084
6793,KMLB20021215_115654,-10,1.000,164.929,326.5,7.2970099579744945,-67535.5,13750.0,3648.5049789872473
6794,KMLB20021215_115654,-10,1.000,280.858,271.919,8.284282706538592,-9571.0,-13540.5,4142.141353269296
6795,KMLB20021215_115654,-10,1.000,315.559,389.618,7.116438139278013,7779.5,45309.0,3558.219069639006
6793,KMLB20021215_120643,0,1.000,164.929,326.5,14.335192352946436,-67535.5,13750.0,7167.5961764732165
6794,KMLB20021215_120643,0,1.000,280.858,271.919,11.685516834667128,-9571.0,-13540.5,5842.758417333564
6795,KMLB20021215_120643,0,1.000,318.559,392.618,21.983589004762955,9279.5,46809.0,10991.794502381477
6795,KMLB20021215_121631,10,1.000,315.559,389.618,21.983517878621683,7779.5,45309.0,10991.758939310841
6796,KMLB20021219_114205,-27,1.000,141.5,311.056,5.944923413100838,-79250.0,6028.0,2972.461706550419
6796,KMLB20021219_114703,-22,1.000,141.5,311.056,13.258758539212788,-79250.0,6028.0,6629.379269606394
6796,KMLB20021219_115202,-17,1.000,137.5,303.056,19.157598660639703,-81250.0,2028.0,9578.799330319853
6796,KMLB20021219_115701,-12,1.000,136.5,295.056,19.157495512843408,-81750.0,-1972.0,9578.747756421704
6796,KMLB20021219_120159,-7,1.000,136.5,295.056,27.20275773949068,-81750.0,-1972.0,13601.378869745338
6797,KMLB20021220_121304,3,1.000,253.533,495.432,24.543086707055142,-23233.5,98216.0,12271.543353527573
6797,KMLB20021220_122009,10,1.000,254.533,467.432,24.543086707055142,-22733.5,84216.0,12271.543353527573
6797,KMLB20021220_122507,15,1.000,254.533,467.432,32.231942525921866,-22733.5,84216.0,16115.971262960931
6798,KMLB20021223_114734,-23,1.000,144.0,312.0,10.197169533867989,-78000.0,6500.0,5098.584766933995
6798,KMLB20021223_115720,-14,1.000,144.0,312.0,17.63204849693672,-78000.0,6500.0,8816.02424846836
6799,KMLB20021223_115720,-14,1.000,232.89,543.475,15.784375557376539,-33555.0,122237.5,7892.187778688269
6798,KMLB20021223_120707,-4,1.000,144.0,312.0,27.16909352046531,-78000.0,6500.0,13584.546760232655
6799,KMLB20021223_120707,-4,1.000,232.89,543.475,28.253623512341797,-33555.0,122237.5,14126.811756170899
6799,KMLB20021223_121653,6,1.000,232.89,543.475,41.462451277531095,-33555.0,122237.5,20731.225638765547
6799,KMLB20021223_122641,16,1.000,226.89,528.475,41.462519312558825,-36555.0,114737.5,20731.259656279413
6800,KMLB20021224_115654,-15,1.000,145.545,289.429,10.755033689190453,-77227.5,-4785.5,5377.516844595226
6800,KMLB20021224_120640,-5,1.000,145.545,289.429,33.363428712562055,-77227.5,-4785.5,16681.714356281023
6801,KMLB20021224_121626,4,1.000,227.057,475.077,24.375727460458403,-36471.5,88038.5,12187.863730229205
6802,KMLB20021224_121626,4,1.000,337.654,481.102,21.86387069794068,18827.0,91051.0,10931.935348970339
6801,KMLB20021224_122612,14,1.000,226.057,454.077,34.62347217938804,-36971.5,77538.5,17311.73608969402
6802,KMLB20021224_122612,14,1.000,324.654,449.102,21.86387069794068,12327.0,75051.0,10931.935348970339
6803,KMLB20021225_115734,-14,1.000,157.567,318.956,9.579848804096683,-71216.5,9978.0,4789.924402048342
6803,KMLB20021225_120233,-9,1.000,157.567,318.956,14.028448287673465,-71216.5,9978.0,7014.224143836731
6803,KMLB20021225_120731,-4,1.000,164.567,319.956,14.028081411010017,-67716.5,10478.0,7014.040705505008
6803,KMLB20021225_121229,0,1.000,164.567,319.956,18.354573356551878,-67716.5,10478.0,9177.28667827594
6804,KMLB20021227_120041,-12,1.000,143.254,318.171,12.63709118162045,-78373.0,9585.5,6318.545590810226
6804,KMLB20021227_121027,-3,1.000,143.254,318.171,22.887056351647875,-78373.0,9585.5,11443.528175823936
6805,KMLB20021227_123000,17,1.000,220.174,505.297,14.174887767673823,-39913.0,103148.5,7087.443883836911
6805,KMLB20021227_123946,27,1.000,220.174,505.297,17.885064894013038,-39913.0,103148.5,8942.532447006519
