track_id,filename,from_sunrise,det_score,x,y,r,lon,lat,radius
12404,KTBW20120307_112932_V06,-16,1.000,282.024,297.007,11.778504808213665,-8988.0,-996.5,5889.252404106833
12404,KTBW20120307_113915_V06,-7,1.000,282.024,297.007,20.823489543078665,-8988.0,-996.5,10411.744771539332
12400,KTBW20120307_114858_V06,3,1.000,422.213,215.269,36.03326356120105,61106.5,-41865.5,18016.631780600528
12404,KTBW20120307_114858_V06,3,1.000,282.024,297.007,36.76500225912568,-8988.0,-996.5,18382.50112956284
12400,KTBW20120307_115341_V06,8,1.000,407.213,216.269,36.03326356120105,53606.5,-41365.5,18016.631780600528
12404,KTBW20120307_115341_V06,8,1.000,282.024,297.007,36.76499849069496,-8988.0,-996.5,18382.49924534748
12400,KTBW20120307_115824_V06,12,1.000,407.213,216.269,47.614088469266164,53606.5,-41365.5,23807.044234633082
12405,KTBW20120307_115824_V06,12,1.000,419.58,558.545,11.907512103840078,59790.0,129772.5,5953.75605192004
12400,KTBW20120307_120306_V06,17,1.000,407.213,216.269,47.61409590030974,53606.5,-41365.5,23807.04795015487
12405,KTBW20120307_120306_V06,17,1.000,419.58,558.545,19.86948049247891,59790.0,129772.5,9934.740246239455
12400,KTBW20120307_120749_V06,22,1.000,407.213,216.269,50.81868540086601,53606.5,-41365.5,25409.342700433004
12405,KTBW20120307_120749_V06,22,1.000,419.58,558.545,29.511426849722337,59790.0,129772.5,14755.713424861167
12400,KTBW20120307_121234_V06,27,1.000,407.213,216.269,50.818470662643215,53606.5,-41365.5,25409.235331321608
12405,KTBW20120307_121234_V06,27,1.000,419.58,558.545,29.51145925595826,59790.0,129772.5,14755.729627979134
12400,KTBW20120307_121718_V06,31,1.000,375.213,209.269,56.516426838517255,37606.5,-44865.5,28258.21341925863
12405,KTBW20120307_121718_V06,31,1.000,401.58,543.545,29.51145925595826,50790.0,122272.5,14755.729627979134
12400,KTBW20120307_122201_V06,36,1.000,347.213,205.269,56.516292886143106,23606.5,-46865.5,28258.146443071553
12405,KTBW20120307_122201_V06,36,1.000,401.58,543.545,35.753236624901,50790.0,122272.5,17876.6183124505
12401,KTBW20120308_112708_V06,-18,1.000,425.906,197.048,13.2114568123221,62953.0,-50976.0,6605.72840616105
12402,KTBW20120308_112708_V06,-18,1.000,287.678,299.498,10.22556214742045,-6161.0,249.0,5112.7810737102245
12401,KTBW20120308_113651_V06,-8,1.000,415.906,207.048,25.457132822428303,57953.0,-45976.0,12728.566411214151
12402,KTBW20120308_113651_V06,-8,1.000,287.678,299.498,21.8776013584294,-6161.0,249.0,10938.800679214697
12401,KTBW20120308_114634_V06,2,1.000,415.906,207.048,36.793493346798634,57953.0,-45976.0,18396.746673399317
12402,KTBW20120308_114634_V06,2,1.000,287.678,299.498,31.03334269174352,-6161.0,249.0,15516.671345871762
12401,KTBW20120308_115218_V06,7,1.000,415.906,207.048,44.4229471458946,57953.0,-45976.0,22211.4735729473
12402,KTBW20120308_115218_V06,7,1.000,287.678,299.498,42.02387572581781,-6161.0,249.0,21011.937862908904
12401,KTBW20120308_115801_V06,13,1.000,415.906,207.048,44.422899302583254,57953.0,-45976.0,22211.449651291627
12402,KTBW20120308_115801_V06,13,1.000,266.678,275.498,42.02377975649851,-16661.0,-11751.0,21011.889878249258
12401,KTBW20120308_120343_V06,19,1.000,412.906,197.048,59.685134813937836,56453.0,-50976.0,29842.567406968916
12402,KTBW20120308_120343_V06,19,1.000,268.678,294.498,59.30221808009388,-15661.0,-2251.0,29651.10904004694
12403,KTBW20120308_120343_V06,19,1.000,409.24,565.898,26.313913266455057,54620.0,133449.0,13156.956633227524
12401,KTBW20120308_120926_V06,24,1.000,412.906,197.048,59.68529468032096,56453.0,-50976.0,29842.64734016048
12403,KTBW20120308_120926_V06,24,1.000,409.24,565.898,35.302614675056034,54620.0,133449.0,17651.30733752802
12401,KTBW20120308_121508_V06,30,1.000,412.906,197.048,59.68529468032096,56453.0,-50976.0,29842.64734016048
12403,KTBW20120308_121508_V06,30,1.000,396.24,547.898,35.302915806928944,48120.0,124449.0,17651.457903464474
12401,KTBW20120308_122050_V06,36,1.000,412.906,197.048,59.68529468032096,56453.0,-50976.0,29842.64734016048
12401,KTBW20120308_122633_V06,42,1.000,412.906,197.048,59.68529468032096,56453.0,-50976.0,29842.64734016048
12406,KTBW20120309_112424_V06,-20,1.000,439.494,205.13400000000001,12.98812160161401,69747.0,-46933.0,6494.060800807005
4249,KTBW20120309_113407_V06,-10,1.000,272.485,298.17,14.640866479139403,-13757.5,-414.99999999999,7320.4332395697
12406,KTBW20120309_113407_V06,-10,1.000,439.494,205.13400000000001,22.29037779734239,69747.0,-46933.0,11145.188898671195
4249,KTBW20120309_114349_V06,0,1.000,272.485,298.17,25.71913348821056,-13757.5,-414.99999999999,12859.56674410528
12406,KTBW20120309_114349_V06,0,1.000,439.494,205.13400000000001,30.612713132311153,69747.0,-46933.0,15306.356566155577
4249,KTBW20120309_114931_V06,6,1.000,271.485,291.17,30.586591025741605,-14257.5,-3915.0,15293.295512870802
12406,KTBW20120309_114931_V06,6,1.000,439.494,205.13400000000001,40.334549692944364,69747.0,-46933.0,20167.274846472177
4248,KTBW20120309_115514_V06,11,1.000,462.603,583.901,33.11897964148358,81301.5,142450.5,16559.489820741786
4249,KTBW20120309_115514_V06,11,1.000,272.485,288.17,35.39286154789472,-13757.5,-5415.0,17696.43077394736
12406,KTBW20120309_115514_V06,11,1.000,439.494,205.13400000000001,47.258140378048985,69747.0,-46933.0,23629.070189024493
4248,KTBW20120309_120056_V06,17,1.000,462.603,583.901,41.415324027981235,81301.5,142450.5,20707.66201399062
4249,KTBW20120309_120056_V06,17,1.000,272.485,282.17,37.45380236456826,-13757.5,-8415.0,18726.901182284128
12406,KTBW20120309_120056_V06,17,1.000,438.494,193.13400000000001,47.258285455920756,69247.0,-52933.0,23629.142727960378
4248,KTBW20120309_120639_V06,23,1.000,462.603,583.901,47.365130909664586,81301.5,142450.5,23682.565454832296
4249,KTBW20120309_120639_V06,23,1.000,272.485,282.17,43.906151667225,-13757.5,-8415.0,21953.075833612496
12406,KTBW20120309_120639_V06,23,1.000,438.494,193.13400000000001,54.20268026314618,69247.0,-52933.0,27101.340131573084
12406,KTBW20120309_121220_V06,28,1.000,438.494,193.13400000000001,56.28307688084204,69247.0,-52933.0,28141.538440421016
12406,KTBW20120309_121803_V06,34,1.000,438.494,193.13400000000001,56.28324744888249,69247.0,-52933.0,28141.623724441248
12407,KTBW20120310_113424_V06,-9,1.000,289.063,305.691,14.232417775559087,-5468.5,3345.5,7116.208887779543
12407,KTBW20120310_114006_V06,-3,1.000,289.063,305.691,24.098725744725368,-5468.5,3345.5,12049.362872362683
12407,KTBW20120310_114548_V06,3,1.000,289.063,305.691,28.916394100701584,-5468.5,3345.5,14458.197050350793
12407,KTBW20120310_115130_V06,9,1.000,289.063,305.691,35.187754021391804,-5468.5,3345.5,17593.877010695902
12407,KTBW20120310_115712_V06,14,1.000,289.063,305.691,44.89168562497568,-5468.5,3345.5,22445.842812487837
12407,KTBW20120310_120253_V06,20,1.000,289.063,305.691,44.89176452754807,-5468.5,3345.5,22445.882263774034
12407,KTBW20120310_120835_V06,26,1.000,289.063,305.691,52.51783582907136,-5468.5,3345.5,26258.917914535683
12407,KTBW20120310_121416_V06,31,1.000,289.063,305.691,52.5177603093352,-5468.5,3345.5,26258.880154667608
12407,KTBW20120310_121958_V06,37,1.000,289.063,305.691,64.30525053853107,-5468.5,3345.5,32152.625269265536
12407,KTBW20120310_122539_V06,43,1.000,289.063,305.691,64.3052817564905,-5468.5,3345.5,32152.640878245253
12407,KTBW20120310_123121_V06,48,1.000,289.063,305.691,65.69208956196883,-5468.5,3345.5,32846.04478098441
12408,KTBW20120311_112858_V06,-13,1.000,288.375,298.572,10.010549988043094,-5812.5,-214.0,5005.274994021547
12408,KTBW20120311_113440_V06,-7,1.000,288.375,298.572,18.464440893414938,-5812.5,-214.0,9232.22044670747
12408,KTBW20120311_114021_V06,-2,1.000,288.375,298.572,24.69802870761277,-5812.5,-214.0,12349.014353806384
12409,KTBW20120311_114021_V06,-2,1.000,436.192,232.30700000000002,17.23773289356579,68096.0,-33346.5,8618.866446782895
12408,KTBW20120311_114602_V06,4,1.000,288.375,298.572,24.6979612363491,-5812.5,-214.0,12348.98061817455
12409,KTBW20120311_114602_V06,4,1.000,436.192,232.30700000000002,31.44938483071254,68096.0,-33346.5,15724.692415356267
12408,KTBW20120311_115144_V06,10,1.000,288.375,298.572,37.17396542300543,-5812.5,-214.0,18586.982711502715
12409,KTBW20120311_115144_V06,10,1.000,436.192,232.30700000000002,40.54539661743858,68096.0,-33346.5,20272.69830871929
12408,KTBW20120311_115725_V06,15,1.000,288.375,298.572,37.174215181122825,-5812.5,-214.0,18587.107590561413
12409,KTBW20120311_115725_V06,15,1.000,421.192,224.30700000000002,40.54505097007103,60596.0,-37346.5,20272.525485035516
12410,KTBW20120311_115725_V06,15,1.000,432.5,557.5,23.951378884712017,66250.0,129250.0,11975.689442356006
12408,KTBW20120311_120307_V06,21,1.000,288.375,298.572,43.43733722275517,-5812.5,-214.0,21718.668611377583
12409,KTBW20120311_120307_V06,21,1.000,421.192,224.30700000000002,48.764245992888036,60596.0,-37346.5,24382.12299644402
12410,KTBW20120311_120307_V06,21,1.000,432.5,557.5,32.25368833553849,66250.0,129250.0,16126.844167769246
12409,KTBW20120311_120848_V06,27,1.000,421.192,224.30700000000002,48.76406415917314,60596.0,-37346.5,24382.032079586566
12410,KTBW20120311_120848_V06,27,1.000,432.5,557.5,40.58821126900231,66250.0,129250.0,20294.105634501153
12409,KTBW20120311_121430_V06,33,1.000,405.192,218.30700000000002,48.76406415917314,52596.0,-40346.5,24382.032079586566
12410,KTBW20120311_121430_V06,33,1.000,404.5,557.5,40.5880534019465,52250.0,129250.0,20294.026700973252
12409,KTBW20120311_122011_V06,38,1.000,405.192,218.30700000000002,57.80070152543559,52596.0,-40346.5,28900.350762717797
12410,KTBW20120311_122011_V06,38,1.000,404.5,557.5,44.04417860059362,52250.0,129250.0,22022.089300296808
12409,KTBW20120311_122552_V06,44,1.000,405.192,218.30700000000002,64.16687505248225,52596.0,-40346.5,32083.437526241127
12410,KTBW20120311_122552_V06,44,1.000,404.5,557.5,52.45879639384,52250.0,129250.0,26229.39819692
12409,KTBW20120311_123134_V06,50,1.000,392.192,209.30700000000002,64.16656423431156,46096.0,-44846.5,32083.282117155784
12410,KTBW20120311_123134_V06,50,1.000,404.5,557.5,61.46180346548471,52250.0,129250.0,30730.901732742357
12410,KTBW20120311_123715_V06,55,1.000,392.5,552.5,61.46157255182228,46250.0,126750.0,30730.786275911138
12410,KTBW20120311_124257_V06,61,1.000,391.5,543.5,61.46157255182228,45750.0,122250.0,30730.786275911138
12410,KTBW20120311_124838_V06,67,1.000,391.5,543.5,61.46157255182228,45750.0,122250.0,30730.786275911138
12411,KTBW20120312_112100_V06,-19,1.000,427.284,211.42200000000003,17.120516587324587,63642.0,-43789.0,8560.258293662293
4250,KTBW20120312_113042_V06,-9,1.000,283.664,300.445,10.000826452506251,-8168.0,722.5,5000.413226253127
4250,KTBW20120312_114023_V06,0,1.000,281.664,299.445,19.66770508135265,-9168.0,222.5,9833.852540676326
4250,KTBW20120312_115005_V06,10,1.000,279.664,299.445,27.27538800671782,-10168.0,222.5,13637.69400335891
4251,KTBW20120312_115005_V06,10,1.000,513.739,376.442,30.73880014368669,106869.5,38721.0,15369.400071843344
4250,KTBW20120312_115547_V06,16,1.000,279.664,299.445,30.832670643196334,-10168.0,222.5,15416.335321598168
4251,KTBW20120312_115547_V06,16,1.000,505.739,375.442,37.643622389188245,102869.5,38221.0,18821.81119459412
4252,KTBW20120312_115547_V06,16,1.000,449.786,602.357,33.43752813527297,74893.0,151678.5,16718.764067636483
4250,KTBW20120312_120529_V06,25,1.000,274.664,298.445,39.847071483690556,-12668.0,-277.5,19923.535741845277
4251,KTBW20120312_120529_V06,25,1.000,502.739,373.442,46.643329124914054,101369.5,37221.0,23321.664562457026
4252,KTBW20120312_120529_V06,25,1.000,424.786,594.357,38.48127162811812,62393.0,147678.5,19240.63581405906
4250,KTBW20120312_121511_V06,35,1.000,271.664,296.445,47.32214409813195,-14168.0,-1277.5,23661.072049065977
4252,KTBW20120312_121511_V06,35,1.000,419.786,588.357,46.57252190887736,59893.0,144678.5,23286.260954438683
4250,KTBW20120312_122453_V06,45,1.000,268.664,285.445,54.985150093899385,-15668.0,-6777.5,27492.57504694969
4252,KTBW20120312_122453_V06,45,1.000,413.786,588.357,56.50568397711812,56893.0,144678.5,28252.84198855906
4252,KTBW20120312_123435_V06,55,1.000,406.786,586.357,65.45835882563892,53393.0,143678.5,32729.179412819463
4252,KTBW20120312_124417_V06,64,1.000,399.786,581.357,70.79389612797709,49893.0,141178.5,35396.94806398855
12412,KTBW20120313_111332_V06,-25,1.000,443.423,219.654,11.114047876976551,71711.5,-39673.0,5557.023938488275
12412,KTBW20120313_112314_V06,-16,1.000,438.423,216.654,21.26325878157716,69211.5,-41173.0,10631.629390788581
12412,KTBW20120313_113255_V06,-6,1.000,438.423,216.654,28.663288620839882,69211.5,-41173.0,14331.644310419942
12413,KTBW20120313_113255_V06,-6,1.000,272.568,296.052,23.437018959742545,-13716.0,-1474.0,11718.509479871274
12412,KTBW20120313_114941_V06,11,1.000,433.423,199.654,48.45735160661253,66711.5,-49673.0,24228.67580330626
12413,KTBW20120313_114941_V06,11,1.000,272.568,296.052,40.99644545653359,-13716.0,-1474.0,20498.222728266795
12412,KTBW20120313_115923_V06,20,1.000,425.423,200.654,48.457498435157675,62711.5,-49173.0,24228.74921757884
12413,KTBW20120313_115923_V06,20,1.000,272.568,296.052,50.67963243240217,-13716.0,-1474.0,25339.816216201092
12412,KTBW20120313_120504_V06,26,1.000,425.423,200.654,58.74216456060894,62711.5,-49173.0,29371.082280304472
12414,KTBW20120313_120504_V06,26,1.000,441.6,549.6,15.677854356663625,70800.0,125300.0,7838.927178331813
12412,KTBW20120313_121047_V06,32,1.000,421.423,202.654,58.74201552950417,60711.5,-48173.0,29371.00776475209
12414,KTBW20120313_121047_V06,32,1.000,441.6,549.6,24.728319481716902,70800.0,125300.0,12364.159740858451
12412,KTBW20120313_121629_V06,37,1.000,421.423,202.654,58.74201552950417,60711.5,-48173.0,29371.00776475209
12414,KTBW20120313_121629_V06,37,1.000,441.6,549.6,35.30980889663081,70800.0,125300.0,17654.904448315407
12412,KTBW20120313_122211_V06,43,1.000,421.423,202.654,68.49392629496546,60711.5,-48173.0,34246.96314748273
12414,KTBW20120313_122211_V06,43,1.000,417.6,553.6,35.30985168303789,58800.0,127300.0,17654.925841518947
12414,KTBW20120313_122753_V06,49,1.000,417.6,541.6,35.30985168303789,58800.0,121300.0,17654.925841518947
12415,KTBW20120314_111541_V06,-22,1.000,443.329,214.522,11.689725594019144,71664.5,-42239.0,5844.862797009572
12415,KTBW20120314_112523_V06,-13,1.000,442.329,220.522,24.65485652316167,71164.5,-39239.0,12327.428261580835
12415,KTBW20120314_113504_V06,-3,1.000,442.329,220.522,34.72195958521808,71164.5,-39239.0,17360.979792609043
12416,KTBW20120314_113504_V06,-3,1.000,282.119,295.338,29.093919514199662,-8940.5,-1831.0,14546.959757099832
12415,KTBW20120314_114446_V06,7,1.000,442.329,220.522,44.75224160170294,71164.5,-39239.0,22376.12080085147
12416,KTBW20120314_114446_V06,7,1.000,282.119,295.338,36.548239691805534,-8940.5,-1831.0,18274.119845902766
12415,KTBW20120314_115028_V06,12,1.000,431.329,219.522,44.752353417758236,65664.5,-39739.0,22376.176708879117
12416,KTBW20120314_115028_V06,12,1.000,280.119,296.338,44.6282231660255,-9940.5,-1331.0,22314.111583012753
12415,KTBW20120314_115611_V06,18,1.000,431.329,219.522,52.4319880324866,65664.5,-39739.0,26215.994016243298
12416,KTBW20120314_115611_V06,18,1.000,280.119,296.338,44.628201235408085,-9940.5,-1331.0,22314.100617704044
12417,KTBW20120314_115611_V06,18,1.000,446.418,562.981,17.44303482639062,73209.0,131990.5,8721.51741319531
12415,KTBW20120314_120351_V06,26,1.000,431.329,219.522,59.32416137712669,65664.5,-39739.0,29662.080688563346
12416,KTBW20120314_120351_V06,26,1.000,280.119,296.338,44.628201235408085,-9940.5,-1331.0,22314.100617704044
12417,KTBW20120314_120351_V06,26,1.000,446.418,562.981,22.896345910182845,73209.0,131990.5,11448.172955091424
12415,KTBW20120314_120933_V06,32,1.000,431.329,219.522,59.32393553504482,65664.5,-39739.0,29661.967767522412
12416,KTBW20120314_120933_V06,32,1.000,280.119,296.338,55.721502612594556,-9940.5,-1331.0,27860.751306297272
12417,KTBW20120314_120933_V06,32,1.000,446.418,562.981,32.586729260344605,73209.0,131990.5,16293.364630172302
12415,KTBW20120314_121515_V06,37,1.000,431.329,219.522,66.95649486733488,65664.5,-39739.0,33478.24743366744
12416,KTBW20120314_121515_V06,37,1.000,271.119,292.338,55.72144148405779,-14440.5,-3331.0,27860.720742028898
12417,KTBW20120314_121515_V06,37,1.000,446.418,562.981,37.453468226862626,73209.0,131990.5,18726.734113431314
12417,KTBW20120314_122058_V06,43,1.000,446.418,562.981,43.68380339815604,73209.0,131990.5,21841.90169907802
12417,KTBW20120314_122639_V06,49,1.000,438.418,553.981,43.68353490936951,69209.0,127490.5,21841.767454684756
12417,KTBW20120314_123220_V06,54,1.000,438.418,553.981,43.68353490936951,69209.0,127490.5,21841.767454684756
12417,KTBW20120314_123802_V06,60,1.000,428.418,533.981,43.68353490936951,64209.0,117490.5,21841.767454684756
12418,KTBW20120315_111201_V06,-25,1.000,443.008,222.19600000000003,12.367360689863258,71504.0,-38402.0,6183.68034493163
12418,KTBW20120315_112143_V06,-15,1.000,443.008,222.19600000000003,23.758129410738672,71504.0,-38402.0,11879.064705369337
12419,KTBW20120315_112143_V06,-15,1.000,285.551,299.966,9.738663644572375,-7224.5,483.0,4869.331822286188
12418,KTBW20120315_113124_V06,-6,1.000,443.008,222.19600000000003,32.048359799150994,71504.0,-38402.0,16024.179899575494
12419,KTBW20120315_113124_V06,-6,1.000,277.551,294.966,24.275831498776686,-11224.5,-2017.0,12137.915749388341
12418,KTBW20120315_114107_V06,4,1.000,437.008,217.19600000000003,34.82212174788127,68504.0,-40902.0,17411.06087394063
12419,KTBW20120315_114107_V06,4,1.000,277.551,294.966,34.00826876001344,-11224.5,-2017.0,17004.134380006722
12418,KTBW20120315_114651_V06,10,1.000,437.008,217.19600000000003,45.22454225509596,68504.0,-40902.0,22612.27112754798
12419,KTBW20120315_114651_V06,10,1.000,277.551,294.966,34.007987737388554,-11224.5,-2017.0,17003.99386869428
12418,KTBW20120315_115234_V06,16,1.000,430.008,213.19600000000003,45.224686580777515,65004.0,-42902.0,22612.343290388762
12419,KTBW20120315_115234_V06,16,1.000,277.551,294.966,40.96798833487939,-11224.5,-2017.0,20483.99416743969
12418,KTBW20120315_115816_V06,21,1.000,430.008,213.19600000000003,52.15955216177958,65004.0,-42902.0,26079.776080889787
12419,KTBW20120315_115816_V06,21,1.000,277.551,294.966,40.968139412716795,-11224.5,-2017.0,20484.069706358398
12419,KTBW20120315_120558_V06,29,1.000,277.551,294.966,49.232892585862515,-11224.5,-2017.0,24616.446292931258
12420,KTBW20120315_120558_V06,29,1.000,423.339,566.817,29.026641515942877,61669.5,133908.5,14513.320757971436
12420,KTBW20120315_121140_V06,35,1.000,423.339,566.817,29.026641515942877,61669.5,133908.5,14513.320757971436
12420,KTBW20120315_121722_V06,40,1.000,423.339,566.817,38.731117197977625,61669.5,133908.5,19365.558598988813
4397,KTBW20120316_111525_V06,-21,1.000,283.061,299.758,2.8728728719744527,-8469.5,378.99999999999,1436.4364359872263
12421,KTBW20120316_111525_V06,-21,1.000,442.838,208.077,12.627456043948769,71419.0,-45461.5,6313.728021974385
4397,KTBW20120316_112506_V06,-11,1.000,283.061,299.758,10.99364959704818,-8469.5,378.99999999999,5496.82479852409
12421,KTBW20120316_112506_V06,-11,1.000,442.838,208.077,16.076010886183354,71419.0,-45461.5,8038.005443091677
4397,KTBW20120316_113449_V06,-1,1.000,283.061,299.758,18.573778476883106,-8469.5,378.99999999999,9286.889238441552
4398,KTBW20120316_113449_V06,-1,1.000,382.247,491.503,6.171958364432998,41123.5,96251.5,3085.979182216499
12421,KTBW20120316_113449_V06,-1,1.000,442.838,208.077,27.8261279063669,71419.0,-45461.5,13913.063953183451
4397,KTBW20120316_114431_V06,9,1.000,283.061,299.758,24.871633460866907,-8469.5,378.99999999999,12435.816730433451
4398,KTBW20120316_114431_V06,9,1.000,382.247,491.503,13.960096441378449,41123.5,96251.5,6980.048220689225
12421,KTBW20120316_114431_V06,9,1.000,442.838,208.077,42.70964829631418,71419.0,-45461.5,21354.824148157088
4397,KTBW20120316_115013_V06,14,1.000,283.061,299.758,28.20491055242497,-8469.5,378.99999999999,14102.455276212484
4398,KTBW20120316_115013_V06,14,1.000,382.247,491.503,20.698073156266275,41123.5,96251.5,10349.036578133138
4399,KTBW20120316_115013_V06,14,1.000,448.153,586.106,16.49690067928835,74076.5,143553.0,8248.450339644174
12421,KTBW20120316_115013_V06,14,1.000,434.838,211.077,42.709737903673364,67419.0,-43961.5,21354.86895183668
4398,KTBW20120316_115555_V06,20,1.000,382.247,491.503,24.561753946485215,41123.5,96251.5,12280.87697324261
4399,KTBW20120316_115555_V06,20,1.000,438.553,584.906,19.732568484175044,69276.5,142953.0,9866.28424208752
12421,KTBW20120316_115555_V06,20,1.000,434.838,211.077,54.949380193278174,67419.0,-43961.5,27474.69009663909
4398,KTBW20120316_120137_V06,26,1.000,382.247,491.503,26.99139219562316,41123.5,96251.5,13495.696097811579
4399,KTBW20120316_120137_V06,26,1.000,432.553,581.306,23.982624817458476,66276.5,141153.0,11991.312408729238
12421,KTBW20120316_120137_V06,26,1.000,434.838,211.077,56.379595562529694,67419.0,-43961.5,28189.79778126485
4399,KTBW20120316_120719_V06,31,1.000,432.553,581.306,29.97082153794171,66276.5,141153.0,14985.410768970858
4399,KTBW20120316_121301_V06,37,1.000,432.553,581.306,34.79025835182115,66276.5,141153.0,17395.129175910573
4399,KTBW20120316_122044_V06,45,1.000,432.553,581.306,43.59271457056412,66276.5,141153.0,21796.35728528206
4399,KTBW20120316_122625_V06,50,1.000,431.164,575.75,47.72285260869207,65582.0,138375.0,23861.426304346038
12422,KTBW20120317_110849_V06,-26,1.000,443.223,220.89299999999997,11.652965450641725,71611.5,-39053.5,5826.482725320863
12422,KTBW20120317_111830_V06,-17,1.000,443.223,220.89299999999997,20.210328677978843,71611.5,-39053.5,10105.16433898942
12422,KTBW20120317_112812_V06,-7,1.000,443.223,220.89299999999997,25.722275886005207,71611.5,-39053.5,12861.137943002603
12423,KTBW20120317_112812_V06,-7,1.000,276.111,297.003,24.97886421876145,-11944.5,-998.50000000001,12489.432109380725
12424,KTBW20120317_112812_V06,-7,1.000,386.777,490.122,5.9838839140870235,43388.5,95561.0,2991.941957043511
12423,KTBW20120317_113754_V06,3,1.000,276.111,297.003,31.979987700325317,-11944.5,-998.50000000001,15989.99385016266
12424,KTBW20120317_113754_V06,3,1.000,386.777,487.099,14.25294818698042,43388.5,94049.5,7126.474093490211
12423,KTBW20120317_114337_V06,9,1.000,276.111,297.003,38.90287298652559,-11944.5,-998.50000000001,19451.436493262794
12424,KTBW20120317_114337_V06,9,1.000,385.847,476.401,17.976403699168635,42923.5,88700.5,8988.201849584317
12424,KTBW20120317_114918_V06,14,1.000,385.847,476.401,23.201892759649247,42923.5,88700.5,11600.946379824623
12424,KTBW20120317_115501_V06,20,1.000,385.847,476.401,32.90171549801152,42923.5,88700.5,16450.85774900576
12424,KTBW20120317_120043_V06,26,1.000,385.847,476.401,32.90171549801152,42923.5,88700.5,16450.85774900576
12424,KTBW20120317_120626_V06,31,1.000,378.847,463.401,32.90171549801152,39423.5,82200.5,16450.85774900576
12424,KTBW20120317_121208_V06,37,1.000,378.847,463.401,32.90171549801152,39423.5,82200.5,16450.85774900576
12424,KTBW20120317_121751_V06,43,1.000,378.847,456.401,32.90171549801152,39423.5,78700.5,16450.85774900576
12425,KTBW20120317_121751_V06,43,1.000,447.607,544.58,23.20466711009283,73803.5,122790.0,11602.333555046414
12425,KTBW20120317_122333_V06,49,1.000,447.607,544.58,30.921337149850412,73803.5,122790.0,15460.668574925208
12425,KTBW20120317_123116_V06,56,1.000,447.607,544.58,34.38915404495542,73803.5,122790.0,17194.57702247771
12425,KTBW20120317_123659_V06,62,1.000,447.607,544.58,39.244133671832316,73803.5,122790.0,19622.066835916157
12426,KTBW20120318_111540_V06,-18,1.000,442.013,210.026,14.04653629583931,71006.5,-44487.0,7023.268147919654
4360,KTBW20120318_112522_V06,-9,1.000,390.476,491.79,7.2611613196814035,45238.0,96395.0,3630.5806598407016
12426,KTBW20120318_112522_V06,-9,1.000,442.013,210.026,25.680776463878654,71006.5,-44487.0,12840.388231939325
12427,KTBW20120318_112522_V06,-9,1.000,276.62,296.5,19.61881916176727,-11690.0,-1250.0,9809.409580883634
4360,KTBW20120318_113504_V06,1,1.000,391.28,488.575,13.401646294664653,45640.0,94787.5,6700.823147332328
12426,KTBW20120318_113504_V06,1,1.000,442.013,210.026,34.69741499417197,71006.5,-44487.0,17348.707497085987
12427,KTBW20120318_113504_V06,1,1.000,276.62,296.5,32.271390566119194,-11690.0,-1250.0,16135.695283059596
4360,KTBW20120318_114447_V06,11,1.000,388.065,478.528,19.759500909572363,44032.5,89764.0,9879.75045478618
12426,KTBW20120318_114447_V06,11,1.000,437.013,207.026,45.81609419482541,68506.5,-45987.0,22908.047097412706
12427,KTBW20120318_114447_V06,11,1.000,276.62,296.5,39.89711275909243,-11690.0,-1250.0,19948.55637954621
4360,KTBW20120318_115029_V06,16,1.000,388.065,478.528,24.48862182515507,44032.5,89764.0,12244.310912577537
12426,KTBW20120318_115029_V06,16,1.000,437.013,207.026,45.816316812870696,68506.5,-45987.0,22908.15840643535
4360,KTBW20120318_115610_V06,22,1.000,388.065,478.528,30.35288058806162,44032.5,89764.0,15176.440294030808
12426,KTBW20120318_115610_V06,22,1.000,437.013,207.026,52.03710487615627,68506.5,-45987.0,26018.55243807813
4360,KTBW20120318_120152_V06,28,1.000,382.841,478.528,34.563550254854,41420.5,89764.0,17281.775127427
4360,KTBW20120318_120733_V06,34,1.000,378.42,478.93,37.266027278989284,39210.0,89965.0,18633.01363949464
12428,KTBW20120319_111123_V06,-22,1.000,443.609,215.39100000000002,15.974016266515658,71804.5,-41804.5,7987.008133257829
4357,KTBW20120319_112105_V06,-12,1.000,389.138,491.276,5.694905460718562,44569.0,96138.0,2847.452730359281
4359,KTBW20120319_112105_V06,-12,1.000,282.912,297.359,8.259929044458499,-8544.0,-820.50000000001,4129.964522229249
12428,KTBW20120319_112105_V06,-12,1.000,443.609,215.39100000000002,24.602714656877843,71804.5,-41804.5,12301.357328438922
4357,KTBW20120319_112648_V06,-6,1.000,389.138,491.276,9.300413630535688,44569.0,96138.0,4650.206815267845
4359,KTBW20120319_112648_V06,-6,1.000,278.558,298.699,14.040059821095431,-10721.0,-150.49999999999,7020.029910547715
12428,KTBW20120319_112648_V06,-6,1.000,443.609,215.39100000000002,32.91161838235312,71804.5,-41804.5,16455.80919117656
4357,KTBW20120319_113229_V06,-1,1.000,389.138,491.276,14.301015916152444,44569.0,96138.0,7150.507958076223
4359,KTBW20120319_113229_V06,-1,1.000,277.553,297.025,20.522993234240094,-11223.5,-987.50000000001,10261.496617120045
12428,KTBW20120319_113229_V06,-1,1.000,443.609,215.39100000000002,40.53321346851198,71804.5,-41804.5,20266.60673425599
4357,KTBW20120319_113812_V06,5,1.000,389.138,491.276,18.301866600190746,44569.0,96138.0,9150.933300095374
4359,KTBW20120319_113812_V06,5,1.000,277.553,297.025,24.464387728961185,-11223.5,-987.50000000001,12232.193864480592
4357,KTBW20120319_114354_V06,11,1.000,389.138,491.276,24.650042807593625,44569.0,96138.0,12325.021403796813
4359,KTBW20120319_114354_V06,11,1.000,278.893,294.346,28.172307132487244,-10553.5,-2327.0,14086.153566243622
4357,KTBW20120319_114937_V06,17,1.000,386.727,490.794,29.327023911884737,43363.5,95897.0,14663.51195594237
4357,KTBW20120319_115518_V06,22,1.000,379.493,486.93600000000004,31.975401460203443,39746.5,93968.0,15987.70073010172
4358,KTBW20120319_115518_V06,22,1.000,443.656,590.468,25.371596352934795,71828.0,145734.0,12685.798176467395
4357,KTBW20120319_120100_V06,28,1.000,376.117,483.56,36.30959913390949,38058.5,92280.0,18154.799566954745
4358,KTBW20120319_120100_V06,28,1.000,443.656,590.468,28.732428900992108,71828.0,145734.0,14366.214450496054
4357,KTBW20120319_120642_V06,34,1.000,372.259,480.18399999999997,39.307023942354974,36129.5,90592.0,19653.51197117749
4358,KTBW20120319_120642_V06,34,1.000,443.656,590.468,32.11192256076289,71828.0,145734.0,16055.961280381447
4357,KTBW20120319_121224_V06,39,1.000,367.919,475.844,40.97400732471441,33959.5,88422.0,20487.00366235721
4358,KTBW20120319_121224_V06,39,1.000,443.656,590.468,38.33629707448297,71828.0,145734.0,19168.148537241486
4357,KTBW20120319_121805_V06,45,1.000,365.025,471.504,42.97719716348378,32512.5,86252.0,21488.59858174189
4358,KTBW20120319_121805_V06,45,1.000,442.962,588.385,44.891477947835575,71481.0,144692.5,22445.738973917785
4414,KTBW20120320_111537_V06,-15,1.000,392.373,495.233,1.4491346176600834,46186.5,98116.5,724.5673088300416
12429,KTBW20120320_111537_V06,-15,1.000,443.254,205.173,16.166140034733488,71627.0,-46913.5,8083.070017366745
4414,KTBW20120320_112520_V06,-6,1.000,392.373,490.582,13.973510477277916,46186.5,95791.0,6986.755238638959
4416,KTBW20120320_112520_V06,-6,1.000,280.066,299.74,10.812507769840668,-9967.0,370.0,5406.253884920335
4414,KTBW20120320_113502_V06,4,1.000,391.675,490.117,27.914995383196043,45837.5,95558.5,13957.497691598022
4416,KTBW20120320_113502_V06,4,1.000,280.066,299.74,18.92774799309641,-9967.0,370.0,9463.873996548205
4414,KTBW20120320_114043_V06,10,1.000,391.675,490.117,34.27049953072622,45837.5,95558.5,17135.249765363114
4416,KTBW20120320_114043_V06,10,1.000,280.066,299.74,24.667187247890876,-9967.0,370.0,12333.59362394544
4416,KTBW20120320_114626_V06,15,1.000,280.066,299.74,30.9900316528144,-9967.0,370.0,15495.0158264072
4416,KTBW20120320_115208_V06,21,1.000,280.066,299.74,36.167125585113126,-9967.0,370.0,18083.562792556564
4415,KTBW20120320_115751_V06,27,1.000,446.815,615.121,57.789082546334946,73407.5,158060.5,28894.541273167473
4415,KTBW20120320_120332_V06,33,1.000,446.815,615.121,63.53585090967681,73407.5,158060.5,31767.92545483841
4415,KTBW20120320_120915_V06,38,1.000,446.815,615.121,69.89457475084048,73407.5,158060.5,34947.28737542024
4415,KTBW20120320_121458_V06,44,1.000,446.815,615.121,79.2008417655676,73407.5,158060.5,39600.4208827838
4604,KTBW20120321_111459_V06,-15,1.000,283.417,298.194,2.972247004446898,-8291.5,-402.99999999999,1486.123502223449
4604,KTBW20120321_112040_V06,-9,1.000,283.417,298.194,8.936674214445162,-8291.5,-402.99999999999,4468.337107222581
4604,KTBW20120321_112621_V06,-4,1.000,282.412,298.864,14.030346001980533,-8794.0,-68.000000000012,7015.173000990266
4604,KTBW20120321_113203_V06,2,1.000,282.412,298.864,18.661217095423247,-8794.0,-68.000000000012,9330.608547711623
4604,KTBW20120321_113744_V06,8,1.000,282.412,298.864,22.828954989103384,-8794.0,-68.000000000012,11414.477494551691
4604,KTBW20120321_114326_V06,13,1.000,282.412,298.864,25.613596357966088,-8794.0,-68.000000000012,12806.798178983043
12430,KTBW20120322_111853_V06,-10,1.000,281.0,296.976,16.69118585618077,-9500.0,-1012.0,8345.592928090386
12430,KTBW20120322_112836_V06,0,1.000,281.0,296.976,24.95250788954745,-9500.0,-1012.0,12476.253944773727
12430,KTBW20120322_113819_V06,9,1.000,281.0,296.976,29.114033554915604,-9500.0,-1012.0,14557.016777457804
12430,KTBW20120322_114400_V06,15,1.000,281.0,296.976,38.13067249654661,-9500.0,-1012.0,19065.336248273303
12431,KTBW20120323_110524_V06,-23,1.000,451.373,207.35700000000003,13.164292854781262,75686.5,-45821.5,6582.14642739063
12431,KTBW20120323_111506_V06,-13,1.000,451.373,207.35700000000003,13.164292854781262,75686.5,-45821.5,6582.14642739063
12432,KTBW20120323_111506_V06,-13,1.000,280.326,293.902,14.062488810889887,-9837.0,-2549.0,7031.244405444943
12432,KTBW20120323_112449_V06,-3,1.000,280.326,293.902,24.341347073968453,-9837.0,-2549.0,12170.673536984224
12432,KTBW20120323_113431_V06,7,1.000,280.326,293.902,24.341457204349226,-9837.0,-2549.0,12170.728602174613
12432,KTBW20120323_114013_V06,12,1.000,280.326,293.902,39.04827953661654,-9837.0,-2549.0,19524.13976830827
12432,KTBW20120323_114555_V06,18,1.000,280.326,293.902,39.04828890576029,-9837.0,-2549.0,19524.14445288014
12432,KTBW20120323_115137_V06,24,1.000,280.326,293.902,39.04828890576029,-9837.0,-2549.0,19524.14445288014
12432,KTBW20120323_115719_V06,29,1.000,280.326,293.902,39.04828890576029,-9837.0,-2549.0,19524.14445288014
12433,KTBW20120324_111114_V06,-16,1.000,455.351,206.053,12.207141951746587,77675.5,-46473.5,6103.570975873293
12434,KTBW20120324_112057_V06,-6,1.000,274.125,298.5,12.470705243886568,-12937.5,-250.0,6235.352621943284
12434,KTBW20120324_113038_V06,4,1.000,274.125,298.5,26.710018596840982,-12937.5,-250.0,13355.00929842049
12434,KTBW20120324_114020_V06,13,1.000,296.125,286.5,26.7100588955546,-1937.5,-6250.0,13355.0294477773
12434,KTBW20120324_115002_V06,23,1.000,296.125,286.5,36.47780031016667,-1937.5,-6250.0,18238.900155083335
12434,KTBW20120324_115944_V06,33,1.000,296.125,286.5,36.477853219784556,-1937.5,-6250.0,18238.926609892278
12435,KTBW20120328_110601_V06,-16,1.000,444.312,215.483,10.216545508478818,72156.0,-41758.5,5108.27275423941
12435,KTBW20120328_111543_V06,-6,1.000,444.312,215.483,23.934286796331882,72156.0,-41758.5,11967.14339816594
12435,KTBW20120328_112525_V06,3,1.000,426.312,200.483,23.934321276754044,63156.0,-49258.5,11967.160638377021
12435,KTBW20120328_113506_V06,13,1.000,426.312,200.483,42.802710613154396,63156.0,-49258.5,21401.3553065772
12435,KTBW20120328_114448_V06,23,1.000,426.312,200.483,56.37068880121858,63156.0,-49258.5,28185.344400609287
12435,KTBW20120328_115430_V06,33,1.000,409.312,187.483,56.37063948785523,54656.0,-55758.5,28185.319743927612
12436,KTBW20120329_110350_V06,-17,1.000,450.799,212.603,14.066650336555254,75399.5,-43198.5,7033.325168277628
12436,KTBW20120329_111332_V06,-7,1.000,450.799,212.603,22.11226498039199,75399.5,-43198.5,11056.132490195996
12436,KTBW20120329_112513_V06,4,1.000,462.799,201.603,36.600954109991534,81399.5,-48698.5,18300.477054995765
12436,KTBW20120329_113456_V06,14,1.000,462.799,197.603,36.600618226912914,81399.5,-50698.5,18300.309113456457
12436,KTBW20120329_114437_V06,24,1.000,462.799,197.603,53.14554143305105,81399.5,-50698.5,26572.770716525523
12437,KTBW20120330_105849_V06,-21,1.000,452.725,222.03500000000003,7.656513636666509,76362.5,-38482.5,3828.2568183332546
12437,KTBW20120330_110432_V06,-15,1.000,452.725,222.03500000000003,14.711528695744084,76362.5,-38482.5,7355.76434787204
12437,KTBW20120330_111013_V06,-10,1.000,452.725,222.03500000000003,17.466525379592444,76362.5,-38482.5,8733.262689796222
12437,KTBW20120330_111555_V06,-4,1.000,452.725,212.03500000000003,17.466616805161035,76362.5,-43482.5,8733.308402580518
12437,KTBW20120330_112136_V06,2,1.000,452.725,212.03500000000003,24.30059050992191,76362.5,-43482.5,12150.295254960956
12437,KTBW20120330_112718_V06,7,1.000,452.725,212.03500000000003,34.062544804763014,76362.5,-43482.5,17031.272402381506
12437,KTBW20120330_113300_V06,13,1.000,452.725,212.03500000000003,34.06278115864924,76362.5,-43482.5,17031.39057932462
12437,KTBW20120330_114045_V06,21,1.000,452.725,212.03500000000003,44.42999480814996,76362.5,-43482.5,22214.997404074984
12437,KTBW20120330_114627_V06,26,1.000,452.725,212.03500000000003,52.75050400251949,76362.5,-43482.5,26375.25200125974
12437,KTBW20120330_115607_V06,36,1.000,452.725,212.03500000000003,58.99135658046901,76362.5,-43482.5,29495.678290234504
12438,KTBW20120401_110243_V06,-15,1.000,457.483,229.16500000000002,12.603874065178351,78741.5,-34917.5,6301.937032589175
12439,KTBW20120402_111513_V06,-2,1.000,456.346,226.308,14.353795607465658,78173.0,-36346.0,7176.897803732829
12439,KTBW20120402_112454_V06,8,1.000,454.346,230.308,21.745122904378235,77173.0,-34346.0,10872.561452189117
12439,KTBW20120402_113435_V06,18,1.000,453.346,221.308,21.745358776770395,76673.0,-38846.0,10872.679388385197
12439,KTBW20120402_114416_V06,27,1.000,453.346,221.308,21.745358776770395,76673.0,-38846.0,10872.679388385197
12439,KTBW20120402_115557_V06,39,1.000,453.346,221.308,21.745358776770395,76673.0,-38846.0,10872.679388385197
12439,KTBW20120402_120539_V06,49,1.000,453.346,221.308,42.53271613647184,76673.0,-38846.0,21266.35806823592
12439,KTBW20120402_121521_V06,58,1.000,453.346,240.308,42.53287306289522,76673.0,-29346.0,21266.436531447613
12440,KTBW20120403_105550_V06,-20,1.000,450.991,221.945,12.522724314703671,75495.5,-38527.5,6261.362157351835
4826,KTBW20120403_110532_V06,-10,1.000,398.739,499.175,5.708041700096206,49369.5,100087.5,2854.0208500481026
12440,KTBW20120403_110532_V06,-10,1.000,450.991,221.945,23.110971013048037,75495.5,-38527.5,11555.48550652402
4826,KTBW20120403_111512_V06,-1,1.000,398.739,499.175,11.4855408206302,49369.5,100087.5,5742.7704103151
12440,KTBW20120403_111512_V06,-1,1.000,444.991,229.945,23.111032782622043,72495.5,-34527.5,11555.516391311023
12440,KTBW20120403_112453_V06,9,1.000,444.991,229.945,34.64805164824842,72495.5,-34527.5,17324.025824124208
12440,KTBW20120403_113434_V06,19,1.000,444.991,229.945,45.09279243754503,72495.5,-34527.5,22546.39621877252
12441,KTBW20120404_105415_V06,-21,1.000,448.952,220.726,15.129226556445923,74476.0,-39137.0,7564.613278222962
4825,KTBW20120404_110357_V06,-11,1.000,396.299,493.95,4.825839518734438,48149.5,97475.0,2412.919759367219
4825,KTBW20120404_111339_V06,-1,1.000,404.002,493.28,16.16890812233682,52001.0,97140.0,8084.454061168411
4825,KTBW20120404_112319_V06,8,1.000,403.667,488.591,28.22915081773841,51833.5,94795.5,14114.575408869205
4825,KTBW20120404_113301_V06,18,1.000,403.667,488.591,33.29469220442623,51833.5,94795.5,16647.346102213116
12442,KTBW20120405_110924_V06,-5,1.000,441.34,206.676,7.175163834705593,70670.0,-46162.0,3587.5819173527966
12442,KTBW20120405_111406_V06,0,1.000,441.34,206.676,17.153651071691797,70670.0,-46162.0,8576.825535845897
12442,KTBW20120405_111847_V06,5,1.000,441.34,206.676,17.15380879264753,70670.0,-46162.0,8576.904396323765
12442,KTBW20120405_112329_V06,9,1.000,441.34,199.676,24.771203338824048,70670.0,-49662.0,12385.601669412024
12442,KTBW20120405_112810_V06,14,1.000,441.34,199.676,29.017210473804155,70670.0,-49662.0,14508.605236902076
12442,KTBW20120405_113251_V06,19,1.000,441.34,199.676,31.09052847275111,70670.0,-49662.0,15545.264236375555
12442,KTBW20120405_113733_V06,24,1.000,441.34,199.676,31.09075824596548,70670.0,-49662.0,15545.37912298274
12442,KTBW20120405_114215_V06,28,1.000,441.34,199.676,31.09075824596548,70670.0,-49662.0,15545.37912298274
12443,KTBW20120406_105636_V06,-15,1.000,457.325,222.53500000000003,11.69804864534988,78662.5,-38232.5,5849.024322674941
12444,KTBW20120407_105345_V06,-17,1.000,437.766,228.346,13.078981578641214,68883.0,-35327.0,6539.490789320607
12444,KTBW20120407_110326_V06,-8,1.000,427.766,252.346,13.078981578641214,63883.0,-23327.0,6539.490789320607
12444,KTBW20120407_111308_V06,2,1.000,427.766,252.346,27.988528752491632,63883.0,-23327.0,13994.264376245817
12445,KTBW20120408_105319_V06,-17,1.000,443.901,225.38,14.461995274765231,71950.5,-36810.0,7230.997637382616
12445,KTBW20120408_110259_V06,-7,1.000,443.901,225.38,25.26714250364349,71950.5,-36810.0,12633.57125182175
12446,KTBW20120409_105226_V06,-17,1.000,446.737,220.644,13.069964939699585,73368.5,-39178.0,6534.982469849791
12446,KTBW20120409_110207_V06,-7,1.000,446.737,220.644,24.044611870512455,73368.5,-39178.0,12022.30593525623
12446,KTBW20120409_111149_V06,3,1.000,440.737,206.644,24.044601706886304,70368.5,-46178.0,12022.30085344315
12447,KTBW20120409_111149_V06,3,1.000,394.344,479.755,16.88608397484218,47172.0,90377.5,8443.04198742109
12446,KTBW20120409_112130_V06,13,1.000,434.737,188.644,24.044601706886304,67368.5,-55178.0,12022.30085344315
12447,KTBW20120409_112130_V06,13,1.000,394.344,479.755,26.18748718722012,47172.0,90377.5,13093.743593610063
12448,KTBW20120410_105008_V06,-18,1.000,441.357,225.536,12.383313204913836,70678.5,-36732.0,6191.656602456918
12448,KTBW20120410_105949_V06,-8,1.000,441.357,225.536,18.496107019599528,70678.5,-36732.0,9248.053509799764
12448,KTBW20120410_110930_V06,2,1.000,441.357,225.536,22.64090038894338,70678.5,-36732.0,11320.45019447169
12449,KTBW20120410_110930_V06,2,1.000,390.606,494.9,23.65133753150901,45303.0,97950.0,11825.668765754504
12449,KTBW20120410_111910_V06,11,1.000,399.606,480.9,23.65133753150901,49803.0,90950.0,11825.668765754504
12450,KTBW20120412_105057_V06,-15,1.000,444.153,226.89499999999998,10.438493543965121,72076.5,-36052.5,5219.24677198256
12450,KTBW20120412_110038_V06,-5,1.000,444.153,226.89499999999998,22.900855885513625,72076.5,-36052.5,11450.427942756813
12451,KTBW20120413_105128_V06,-14,1.000,432.78,214.38600000000002,12.7800453183456,66390.0,-42307.0,6390.022659172801
12451,KTBW20120413_110109_V06,-4,1.000,432.78,214.38600000000002,28.322379779810536,66390.0,-42307.0,14161.189889905269
12451,KTBW20120413_111050_V06,6,1.000,411.78,197.38600000000002,28.32265009088476,55890.0,-50807.0,14161.325045442381
12451,KTBW20120413_112033_V06,16,1.000,400.78,183.38600000000002,28.32265009088476,50390.0,-57807.0,14161.325045442381
12451,KTBW20120413_113013_V06,25,1.000,393.78,168.38600000000002,28.32265009088476,46890.0,-65307.0,14161.325045442381
12451,KTBW20120413_113954_V06,35,1.000,393.78,168.38600000000002,41.192946554028985,46890.0,-65307.0,20596.473277014495
12451,KTBW20120413_114935_V06,45,1.000,393.78,168.38600000000002,58.18063831439922,46890.0,-65307.0,29090.319157199607
12452,KTBW20120414_104943_V06,-14,1.000,433.234,214.469,9.380772437350714,66617.0,-42265.5,4690.386218675358
12452,KTBW20120414_105523_V06,-9,1.000,433.234,214.469,19.746412690974488,66617.0,-42265.5,9873.206345487246
12452,KTBW20120414_110105_V06,-3,1.000,433.234,214.469,28.64389798683626,66617.0,-42265.5,14321.94899341813
12452,KTBW20120414_110646_V06,3,1.000,411.234,198.469,28.643781154729005,55617.0,-50265.5,14321.890577364502
12452,KTBW20120414_111228_V06,8,1.000,403.234,195.469,28.643781154729005,51617.0,-51765.5,14321.890577364502
12452,KTBW20120414_111809_V06,14,1.000,403.234,195.469,42.00048808589168,51617.0,-51765.5,21000.244042945844
12453,KTBW20120416_105149_V06,-10,1.000,422.066,197.719,13.827362610796586,61033.0,-50640.5,6913.681305398294
12453,KTBW20120416_110130_V06,-1,1.000,422.066,197.719,24.089380291854084,61033.0,-50640.5,12044.690145927043
12453,KTBW20120416_111111_V06,9,1.000,422.066,197.719,39.33962233597408,61033.0,-50640.5,19669.811167987038
12454,KTBW20120425_104434_V06,-8,1.000,442.579,229.5,14.20189992067972,71289.5,-34750.0,7100.949960339861
12454,KTBW20120425_105418_V06,1,1.000,442.579,229.5,24.679551290134377,71289.5,-34750.0,12339.775645067188
12454,KTBW20120425_110400_V06,11,1.000,431.579,247.5,24.679234370854946,65789.5,-25750.0,12339.61718542747
12454,KTBW20120425_111342_V06,21,1.000,431.579,247.5,30.273007583381563,65789.5,-25750.0,15136.503791690782
5316,KTBW20120426_103620_V06,-16,1.000,438.0,210.58800000000002,7.711663895696836,69000.0,-44206.0,3855.831947848418
5316,KTBW20120426_104601_V06,-6,1.000,436.0,207.58800000000002,17.013730025701562,68000.0,-45706.0,8506.865012850782
5316,KTBW20120426_105541_V06,4,1.000,449.0,202.58800000000002,25.996824980028272,74500.0,-48206.0,12998.412490014136
5317,KTBW20120426_105541_V06,4,1.000,388.91,494.194,22.267308507146137,44455.0,97597.0,11133.654253573068
5316,KTBW20120426_110522_V06,13,1.000,458.0,197.58800000000002,36.358345073238766,79000.0,-50706.0,18179.172536619386
5317,KTBW20120426_110522_V06,13,1.000,388.91,494.194,29.89845014187145,44455.0,97597.0,14949.225070935725
5317,KTBW20120426_111504_V06,23,1.000,377.91,483.194,36.093809099543606,38955.0,92097.0,18046.904549771803
5317,KTBW20120426_112444_V06,33,1.000,377.91,483.194,41.67178719561433,38955.0,92097.0,20835.893597807164
5318,KTBW20120427_104103_V06,-11,1.000,394.381,492.877,3.222526933642007,47190.5,96938.5,1611.263466821004
5318,KTBW20120427_105044_V06,-1,1.000,394.381,492.877,10.284777088146981,47190.5,96938.5,5142.388544073491
5318,KTBW20120427_110026_V06,8,1.000,392.986,490.365,16.856994164090402,46493.0,95682.5,8428.497082045202
5318,KTBW20120427_111006_V06,18,1.000,395.777,485.062,22.087932402399908,47888.5,93031.0,11043.966201199952
5318,KTBW20120427_111947_V06,28,1.000,395.777,485.062,26.299180051935476,47888.5,93031.0,13149.590025967738
