track_id,filename,from_sunrise,det_score,x,y,r,lon,lat,radius,local_time
17,KTYX20140109_130400_V06,29,-0.308,212.30,181.250000,12.350000,-76.42,44.148080,6175.000000,20140109_080400
17,KTYX20140109_131300_V06,38,-0.406,212.12,180.459644,24.247484,-76.43,44.148869,12123.742138,20140109_081300
17,KTYX20140109_132300_V06,48,-0.593,222.42,181.365171,25.729137,-76.42,44.102548,12864.568519,20140109_082300
17,KTYX20140109_132900_V06,54,-0.592,223.89,188.849508,26.605675,-76.37,44.096248,13302.837400,20140109_082900
17,KTYX20140109_133500_V06,60,-0.605,221.33,193.589671,29.691505,-76.34,44.107901,14845.752725,20140109_083500
17,KTYX20140109_134000_V06,65,-0.604,223.52,189.005025,29.380384,-76.37,44.097919,14690.191830,20140109_084000
17,KTYX20140109_134600_V06,71,0.000,224.84,187.210859,30.043430,-76.38,44.091883,15021.714901,20140109_084600
17,KTYX20140109_135200_V06,77,0.000,226.17,185.416693,30.706476,-76.40,44.085845,15353.237972,20140109_085200
17,KTYX20140109_135700_V06,82,0.000,227.27,183.921555,31.259014,-76.40,44.080813,15629.507199,20140109_085700
17,KTYX20140109_140300_V06,88,0.000,228.60,182.127390,31.922061,-76.42,44.074773,15961.030270,20140109_090300
17,KTYX20140109_140900_V06,94,0.000,229.93,180.333224,32.585107,-76.43,44.068733,16292.553342,20140109_090900
17,KTYX20140109_141500_V06,100,0.000,231.25,178.539058,33.248153,-76.44,44.062691,16624.076413,20140109_091500
17,KTYX20140109_142000_V06,105,0.000,232.36,177.043920,33.800691,-76.45,44.057655,16900.345639,20140109_092000
17,KTYX20140109_143000_V06,115,-0.630,243.53,188.672017,53.165048,-76.37,44.007833,26582.523811,20140109_093000
67,KTYX20140112_122429_V07,-10,-0.126,250.50,341.500000,25.100000,-75.42,43.978291,12550.000000,20140112_072429
148,KTYX20140210_122106_V07,13,-0.094,211.30,181.750000,12.250000,-76.42,44.152600,6125.000000,20140210_072106
196,KTYX20140219_114616_V07,-9,-0.321,212.15,181.050000,12.350000,-76.42,44.148747,6175.000000,20140219_064616
196,KTYX20140219_115158_V07,-4,0.000,212.15,181.050000,25.850000,-76.42,44.148747,12925.000000,20140219_065158
196,KTYX20140219_115741_V07,2,-0.550,217.52,188.990120,34.187725,-76.37,44.124889,17093.862275,20140219_065741
211-212,KTYX20140222_113954_V07,-11,0.007,203.60,313.150000,24.850000,-75.60,44.189598,12425.000000,20140222_063954
211-212,KTYX20140222_114538_V07,-5,-0.115,213.00,338.700000,11.600000,-75.44,44.147075,5800.000000,20140222_064538
213-215-216,KTYX20140222_115120_V07,1,0.541,211.40,363.650000,12.050000,-75.28,44.153840,6025.000000,20140222_065120
224,KTYX20140222_121953_V07,29,0.471,205.30,304.650000,27.550000,-75.65,44.181974,13775.000000,20140222_071953
224,KTYX20140222_122536_V07,35,0.504,202.42,316.016337,35.571782,-75.58,44.194877,17785.891089,20140222_072536
245,KTYX20140225_114021_V07,-5,0.005,214.05,181.300000,15.900000,-76.42,44.140208,7950.000000,20140225_064021
278,KTYX20140303_111016_V07,-26,-0.292,298.40,371.500000,33.400000,-75.24,43.762168,16700.000000,20140303_061016
278,KTYX20140303_111959_V07,-17,0.000,298.40,371.500000,57.700000,-75.24,43.762168,28850.000000,20140303_061959
278,KTYX20140303_112941_V07,-7,-0.567,283.48,359.385122,58.571643,-75.31,43.829565,29285.821669,20140303_062941
281,KTYX20140303_113923_V07,3,-0.348,211.70,182.050000,11.950000,-76.42,44.150812,5975.000000,20140303_063923
281,KTYX20140303_114907_V07,13,-0.610,211.45,180.893534,25.777568,-76.42,44.151908,12888.783928,20140303_064907
281,KTYX20140303_115849_V07,22,-0.685,218.28,187.149125,26.848538,-76.38,44.121404,13424.268931,20140303_065849
281,KTYX20140303_120832_V07,32,0.000,224.64,192.829655,30.152293,-76.35,44.093015,15076.146271,20140303_070832
281,KTYX20140303_121816_V07,42,0.000,230.99,198.510185,33.456047,-76.31,44.064614,16728.023611,20140303_071816
281,KTYX20140303_122759_V07,51,-0.666,233.19,212.200782,56.468224,-76.23,44.055165,28234.112175,20140303_072759
281,KTYX20140303_123939_V07,63,-0.679,241.11,209.760771,57.139054,-76.24,44.019476,28569.526773,20140303_073939
284,KTYX20140304_112519_V07,-9,-0.199,299.95,370.850000,28.450000,-75.24,43.755209,14225.000000,20140304_062519
284,KTYX20140304_113502_V07,1,0.000,299.95,370.850000,55.450000,-75.24,43.755209,27725.000000,20140304_063502
284,KTYX20140304_114445_V07,10,-0.371,279.46,364.337809,63.036895,-75.28,43.847576,31518.447427,20140304_064445
286,KTYX20140304_115429_V07,20,-0.196,297.05,374.650000,35.050000,-75.22,43.768165,17525.000000,20140304_065429
286,KTYX20140304_120412_V07,30,-0.532,290.76,364.847906,54.942822,-75.28,43.796693,27471.410768,20140304_070412
286,KTYX20140304_121356_V07,39,-0.525,279.50,377.331016,63.757623,-75.20,43.847092,31878.811413,20140304_071356
286,KTYX20140304_122340_V07,49,-0.398,279.96,369.677655,60.626551,-75.25,43.845207,30313.275571,20140304_072340
286,KTYX20140304_123323_V07,59,0.000,278.18,365.348130,60.254482,-75.27,43.853286,30127.241020,20140304_073323
286,KTYX20140304_124307_V07,69,0.000,276.41,361.018605,59.882413,-75.30,43.861359,29941.206470,20140304_074307
286,KTYX20140304_125251_V07,78,0.000,274.81,357.122032,59.547551,-75.32,43.868619,29773.775374,20140304_075251
286,KTYX20140304_131413_V07,100,-0.418,280.13,355.631147,54.160720,-75.33,43.844732,27080.359925,20140304_081413
286,KTYX20140304_132356_V07,109,0.000,280.57,353.507857,52.817546,-75.35,43.842799,26408.772922,20140304_082356
286,KTYX20140304_133340_V07,119,0.000,281.05,351.148646,51.325130,-75.36,43.840650,25662.565142,20140304_083340
286,KTYX20140304_134323_V07,129,0.000,281.54,348.789434,49.832715,-75.38,43.838500,24916.357361,20140304_084323
286,KTYX20140304_135306_V07,139,0.000,282.03,346.430223,48.340299,-75.39,43.836347,24170.149580,20140304_085306
286,KTYX20140304_140249_V07,148,0.000,282.46,344.306932,46.997125,-75.40,43.834408,23498.562578,20140304_090249
286,KTYX20140304_141231_V07,158,-0.338,278.11,350.389703,55.487823,-75.37,43.853927,27743.911681,20140304_091231
286,KTYX20140304_142214_V07,168,-0.472,281.52,354.483930,53.213500,-75.34,43.838497,26606.749936,20140304_092214
290,KTYX20140306_114024_V07,10,-0.045,212.15,180.200000,15.800000,-76.43,44.148712,7900.000000,20140306_064024
290,KTYX20140306_115009_V07,20,-0.409,216.58,185.175510,32.416327,-76.40,44.128957,16208.163265,20140306_065009
291,KTYX20140306_115954_V07,29,0.310,211.70,180.650000,15.450000,-76.43,44.150756,7725.000000,20140306_065954
291,KTYX20140306_120937_V07,39,0.346,211.10,180.130000,21.290000,-76.43,44.153434,10645.000000,20140306_070937
338,KTYX20140315_113253_V07,18,-0.093,240.55,332.800000,24.200000,-75.48,44.023175,12100.000000,20140315_073253
338,KTYX20140315_113836_V07,24,-0.132,241.37,339.254918,35.106967,-75.44,44.019417,17553.483607,20140315_073836
342-344,KTYX20140318_104712_V07,-22,-0.050,211.40,180.750000,11.650000,-76.43,44.152110,5825.000000,20140318_064712
342-344,KTYX20140318_105655_V07,-13,-0.042,211.24,180.524611,22.780866,-76.43,44.152825,11390.433013,20140318_065655
342-344,KTYX20140318_111623_V07,7,-0.031,211.45,181.400000,12.200000,-76.42,44.151911,6100.000000,20140318_071623
342-344,KTYX20140318_112606_V07,17,-0.296,211.91,180.478762,23.366214,-76.43,44.149801,11683.107007,20140318_072606
351,KTYX20140319_110322_V07,-4,-0.308,211.85,179.200000,15.700000,-76.43,44.150021,7850.000000,20140319_070322
351,KTYX20140319_111306_V07,6,-0.602,214.47,180.482038,32.089089,-76.43,44.138291,16044.544519,20140319_071306
351,KTYX20140319_112250_V07,15,-0.645,218.20,189.275746,33.710570,-76.37,44.121843,16855.285039,20140319_072250
351,KTYX20140319_113234_V07,25,0.000,222.07,197.656223,37.978669,-76.32,44.104714,18989.334659,20140319_073234
351,KTYX20140319_114219_V07,35,-0.567,225.36,203.657948,61.042131,-76.28,44.090115,30521.065409,20140319_074219
376,KTYX20140324_103031_V07,-28,-0.366,210.85,180.300000,11.800000,-76.43,44.154566,5900.000000,20140324_063031
376,KTYX20140324_104016_V07,-18,-0.569,211.52,180.915303,24.032718,-76.42,44.151571,12016.358839,20140324_064016
376,KTYX20140324_105001_V07,-8,-0.423,222.57,187.771163,24.833804,-76.38,44.102116,12416.902215,20140324_065001
376,KTYX20140324_105944_V07,1,-0.634,222.64,188.997492,24.806318,-76.37,44.101876,12403.159155,20140324_065944
376,KTYX20140324_110926_V07,11,0.000,224.27,191.116363,25.191966,-76.36,44.094616,12595.982754,20140324_070926
376,KTYX20140324_111908_V07,21,-0.612,223.81,188.185608,23.603028,-76.38,44.096579,11801.513758,20140324_071908
376,KTYX20140324_112851_V07,30,-0.594,222.56,185.198372,26.743561,-76.40,44.102082,13371.780749,20140324_072851
376,KTYX20140324_113833_V07,40,0.000,221.53,182.394648,29.444565,-76.41,44.106601,14722.282652,20140324_073833
376,KTYX20140324_114814_V07,50,0.000,220.50,179.590923,32.145569,-76.43,44.111117,16072.784556,20140324_074814
376,KTYX20140324_115757_V07,59,-0.606,226.33,194.161352,32.077578,-76.34,44.085463,16038.788973,20140324_075757
387,KTYX20140326_111033_V07,15,0.089,211.45,181.600000,11.900000,-76.42,44.151919,5950.000000,20140326_071033
387,KTYX20140326_112017_V07,25,0.003,211.92,181.263919,20.886049,-76.42,44.149788,10443.024731,20140326_072017
394-395,KTYX20140328_104847_V07,-3,-0.031,191.95,317.700000,32.800000,-75.57,44.241997,16400.000000,20140328_064847
394-395,KTYX20140328_105428_V07,3,-0.049,219.45,345.300000,26.900000,-75.40,44.117956,13450.000000,20140328_065428
414,KTYX20140401_111051_V07,26,0.220,427.60,140.550000,8.850000,-76.66,43.177350,4425.000000,20140401_071051
422,KTYX20140403_101751_V07,-23,-0.108,212.20,181.350000,12.350000,-76.42,44.148534,6175.000000,20140403_061751
427,KTYX20140404_105712_V07,19,0.055,384.80,200.350000,26.550000,-76.29,43.372545,13275.000000,20140404_065712
442,KTYX20140407_101053_V07,-23,0.039,210.35,180.350000,15.950000,-76.43,44.156818,7975.000000,20140407_061053
443,KTYX20140407_102033_V07,-13,0.085,311.05,164.800000,60.300000,-76.52,43.703025,30150.000000,20140407_062033
443,KTYX20140407_103013_V07,-3,-0.234,305.41,164.282085,75.387948,-76.52,43.728378,37693.973941,20140407_063013
453,KTYX20140408_102714_V07,-4,0.460,200.25,340.800000,27.900000,-75.42,44.204418,13950.000000,20140408_062714
468,KTYX20140411_101555_V07,-11,0.033,212.60,180.850000,15.850000,-76.42,44.146714,7925.000000,20140411_061555
468,KTYX20140411_102535_V07,-1,-0.241,212.39,181.997578,26.844302,-76.42,44.147712,13422.150997,20140411_062535
468,KTYX20140411_103516_V07,9,-0.303,230.28,196.937237,43.079800,-76.32,44.067771,21539.899954,20140411_063516
484-489,KTYX20140413_100026_V07,-23,-0.177,237.20,122.900000,52.900000,-76.78,44.033110,26450.000000,20140413_060026
484-489,KTYX20140413_100608_V07,-17,-0.354,235.68,127.078571,63.100000,-76.76,44.040188,31550.000000,20140413_060608
487-490-488-492,KTYX20140413_100608_V07,-17,0.299,317.25,161.450000,48.250000,-76.54,43.674971,24125.000000,20140413_060608
487-490-488-492,KTYX20140413_101149_V07,-12,0.179,314.50,184.500000,50.100000,-76.40,43.688331,25050.000000,20140413_061149
484-489,KTYX20140413_101149_V07,-12,0.020,207.10,127.250000,52.750000,-76.76,44.168799,26375.000000,20140413_061149
493,KTYX20140413_102853_V07,5,0.065,228.25,181.650000,27.850000,-76.42,44.076327,13925.000000,20140413_062853
501,KTYX20140415_095355_V07,-26,0.175,203.60,386.500000,11.900000,-75.14,44.188354,5950.000000,20140415_055355
528,KTYX20140415_104504_V07,26,0.327,236.30,293.150000,8.750000,-75.72,44.042474,4375.000000,20140415_064504
530,KTYX20140416_095039_V07,-28,0.112,297.25,376.850000,48.850000,-75.20,43.767209,24425.000000,20140416_055039
530,KTYX20140416_095621_V07,-22,0.128,298.44,376.097219,55.731088,-75.21,43.761855,27865.543881,20140416_055621
537,KTYX20140416_104411_V07,26,-0.021,304.60,394.600000,50.300000,-75.09,43.733621,25150.000000,20140416_064411
550,KTYX20140420_095356_V07,-18,0.149,299.80,218.050000,12.350000,-76.19,43.755598,6175.000000,20140420_055356
551,KTYX20140420_101324_V07,2,0.032,395.15,229.200000,50.400000,-76.12,43.326788,25200.000000,20140420_061324
551,KTYX20140420_102308_V07,12,-0.198,392.63,223.147993,64.576936,-76.15,43.337965,32288.468061,20140420_062308
556,KTYX20140421_101209_V07,2,0.343,218.40,190.950000,27.750000,-76.36,44.121008,13875.000000,20140421_061209
556,KTYX20140421_101750_V07,7,0.340,216.54,198.073557,32.265012,-76.32,44.129640,16132.505774,20140421_061750
556,KTYX20140421_102331_V07,13,0.000,214.74,204.967321,39.769861,-76.27,44.137976,19884.930716,20140421_062331
556,KTYX20140421_102913_V07,19,0.000,212.94,211.861085,47.274711,-76.23,44.146297,23637.355658,20140421_062913
556,KTYX20140421_103454_V07,24,0.000,211.43,217.605889,53.528753,-76.19,44.153218,26764.376443,20140421_063454
556,KTYX20140421_104036_V07,30,0.000,209.63,224.499654,61.033603,-76.15,44.161509,30516.801386,20140421_064036
556,KTYX20140421_104617_V07,36,-0.132,208.54,211.099650,59.390002,-76.24,44.166040,29695.001134,20140421_064617
582,KTYX20140424_093559_V07,-30,0.052,224.70,188.150000,25.350000,-76.38,44.092555,12675.000000,20140424_053559
595,KTYX20140427_094108_V07,-19,0.345,220.65,324.850000,32.350000,-75.52,44.112801,16175.000000,20140427_054108
595,KTYX20140427_094651_V07,-14,0.387,226.05,323.921688,37.607713,-75.53,44.088504,18803.856624,20140427_054651
597,KTYX20140427_102654_V07,26,0.069,228.40,300.150000,29.350000,-75.68,44.078031,14675.000000,20140427_062654
637-646,KTYX20140502_093229_V07,-21,0.027,309.60,250.850000,31.450000,-75.98,43.712221,15725.000000,20140502_053229
637-646,KTYX20140502_093812_V07,-15,0.122,308.69,257.785780,37.521560,-75.94,43.716416,18760.779817,20140502_053812
671-676-675,KTYX20140504_095341_V07,3,0.197,335.30,286.650000,24.950000,-75.76,43.596943,12475.000000,20140504_055341
671-676-675,KTYX20140504_095924_V07,9,0.251,334.57,294.230913,32.174896,-75.72,43.600235,16087.448133,20140504_055924
671-676-675,KTYX20140504_100507_V07,15,0.351,337.65,311.350000,27.050000,-75.61,43.586375,13525.000000,20140504_060507
679,KTYX20140504_101049_V07,20,-0.087,246.80,354.200000,32.600000,-75.34,43.994735,16300.000000,20140504_061049
682,KTYX20140505_092001_V07,-29,0.206,211.60,180.200000,15.600000,-76.43,44.151187,7800.000000,20140505_052001
682,KTYX20140505_092943_V07,-20,0.041,218.27,186.681992,31.144703,-76.39,44.121448,15572.351695,20140505_052943
687,KTYX20140505_094908_V07,0,0.128,211.50,180.600000,16.000000,-76.43,44.151653,8000.000000,20140505_054908
687,KTYX20140505_095849_V07,9,0.124,211.25,180.138573,19.703568,-76.43,44.152767,9851.783992,20140505_055849
687,KTYX20140505_100832_V07,19,-0.312,221.05,189.275919,29.996906,-76.37,44.109011,14998.453076,20140505_060832
687,KTYX20140505_101815_V07,29,-0.324,241.37,198.208295,51.608554,-76.31,44.017932,25804.277174,20140505_061815
695,KTYX20140506_092928_V07,-19,0.080,35.75,172.700000,55.100000,-76.49,44.942062,27550.000000,20140506_052928
696,KTYX20140506_092928_V07,-19,-0.102,25.70,272.200000,30.400000,-75.86,44.989952,15200.000000,20140506_052928
698-700,KTYX20140506_095836_V07,10,0.578,46.40,139.750000,50.350000,-76.69,44.892509,25175.000000,20140506_055836
698-700,KTYX20140506_100819_V07,20,0.557,55.62,144.445132,52.774581,-76.66,44.851281,26387.290503,20140506_060819
704-711,KTYX20140509_091941_V07,-25,0.494,268.40,406.950000,33.250000,-75.01,43.896098,16625.000000,20140509_051941
704-711,KTYX20140509_092522_V07,-19,0.501,273.79,419.993478,37.276087,-74.93,43.871337,18638.043478,20140509_052522
704-711,KTYX20140509_093854_V07,-6,0.083,261.07,414.568426,59.736397,-74.97,43.928799,29868.198648,20140509_053854
704-711,KTYX20140509_095559_V07,11,0.179,199.15,441.200000,53.500000,-74.80,44.206255,26750.000000,20140509_055559
713,KTYX20140509_100722_V07,23,0.118,341.70,93.850000,11.850000,-76.96,43.561036,5925.000000,20140509_060722
713,KTYX20140509_101303_V07,29,-0.344,344.10,96.529525,26.741395,-76.94,43.550425,13370.697329,20140509_061303
714,KTYX20140509_100722_V07,23,-0.132,264.00,17.300000,17.300000,-77.44,43.904310,8650.000000,20140509_060722
714,KTYX20140509_101303_V07,29,-0.481,260.09,19.371958,29.807864,-77.43,43.922098,14903.931751,20140509_061303
726,KTYX20140510_100509_V07,22,-0.098,211.50,180.450000,15.950000,-76.43,44.151647,7975.000000,20140510_060509
730,KTYX20140513_091353_V07,-26,0.675,260.35,361.050000,23.750000,-75.30,43.933627,11875.000000,20140513_051353
730,KTYX20140513_091935_V07,-20,0.650,260.28,363.194366,27.749296,-75.29,43.933915,13874.647887,20140513_051935
734,KTYX20140513_091353_V07,-26,-0.247,376.55,262.600000,27.000000,-75.91,43.411099,13500.000000,20140513_051353
734,KTYX20140513_091935_V07,-20,-0.321,376.75,266.594236,36.623631,-75.89,43.410239,18311.815562,20140513_051935
734,KTYX20140513_092515_V07,-14,-0.450,389.38,262.733572,45.742765,-75.91,43.353358,22871.382464,20140513_052515
736,KTYX20140513_092515_V07,-14,0.139,274.45,376.600000,24.600000,-75.20,43.869816,12300.000000,20140513_052515
736,KTYX20140513_093057_V07,-9,-0.014,274.63,376.959073,33.432046,-75.20,43.868998,16716.023166,20140513_053057
736,KTYX20140513_093638_V07,-3,0.000,274.80,377.306564,45.114672,-75.20,43.868208,22557.335907,20140513_053638
736,KTYX20140513_094218_V07,3,0.000,274.98,377.654054,56.797297,-75.20,43.867417,28398.648649,20140513_054218
736,KTYX20140513_094800_V07,9,-0.133,281.40,365.004894,58.337925,-75.28,43.838803,29168.962750,20140513_054800
736,KTYX20140513_095341_V07,14,-0.068,282.72,363.522665,55.295334,-75.29,43.832904,27647.667009,20140513_055341
736,KTYX20140513_095922_V07,20,0.000,284.65,360.791796,55.026095,-75.30,43.824305,27513.047402,20140513_055922
736,KTYX20140513_100503_V07,26,0.000,286.57,358.060928,54.756856,-75.32,43.815703,27378.427795,20140513_060503
736,KTYX20140513_101043_V07,31,-0.249,293.99,355.653589,51.337132,-75.33,43.782347,25668.565764,20140513_061043
743-757,KTYX20140513_093638_V07,-3,0.002,409.15,280.800000,25.000000,-75.80,43.264556,12500.000000,20140513_053638
743-757,KTYX20140513_094218_V07,3,0.015,410.84,282.709091,33.539471,-75.79,43.256955,16769.735328,20140513_054218
770,KTYX20140514_095501_V07,17,0.220,315.55,209.800000,35.100000,-76.24,43.684483,17550.000000,20140514_055501
770,KTYX20140514_100014_V07,22,0.130,314.15,212.092539,44.075785,-76.23,43.690851,22037.892670,20140514_060014
775-777,KTYX20140516_090721_V07,-29,0.670,378.40,318.000000,53.200000,-75.57,43.402953,26600.000000,20140516_050721
775-777,KTYX20140516_091302_V07,-23,0.657,375.49,308.370558,57.851777,-75.63,43.416109,28925.888325,20140516_051302
775-777,KTYX20140516_091842_V07,-18,0.656,363.01,303.814104,53.614116,-75.66,43.472282,26807.057794,20140516_051842
787,KTYX20140518_090749_V07,-27,0.001,405.50,166.850000,29.850000,-76.50,43.278087,14925.000000,20140518_050749
787,KTYX20140518_091331_V07,-21,-0.262,403.90,169.230711,39.405330,-76.49,43.285388,19702.664975,20140518_051331
792-795,KTYX20140519_090409_V07,-29,0.038,196.55,304.600000,56.600000,-75.65,44.221348,28300.000000,20140519_050409
792-795,KTYX20140519_090949_V07,-24,0.025,198.02,307.051054,63.960693,-75.64,44.214725,31980.346386,20140519_050949
792-795,KTYX20140519_091531_V07,-18,-0.276,197.51,313.533576,62.193829,-75.60,44.216979,31096.914269,20140519_051531
792-795,KTYX20140519_092112_V07,-12,0.061,232.90,320.300000,26.300000,-75.55,44.057712,13150.000000,20140519_052112
803,KTYX20140522_090040_V07,-30,-0.354,291.95,376.300000,16.400000,-75.21,43.791074,8200.000000,20140522_050040
803,KTYX20140522_090622_V07,-24,-0.627,292.52,378.117455,30.049455,-75.19,43.788483,15024.727273,20140522_050622
805,KTYX20140522_091203_V07,-18,0.160,288.85,387.950000,12.950000,-75.13,43.804701,6475.000000,20140522_051203
805,KTYX20140522_091744_V07,-13,-0.088,288.07,389.971047,22.137372,-75.12,43.808149,11068.685832,20140522_051744
836-839-840,KTYX20140526_091912_V07,-8,0.265,319.10,377.250000,33.250000,-75.20,43.668872,16625.000000,20140526_051912
838,KTYX20140526_093034_V07,3,0.059,230.30,345.600000,34.700000,-75.40,44.069129,17350.000000,20140526_053034
842,KTYX20140526_094156_V07,14,0.203,247.20,350.850000,33.050000,-75.36,43.992994,16525.000000,20140526_054156
842,KTYX20140526_094737_V07,20,0.312,251.66,358.023451,37.690708,-75.32,43.972792,18845.353982,20140526_054737
842,KTYX20140526_095318_V07,26,-0.027,246.56,368.303332,49.312603,-75.25,43.995526,24656.301545,20140526_055318
867-871,KTYX20140603_090848_V07,-14,0.047,402.30,276.800000,36.300000,-75.82,43.295357,18150.000000,20140603_050848
867-871,KTYX20140603_091429_V07,-8,-0.355,403.39,279.879787,50.250000,-75.80,43.290495,25125.000000,20140603_051429
867-871,KTYX20140603_093131_V07,9,0.063,412.70,294.000000,15.200000,-75.72,43.248635,7600.000000,20140603_053131
872,KTYX20140603_093712_V07,15,0.089,323.35,243.700000,15.400000,-76.03,43.650217,7700.000000,20140603_053712
872,KTYX20140603_094253_V07,20,0.137,318.91,248.309665,21.409294,-76.00,43.670268,10704.646840,20140603_054253
872,KTYX20140603_094835_V07,26,-0.271,309.20,249.047375,26.284423,-76.00,43.713969,13142.211348,20140603_054835
895,KTYX20140606_095103_V07,30,0.134,211.45,180.850000,11.850000,-76.42,44.151889,5925.000000,20140606_055103
898,KTYX20140609_085532_V07,-25,0.701,143.05,282.700000,27.900000,-75.79,44.462033,13950.000000,20140609_045532
898,KTYX20140609_090113_V07,-19,0.700,137.18,281.770796,30.236283,-75.79,44.488451,15118.141593,20140609_050113
898,KTYX20140609_090654_V07,-14,0.548,140.24,285.105519,29.642425,-75.77,44.474672,14821.212576,20140609_050654
898,KTYX20140609_091236_V07,-8,0.561,135.39,285.441991,28.617686,-75.77,44.496530,14308.842889,20140609_051236
898,KTYX20140609_091816_V07,-2,0.541,135.19,283.356138,27.050994,-75.78,44.497418,13525.496961,20140609_051816
898,KTYX20140609_092358_V07,3,0.710,134.88,287.813276,28.278415,-75.76,44.498823,14139.207700,20140609_052358
931,KTYX20140616_090635_V07,-14,-0.076,297.65,83.350000,34.450000,-77.03,43.758490,17225.000000,20140616_050635
939,KTYX20140620_085131_V07,-29,-0.136,212.00,180.500000,15.300000,-76.43,44.149400,7650.000000,20140620_045131
939,KTYX20140620_090114_V07,-19,-0.256,216.20,183.602439,30.536585,-76.41,44.130620,15268.292683,20140620_050114
939,KTYX20140620_091058_V07,-10,-0.455,197.46,180.867929,31.442240,-76.43,44.214822,15721.119780,20140620_051058
941,KTYX20140620_092040_V07,0,0.670,211.25,180.150000,12.050000,-76.43,44.152760,6025.000000,20140620_052040
941,KTYX20140620_093023_V07,10,0.634,211.37,180.110240,17.619392,-76.43,44.152222,8809.696174,20140620_053023
941,KTYX20140620_094007_V07,20,0.662,211.11,180.195385,16.208303,-76.43,44.153375,8104.151443,20140620_054007
941,KTYX20140620_094950_V07,29,0.728,211.10,180.935492,16.038919,-76.42,44.153485,8019.459672,20140620_054950
941,KTYX20140620_095933_V07,39,0.662,211.10,180.400250,15.848136,-76.43,44.153452,7924.067842,20140620_055933
941,KTYX20140620_100916_V07,49,0.622,211.53,180.330154,16.031607,-76.43,44.151512,8015.803599,20140620_060916
941,KTYX20140620_101859_V07,58,0.000,211.89,180.238428,16.170191,-76.43,44.149901,8085.095390,20140620_061859
941,KTYX20140620_102843_V07,68,0.650,212.20,180.744317,15.755319,-76.43,44.148506,7877.659303,20140620_062843
941,KTYX20140620_103825_V07,78,0.407,211.87,179.454411,15.597130,-76.43,44.149952,7798.564796,20140620_063825
941,KTYX20140620_104808_V07,88,0.533,212.64,181.555247,15.921337,-76.42,44.146575,7960.668706,20140620_064808
941,KTYX20140620_105751_V07,97,0.359,221.29,189.540207,25.125246,-76.37,44.107956,12562.622904,20140620_065751
941,KTYX20140620_111717_V07,117,0.252,228.33,183.737419,24.430077,-76.41,44.076041,12215.038714,20140620_071717
941,KTYX20140620_112700_V07,127,0.300,231.44,189.546976,32.114857,-76.37,44.062272,16057.428722,20140620_072700
946,KTYX20140623_085737_V07,-24,0.224,212.85,179.450000,15.550000,-76.43,44.145532,7775.000000,20140623_045737
947,KTYX20140623_091703_V07,-4,-0.147,212.40,178.600000,15.900000,-76.44,44.147522,7950.000000,20140623_051703
947,KTYX20140623_092646_V07,5,-0.256,212.66,178.514873,26.267515,-76.44,44.146369,13133.757339,20140623_052646
948,KTYX20140623_093629_V07,15,0.076,211.90,178.900000,16.100000,-76.44,44.149784,8050.000000,20140623_053629
948,KTYX20140623_094611_V07,25,-0.015,211.50,178.933354,24.788483,-76.44,44.151586,12394.241661,20140623_054611
952,KTYX20140628_085904_V07,-24,0.166,213.40,180.400000,16.200000,-76.43,44.143096,8100.000000,20140628_045904
953,KTYX20140628_094737_V07,24,0.302,211.60,180.400000,15.400000,-76.43,44.151195,7700.000000,20140628_054737
953,KTYX20140628_095719_V07,34,0.173,212.40,180.749604,23.940897,-76.43,44.147592,11970.448549,20140628_055719
975,KTYX20140702_085548_V07,-30,0.548,229.05,399.450000,24.250000,-75.06,44.073427,12125.000000,20140702_045548
976,KTYX20140702_085954_V07,-26,0.639,223.25,417.500000,25.800000,-74.95,44.098860,12900.000000,20140702_045954
976,KTYX20140702_090400_V07,-21,0.585,218.93,423.346758,31.199804,-74.91,44.118077,15599.901768,20140702_050400
994,KTYX20140703_094600_V07,21,0.132,215.80,186.750000,23.150000,-76.39,44.132549,11575.000000,20140703_054600
994,KTYX20140703_095114_V07,26,-0.099,217.70,188.765480,33.834727,-76.37,44.124060,16917.363261,20140703_055114
996,KTYX20140704_085852_V07,-28,0.365,192.95,316.800000,42.400000,-75.57,44.237502,21200.000000,20140704_045852
997,KTYX20140704_090305_V07,-23,0.351,190.50,321.350000,35.850000,-75.55,44.248497,17925.000000,20140704_050305
997,KTYX20140704_090727_V07,-19,0.216,190.73,324.692814,43.537725,-75.53,44.247433,21768.862275,20140704_050727
997,KTYX20140704_091147_V07,-15,0.237,186.27,329.706243,42.226921,-75.49,44.267449,21113.460614,20140704_051147
998,KTYX20140704_090305_V07,-23,0.183,323.80,389.800000,15.300000,-75.12,43.647369,7650.000000,20140704_050305
1004,KTYX20140705_090330_V07,-24,0.046,211.55,180.800000,16.100000,-76.42,44.151437,8050.000000,20140705_050330
1004,KTYX20140705_091313_V07,-14,0.098,211.99,181.094036,22.958530,-76.42,44.149464,11479.264910,20140705_051313
1005,KTYX20140705_094221_V07,15,0.336,211.70,180.850000,11.950000,-76.42,44.150764,5975.000000,20140705_054221
1005,KTYX20140705_095204_V07,25,0.286,211.26,180.016916,17.408832,-76.43,44.152693,8704.416168,20140705_055204
1005,KTYX20140705_100146_V07,34,0.306,211.61,179.919947,16.109897,-76.43,44.151111,8054.948364,20140705_060146
1005,KTYX20140705_101129_V07,44,0.122,216.95,183.923036,21.546789,-76.41,44.127278,10773.394284,20140705_061129
1005,KTYX20140705_102113_V07,54,0.000,221.87,187.585068,26.483164,-76.38,44.105271,13241.582014,20140705_062113
1005,KTYX20140705_103055_V07,63,0.000,226.30,190.880897,30.925902,-76.36,44.085460,15462.950972,20140705_063055
1005,KTYX20140705_104038_V07,73,0.000,231.22,194.542930,35.862277,-76.34,44.063444,17931.138702,20140705_064038
1005,KTYX20140705_105022_V07,83,-0.088,233.17,212.068031,50.194445,-76.23,44.055265,25097.222583,20140705_065022
1006-1007,KTYX20140706_090222_V07,-25,0.254,210.55,181.050000,16.050000,-76.42,44.155946,8025.000000,20140706_050222
1006-1007,KTYX20140706_090736_V07,-20,0.241,210.62,181.050000,23.246510,-76.42,44.155629,11623.254932,20140706_050736
1006-1007,KTYX20140706_091251_V07,-15,-0.008,210.45,179.850000,16.150000,-76.43,44.156347,8075.000000,20140706_051251
1006-1007,KTYX20140706_091806_V07,-9,-0.419,205.94,180.066974,29.870295,-76.43,44.176649,14935.147601,20140706_051806
1011,KTYX20140707_090136_V07,-27,-0.096,200.65,358.500000,36.900000,-75.31,44.202319,18450.000000,20140707_050136
1027,KTYX20140710_090454_V07,-26,-0.219,211.70,179.650000,15.950000,-76.43,44.150715,7975.000000,20140710_050454
1027,KTYX20140710_091435_V07,-16,-0.314,211.56,180.327316,24.594728,-76.43,44.151352,12297.364217,20140710_051435
1027,KTYX20140710_092418_V07,-6,-0.527,207.89,174.269929,23.790768,-76.47,44.167644,11895.383943,20140710_052418
1027,KTYX20140710_093400_V07,4,0.000,204.61,168.960550,24.158318,-76.50,44.182172,12079.158946,20140710_053400
1027,KTYX20140710_094342_V07,13,-0.526,214.85,188.463415,23.432066,-76.38,44.136890,11716.033008,20140710_054342
1027,KTYX20140710_095324_V07,23,-0.559,222.44,185.120928,23.606239,-76.40,44.102614,11803.119481,20140710_055324
1027,KTYX20140710_100307_V07,33,0.000,229.49,183.659253,23.715651,-76.41,44.070816,11857.825538,20140710_060307
1027,KTYX20140710_101249_V07,42,0.000,235.84,182.343746,23.814122,-76.41,44.042197,11907.060989,20140710_061249
1027,KTYX20140710_102231_V07,52,-0.541,220.55,191.580565,26.273763,-76.36,44.111360,13136.881393,20140710_062231
1029,KTYX20140710_093400_V07,4,0.705,476.50,126.550000,16.550000,-76.74,42.956515,8275.000000,20140710_053400
1029,KTYX20140710_094342_V07,13,0.720,472.33,132.371391,26.227766,-76.71,42.975616,13113.883035,20140710_054342
1029,KTYX20140710_095324_V07,23,0.711,479.65,138.498165,33.677556,-76.67,42.943020,16838.778169,20140710_055324
1029,KTYX20140710_100307_V07,33,0.637,472.33,146.186536,31.833325,-76.62,42.976363,15916.662254,20140710_060307
1029,KTYX20140710_101249_V07,42,0.353,481.18,136.774545,31.464107,-76.68,42.936042,15732.053348,20140710_061249
1044,KTYX20140713_094951_V07,16,-0.110,442.05,52.750000,35.750000,-77.20,43.106388,17875.000000,20140713_054951
1044,KTYX20140713_095505_V07,22,0.000,442.05,52.750000,51.950000,-77.20,43.106388,25975.000000,20140713_055505
1044,KTYX20140713_100017_V07,27,-0.300,449.24,60.912432,57.365306,-77.15,43.074691,28682.652753,20140713_060017
1050,KTYX20140714_090500_V07,-28,0.110,211.45,179.750000,12.350000,-76.43,44.151844,6175.000000,20140714_050500
1050,KTYX20140714_091441_V07,-19,0.201,211.91,179.750000,20.006522,-76.43,44.149764,10003.260870,20140714_051441
1050,KTYX20140714_092423_V07,-9,-0.236,212.31,179.535234,24.300469,-76.43,44.147953,12150.234546,20140714_052423
1062,KTYX20140717_091110_V07,-25,0.005,211.85,179.950000,15.150000,-76.43,44.150052,7575.000000,20140717_051110
1062,KTYX20140717_092053_V07,-16,-0.039,211.98,181.523806,24.908032,-76.42,44.149549,12454.015919,20140717_052053
1065,KTYX20140717_095000_V07,14,0.663,235.40,246.450000,24.850000,-76.01,44.046045,12425.000000,20140717_055000
1065,KTYX20140717_095942_V07,23,0.659,232.35,248.799000,29.662000,-76.00,44.059789,14831.000000,20140717_055942
1066,KTYX20140717_095000_V07,14,-0.148,212.05,180.600000,12.500000,-76.43,44.149179,6250.000000,20140717_055000
1066,KTYX20140717_095942_V07,23,-0.177,212.29,180.600000,23.156974,-76.43,44.148099,11578.486998,20140717_055942
1066,KTYX20140717_100925_V07,33,-0.489,217.98,187.156718,27.017375,-76.38,44.122772,13508.687284,20140717_060925
1066,KTYX20140717_101907_V07,43,0.000,223.13,193.077268,31.753537,-76.35,44.099781,15876.768573,20140717_061907
1066,KTYX20140717_102850_V07,52,0.000,227.78,198.405764,36.016083,-76.31,44.079079,18008.041734,20140717_062850
1066,KTYX20140717_103832_V07,62,0.000,232.94,204.326314,40.752246,-76.28,44.056065,20376.123023,20140717_063832
1066,KTYX20140717_104814_V07,72,-0.493,248.14,199.711234,59.468745,-76.31,43.987491,29734.372406,20140717_064814
1088,KTYX20140724_093535_V07,-8,0.769,236.05,246.350000,15.950000,-76.01,44.043119,7975.000000,20140724_053535
1088,KTYX20140724_094517_V07,2,0.873,247.04,241.993836,23.589269,-76.04,43.993595,11794.634703,20140724_054517
1088,KTYX20140724_095459_V07,11,0.857,249.75,242.438747,25.586690,-76.04,43.981406,12793.345023,20140724_055459
1088,KTYX20140724_100441_V07,21,0.839,252.61,244.028660,32.667787,-76.03,43.968575,16333.893731,20140724_060441
1088,KTYX20140724_101422_V07,31,0.823,247.28,249.561208,36.029460,-75.99,43.992630,18014.730113,20140724_061422
1088,KTYX20140724_102404_V07,41,0.765,239.51,258.795712,33.875862,-75.94,44.027743,16937.931082,20140724_062404
1088,KTYX20140724_103347_V07,50,0.577,248.89,260.741120,50.505492,-75.92,43.985583,25252.745973,20140724_063347
1088,KTYX20140724_104328_V07,60,0.362,248.82,275.527444,56.499488,-75.83,43.986033,28249.744071,20140724_064328
1090,KTYX20140724_094517_V07,2,0.431,488.20,118.800000,21.500000,-76.79,42.903407,10750.000000,20140724_054517
1090,KTYX20140724_095459_V07,11,0.302,484.43,118.149213,28.571260,-76.79,42.920324,14285.629921,20140724_055459
1090,KTYX20140724_100441_V07,21,0.475,500.59,107.995546,45.432039,-76.85,42.846973,22716.019567,20140724_060441
1090,KTYX20140724_101422_V07,31,0.107,509.94,90.532395,58.721500,-76.96,42.803749,29360.750036,20140724_061422
1092,KTYX20140724_095459_V07,11,0.507,259.25,193.050000,25.250000,-76.35,43.937271,12625.000000,20140724_055459
1092,KTYX20140724_100441_V07,21,0.393,255.62,191.787156,30.465934,-76.35,43.953563,15232.967238,20140724_060441
1092,KTYX20140724_101422_V07,31,0.407,257.28,196.110867,32.443865,-76.33,43.946247,16221.932292,20140724_061422
1092,KTYX20140724_102404_V07,41,0.138,255.64,219.273788,50.317084,-76.18,43.954347,25158.542247,20140724_062404
1094,KTYX20140725_091928_V07,-25,0.077,211.15,180.150000,12.050000,-76.43,44.153210,6025.000000,20140725_051928
1094,KTYX20140725_092910_V07,-15,0.059,211.90,180.233662,19.807695,-76.43,44.149825,9903.847672,20140725_052910
1094,KTYX20140725_093853_V07,-6,-0.192,211.98,187.647316,23.265152,-76.38,44.149784,11632.576202,20140725_053853
1094,KTYX20140725_094836_V07,4,-0.350,214.20,200.822680,28.658951,-76.30,44.140273,14329.475264,20140725_054836
1094,KTYX20140725_095819_V07,14,-0.297,201.65,218.872014,44.211100,-76.19,44.197280,22105.549862,20140725_055819
1094,KTYX20140725_100802_V07,24,0.000,191.84,235.829883,57.801396,-76.08,44.241831,28900.698119,20140725_060802
1094,KTYX20140725_101745_V07,33,-0.363,193.46,229.405018,56.926080,-76.12,44.234404,28463.040015,20140725_061745
1095,KTYX20140725_093853_V07,-6,0.417,475.25,115.950000,16.450000,-76.81,42.961513,8225.000000,20140725_053853
1099,KTYX20140725_094836_V07,4,0.628,231.40,259.100000,24.400000,-75.94,44.064248,12200.000000,20140725_054836
1099,KTYX20140725_095819_V07,14,0.633,236.41,268.192661,31.221101,-75.88,44.041823,15610.550459,20140725_055819
1099,KTYX20140725_100802_V07,24,0.634,234.44,271.728032,48.846290,-75.86,44.050729,24423.144908,20140725_060802
1099,KTYX20140725_101745_V07,33,0.587,238.45,281.383903,54.315892,-75.80,44.032737,27157.946161,20140725_061745
1099,KTYX20140725_102727_V07,43,0.121,252.83,281.738085,56.620267,-75.79,43.968027,28310.133580,20140725_062727
1099,KTYX20140725_103709_V07,53,0.105,259.40,291.914704,59.639868,-75.73,43.938513,29819.934012,20140725_063709
1101,KTYX20140725_094836_V07,4,-0.264,291.05,230.100000,12.000000,-76.11,43.795282,6000.000000,20140725_054836
1101,KTYX20140725_095819_V07,14,-0.508,289.02,222.078822,30.924070,-76.16,43.804198,15462.035124,20140725_055819
1104,KTYX20140726_093212_V07,-13,0.132,202.90,207.100000,24.100000,-76.26,44.191308,12050.000000,20140726_053212
1104,KTYX20140726_094154_V07,-4,0.153,201.00,215.644643,34.158929,-76.21,44.200110,17079.464286,20140726_054154
1104,KTYX20140726_095136_V07,6,-0.291,212.93,217.794286,34.887574,-76.19,44.146505,17443.786884,20140726_055136
1104,KTYX20140726_100119_V07,16,0.000,224.13,220.292385,36.217285,-76.18,44.096163,18108.642303,20140726_060119
1104,KTYX20140726_101101_V07,26,0.000,235.33,222.790485,37.546995,-76.16,44.045818,18773.497722,20140726_061101
1104,KTYX20140726_102043_V07,35,0.000,245.42,225.038774,38.743735,-76.15,44.000506,19371.867599,20140726_062043
1104,KTYX20140726_103026_V07,45,-0.249,234.91,225.311644,50.545202,-76.15,44.047774,25272.600978,20140726_063026
1104,KTYX20140726_104015_V07,55,-0.209,256.94,232.954688,56.972753,-76.10,43.948835,28486.376348,20140726_064015
1114,KTYX20140729_095050_V07,2,0.290,235.55,254.000000,13.100000,-75.97,44.045498,6550.000000,20140729_055050
1114,KTYX20140729_100032_V07,12,0.285,241.79,257.983660,29.967647,-75.94,44.017499,14983.823529,20140729_060032
1114,KTYX20140729_101013_V07,22,0.028,249.32,258.457373,37.660670,-75.94,43.983600,18830.334882,20140729_061013
1114,KTYX20140729_101957_V07,31,0.213,252.04,263.203750,53.502184,-75.91,43.971432,26751.091946,20140729_061957
1114,KTYX20140729_102939_V07,41,-0.155,265.52,243.711488,56.890833,-76.03,43.910455,28445.416552,20140729_062939
1114,KTYX20140729_103920_V07,51,-0.122,271.95,219.293474,54.751048,-76.18,43.880938,27375.524242,20140729_063920
1118-1123-1122,KTYX20140730_092210_V07,-27,0.383,102.85,268.550000,18.350000,-75.88,44.642795,9175.000000,20140730_052210
1118-1123-1122,KTYX20140730_092724_V07,-22,0.357,100.94,269.338998,25.003530,-75.87,44.651392,12501.765189,20140730_052724
1144,KTYX20140802_094440_V07,-8,-0.089,226.60,253.250000,12.150000,-75.97,44.085760,6075.000000,20140802_054440
1144,KTYX20140802_094955_V07,-3,-0.117,229.53,253.541080,21.938732,-75.97,44.072585,10969.366197,20140802_054955
1145,KTYX20140802_100024_V07,8,-0.130,198.35,197.550000,50.150000,-76.32,44.211463,25075.000000,20140802_060024
1153-1160-1159,KTYX20140804_095356_V07,-1,0.721,208.45,201.200000,24.800000,-76.30,44.166142,12400.000000,20140804_055356
1153-1160-1159,KTYX20140804_095911_V07,5,0.705,207.15,203.398131,29.302804,-76.28,44.172044,14651.401869,20140804_055911
1153-1160-1159,KTYX20140804_100940_V07,15,0.014,195.45,193.700000,25.000000,-76.35,44.224375,12500.000000,20140804_060940
1165,KTYX20140804_102009_V07,26,-0.001,301.65,220.450000,8.950000,-76.17,43.747338,4475.000000,20140804_062009
1165,KTYX20140804_102525_V07,31,-0.099,303.01,222.426862,20.158239,-76.16,43.741250,10079.119639,20140804_062525
1169,KTYX20140805_094504_V07,-10,0.911,201.50,201.050000,26.850000,-76.30,44.197410,13425.000000,20140805_054504
1169,KTYX20140805_095450_V07,-1,0.916,204.14,204.858081,35.234175,-76.27,44.185673,17617.087542,20140805_055450
1169,KTYX20140805_100434_V07,9,0.878,200.51,215.094720,50.717281,-76.21,44.202321,25358.640675,20140805_060434
1173,KTYX20140805_100434_V07,9,0.043,470.00,133.250000,35.350000,-76.70,42.986145,17675.000000,20140805_060434
1173,KTYX20140805_101419_V07,19,-0.374,471.45,141.246962,60.364177,-76.65,42.980055,30182.088608,20140805_061419
1178-1193-1192,KTYX20140806_094726_V07,-10,0.738,212.05,191.500000,22.900000,-76.36,44.149601,11450.000000,20140806_054726
1178-1193-1192,KTYX20140806_095241_V07,-5,0.908,211.92,188.857955,26.007955,-76.37,44.150097,13003.977273,20140806_055241
1178-1193-1192,KTYX20140806_095756_V07,0,0.918,212.05,189.994402,26.528263,-76.37,44.149563,13264.131427,20140806_055756
1178-1193-1192,KTYX20140806_100312_V07,6,0.909,213.08,191.785719,36.527389,-76.36,44.144966,18263.694588,20140806_060312
1178-1193-1192,KTYX20140806_100826_V07,11,0.000,213.91,193.248214,44.494153,-76.35,44.141300,22247.076311,20140806_060826
1178-1193-1192,KTYX20140806_101341_V07,16,0.779,213.69,196.672458,52.450415,-76.33,44.142402,26225.207537,20140806_061341
1179,KTYX20140806_095241_V07,-5,0.602,229.30,245.450000,9.150000,-76.02,44.073476,4575.000000,20140806_055241
1183-1193-1190,KTYX20140806_095241_V07,-5,0.635,236.10,238.350000,9.450000,-76.06,44.042737,4725.000000,20140806_055241
1183-1193-1190,KTYX20140806_095756_V07,0,0.722,235.46,242.198459,16.765925,-76.04,44.045681,8382.962329,20140806_055756
1183-1193-1190,KTYX20140806_100312_V07,6,0.845,241.88,247.951784,26.120457,-76.00,44.016900,13060.228565,20140806_060312
1183-1193-1190,KTYX20140806_100826_V07,11,0.849,239.77,250.951698,28.869839,-75.99,44.026458,14434.919660,20140806_060826
1183-1193-1190,KTYX20140806_101341_V07,16,0.840,246.78,255.346232,31.333349,-75.96,43.994969,15666.674499,20140806_061341
1188,KTYX20140806_100312_V07,6,-0.174,293.15,237.700000,9.300000,-76.07,43.786001,4650.000000,20140806_060312
1188,KTYX20140806_100826_V07,11,-0.486,293.07,237.816347,19.606922,-76.07,43.786353,9803.461218,20140806_060826
1188,KTYX20140806_101341_V07,16,-0.410,293.63,245.072919,21.131979,-76.02,43.783997,10565.989606,20140806_061341
1178-1193-1192,KTYX20140806_101857_V07,21,0.009,187.00,216.200000,28.600000,-76.20,44.263126,14300.000000,20140806_061857
1183-1193-1190,KTYX20140806_102411_V07,27,0.569,234.10,261.200000,28.300000,-75.92,44.052126,14150.000000,20140806_062411
1194,KTYX20140807_093815_V07,-20,1.003,210.45,196.000000,16.100000,-76.33,44.156963,8050.000000,20140807_053815
1194,KTYX20140807_094329_V07,-15,1.051,213.16,189.946746,23.821893,-76.37,44.144569,11910.946746,20140807_054329
1194,KTYX20140807_094845_V07,-10,1.059,220.69,188.118025,28.592622,-76.38,44.110580,14296.310948,20140807_054845
1194,KTYX20140807_095359_V07,-5,1.052,224.32,189.436461,36.643034,-76.37,44.094326,18321.516907,20140807_055359
1194,KTYX20140807_095914_V07,1,1.036,228.41,186.952733,43.226907,-76.39,44.075802,21613.453677,20140807_055914
1194,KTYX20140807_100430_V07,6,1.007,228.91,182.993256,46.325103,-76.41,44.073434,23162.551603,20140807_060430
1194,KTYX20140807_100945_V07,11,0.924,241.23,186.589645,56.294604,-76.39,44.018094,28147.301786,20140807_060945
1194,KTYX20140807_101501_V07,17,0.546,235.97,188.747415,58.696033,-76.37,44.041861,29348.016629,20140807_061501
1196,KTYX20140807_094845_V07,-10,0.989,235.75,245.550000,15.050000,-76.02,44.044454,7525.000000,20140807_054845
1196,KTYX20140807_095359_V07,-5,1.074,240.22,244.950298,21.584226,-76.02,44.024307,10792.113095,20140807_055359
1196,KTYX20140807_095914_V07,1,1.077,241.58,245.538388,22.534555,-76.02,44.018221,11267.277506,20140807_055914
1196,KTYX20140807_100430_V07,6,1.056,248.09,247.344949,26.678492,-76.01,43.988968,13339.246030,20140807_060430
1196,KTYX20140807_100945_V07,11,1.052,259.44,242.416812,34.687657,-76.04,43.937779,17343.828401,20140807_060945
1196,KTYX20140807_101501_V07,17,1.037,260.49,242.344998,47.500350,-76.04,43.933083,23750.174832,20140807_061501
1196,KTYX20140807_102016_V07,22,1.027,262.01,242.513549,47.716579,-76.04,43.926235,23858.289663,20140807_062016
1196,KTYX20140807_102531_V07,27,0.000,263.55,242.612403,49.207393,-76.04,43.919313,24603.696615,20140807_062531
1196,KTYX20140807_103046_V07,32,0.000,265.09,242.711256,50.698207,-76.04,43.912391,25349.103568,20140807_063046
1196,KTYX20140807_103601_V07,38,0.000,266.93,242.829880,52.487184,-76.04,43.904084,26243.591911,20140807_063601
1196,KTYX20140807_104117_V07,43,0.866,261.61,240.867326,56.726896,-76.05,43.928007,28363.448009,20140807_064117
1196,KTYX20140807_104632_V07,48,0.756,261.67,239.227526,53.861679,-76.06,43.927672,26930.839416,20140807_064632
1196,KTYX20140807_105148_V07,53,0.000,261.62,237.804156,52.006369,-76.07,43.927878,26003.184273,20140807_065148
1196,KTYX20140807_110130_V07,63,0.547,250.28,232.686471,59.378022,-76.10,43.978814,29689.010833,20140807_070130
1197-1206,KTYX20140807_094845_V07,-10,0.823,290.70,238.600000,12.400000,-76.06,43.797045,6200.000000,20140807_054845
1197-1206,KTYX20140807_095359_V07,-5,0.992,296.40,237.255251,19.388584,-76.07,43.771378,9694.292237,20140807_055359
1197-1206,KTYX20140807_095914_V07,1,1.015,302.04,238.740757,24.824918,-76.06,43.745996,12412.459141,20140807_055914
1197-1206,KTYX20140807_100430_V07,6,0.999,308.38,238.956159,31.569040,-76.06,43.717477,15784.519782,20140807_060430
1197-1206,KTYX20140807_100945_V07,11,1.015,308.97,237.154656,33.764245,-76.07,43.714777,16882.122571,20140807_060945
1197-1206,KTYX20140807_101501_V07,17,1.026,315.21,237.729981,34.866830,-76.07,43.686707,17433.414904,20140807_061501
1197-1206,KTYX20140807_102016_V07,22,0.985,321.01,239.424820,47.150051,-76.06,43.660643,23575.025706,20140807_062016
1202,KTYX20140807_095914_V07,1,0.895,479.90,118.000000,26.900000,-76.79,42.940711,13450.000000,20140807_055914
1202,KTYX20140807_100430_V07,6,0.923,478.95,122.958531,30.005450,-76.76,42.945304,15002.725118,20140807_060430
1202,KTYX20140807_100945_V07,11,0.878,484.64,125.474277,34.833938,-76.75,42.919820,17416.969180,20140807_060945
1202,KTYX20140807_101501_V07,17,0.886,484.87,132.127841,41.590201,-76.71,42.919173,20795.100566,20140807_061501
1202,KTYX20140807_102016_V07,22,0.885,488.95,134.920124,48.197319,-76.69,42.900963,24098.659285,20140807_062016
1202,KTYX20140807_102531_V07,27,0.795,487.74,136.305259,52.118675,-76.68,42.906464,26059.337557,20140807_062531
1202,KTYX20140807_103046_V07,32,0.892,483.23,136.316339,52.568756,-76.68,42.926756,26284.378035,20140807_063046
1202,KTYX20140807_103601_V07,38,0.885,495.60,135.769050,59.641980,-76.68,42.871062,29820.989990,20140807_063601
1202,KTYX20140807_104117_V07,43,0.808,498.48,141.287253,60.055074,-76.65,42.858412,30027.536840,20140807_064117
1202,KTYX20140807_104632_V07,48,0.641,495.16,138.797034,57.889881,-76.67,42.873226,28944.940291,20140807_064632
1202,KTYX20140807_105148_V07,53,0.499,493.19,136.151267,55.531372,-76.68,42.881952,27765.685828,20140807_065148
1202,KTYX20140807_110130_V07,63,0.000,489.43,131.917273,51.407972,-76.71,42.898625,25703.985837,20140807_070130
1202,KTYX20140807_111112_V07,73,0.463,504.11,111.678635,56.482400,-76.83,42.831356,28241.199825,20140807_071112
1210-1220,KTYX20140808_094443_V07,-15,0.628,212.70,194.550000,22.550000,-76.34,44.146788,11275.000000,20140808_054443
1210-1220,KTYX20140808_095430_V07,-5,0.659,214.47,193.320872,31.899722,-76.35,44.138779,15949.860853,20140808_055430
1210-1220,KTYX20140808_100417_V07,5,0.650,222.36,190.759215,43.938891,-76.36,44.103186,21969.445414,20140808_060417
1210-1220,KTYX20140808_101402_V07,15,0.000,230.15,188.220430,55.950484,-76.38,44.068049,27975.242018,20140808_061402
1210-1220,KTYX20140808_102348_V07,24,0.138,224.95,201.942594,54.599468,-76.29,44.091917,27299.733779,20140808_062348
1212,KTYX20140808_095430_V07,-5,0.361,237.00,245.950000,22.650000,-76.02,44.038836,11325.000000,20140808_055430
1212,KTYX20140808_100417_V07,5,0.357,241.98,247.579295,26.744033,-76.01,44.016440,13372.016275,20140808_060417
1212,KTYX20140808_101402_V07,15,0.000,246.69,249.116365,32.134629,-76.00,43.995310,16067.314647,20140808_061402
1212,KTYX20140808_102348_V07,24,0.000,250.92,250.499729,36.986166,-75.99,43.976292,18493.083183,20140808_062348
1212,KTYX20140808_103334_V07,34,0.000,255.62,252.036799,42.376763,-75.98,43.955160,21188.381555,20140808_063334
1212,KTYX20140808_104320_V07,44,-0.025,236.97,237.927410,51.332362,-76.07,44.038833,25666.181223,20140808_064320
1212,KTYX20140808_105307_V07,54,-0.018,238.69,249.194633,58.647809,-76.00,44.031311,29323.904422,20140808_065307
1212,KTYX20140808_110253_V07,63,-0.149,237.77,229.127094,56.629246,-76.12,44.034994,28314.622778,20140808_070253
1212,KTYX20140808_111240_V07,73,0.057,239.92,220.011846,60.039362,-76.18,44.025119,30019.681045,20140808_071240
1214,KTYX20140808_095430_V07,-5,0.151,286.00,245.100000,12.100000,-76.02,43.818323,6050.000000,20140808_055430
1214,KTYX20140808_100417_V07,5,-0.134,286.38,241.045355,23.924044,-76.05,43.816551,11962.021858,20140808_060417
1214,KTYX20140808_101402_V07,15,0.218,301.27,237.200445,33.177272,-76.07,43.749439,16588.636212,20140808_061402
1214,KTYX20140808_102348_V07,24,-0.151,301.56,232.975809,34.472511,-76.10,43.748041,17236.255328,20140808_062348
1215,KTYX20140808_100417_V07,5,0.616,471.55,122.400000,32.400000,-76.77,42.978550,16200.000000,20140808_060417
1215,KTYX20140808_101402_V07,15,0.719,478.85,116.815896,50.289094,-76.80,42.945372,25144.547135,20140808_061402
1215,KTYX20140808_102348_V07,24,0.699,479.23,119.006363,57.526000,-76.79,42.943793,28763.000134,20140808_062348
1215,KTYX20140808_103334_V07,34,0.445,471.84,114.347656,53.178648,-76.82,42.976748,26589.324088,20140808_063334
1215,KTYX20140808_104320_V07,44,0.422,465.53,114.212641,59.634731,-76.82,43.005126,29817.365534,20140808_064320
1210-1220,KTYX20140808_102348_V07,24,0.376,241.20,140.950000,35.250000,-76.67,44.016142,17625.000000,20140808_062348
1222,KTYX20140809_094729_V07,-13,0.590,204.80,194.600000,16.700000,-76.34,44.182336,8350.000000,20140809_054729
1222,KTYX20140809_095245_V07,-8,0.691,204.75,194.355692,27.838354,-76.34,44.182572,13919.176883,20140809_055245
1222,KTYX20140809_095803_V07,-2,0.813,209.31,195.965592,31.393066,-76.33,44.162074,15696.533016,20140809_055803
1222,KTYX20140809_100319_V07,3,0.815,208.22,196.759370,34.867437,-76.33,44.167025,17433.718687,20140809_060319
1222,KTYX20140809_100836_V07,8,0.719,212.20,196.235895,37.213223,-76.33,44.149099,18606.611645,20140809_060836
1223,KTYX20140809_095245_V07,-8,-0.048,228.50,251.250000,13.050000,-75.98,44.077178,6525.000000,20140809_055245
1224,KTYX20140809_095803_V07,-2,0.636,469.60,118.950000,28.350000,-76.79,42.987121,14175.000000,20140809_055803
1224,KTYX20140809_100319_V07,3,0.611,469.66,117.101674,35.397071,-76.80,42.986717,17698.535565,20140809_060319
1229,KTYX20140810_094628_V07,-15,0.822,203.30,197.500000,12.200000,-76.32,44.189189,6100.000000,20140810_054628
1229,KTYX20140810_095614_V07,-5,0.904,202.42,196.178670,32.299723,-76.33,44.193106,16149.861496,20140810_055614
1229,KTYX20140810_100559_V07,4,0.908,204.84,198.636437,48.857138,-76.31,44.182308,24428.568916,20140810_060559
1229,KTYX20140810_101545_V07,14,0.793,193.68,201.971104,52.518884,-76.29,44.232643,26259.441935,20140810_061545
1230,KTYX20140810_094628_V07,-15,-0.351,228.50,251.850000,12.150000,-75.98,44.077188,6075.000000,20140810_054628
1230,KTYX20140810_095614_V07,-5,-0.615,232.89,249.547953,31.714653,-75.99,44.057384,15857.326510,20140810_055614
1232,KTYX20140811_093636_V07,-26,0.575,210.75,179.400000,15.700000,-76.43,44.154979,7850.000000,20140811_053636
1232,KTYX20140811_094621_V07,-16,0.424,211.54,180.260622,23.622869,-76.43,44.151465,11811.434371,20140811_054621
1232,KTYX20140811_095606_V07,-6,0.629,192.93,188.877441,32.253459,-76.38,44.235536,16126.729710,20140811_055606
1232,KTYX20140811_100552_V07,3,0.647,182.08,190.332149,48.948833,-76.37,44.284427,24474.416682,20140811_060552
1232,KTYX20140811_101538_V07,13,0.159,175.34,188.509623,59.568283,-76.38,44.314688,29784.141486,20140811_061538
1240,KTYX20140813_101534_V07,11,0.078,454.10,112.750000,31.150000,-76.83,43.056494,15575.000000,20140813_061534
1240,KTYX20140813_102116_V07,17,0.032,450.54,114.552676,47.279766,-76.82,43.072620,23639.882943,20140813_062116
1250,KTYX20140814_095924_V07,-6,0.696,212.15,212.550000,25.250000,-76.23,44.149853,12625.000000,20140814_055924
1250,KTYX20140814_100438_V07,-1,0.728,208.79,213.602219,31.951044,-76.22,44.164999,15975.522193,20140814_060438
1251,KTYX20140814_095924_V07,-6,0.177,467.10,132.950000,13.450000,-76.70,42.999179,6725.000000,20140814_055924
1255-1254,KTYX20140814_100438_V07,-1,0.153,480.90,162.400000,55.300000,-76.52,42.938560,27650.000000,20140814_060438
1255-1254,KTYX20140814_100953_V07,4,0.754,475.50,154.850000,46.550000,-76.57,42.962509,23275.000000,20140814_060953
1256,KTYX20140814_100953_V07,4,0.702,221.90,225.600000,51.200000,-76.14,44.106340,25600.000000,20140814_060953
1256,KTYX20140814_101507_V07,10,0.713,217.10,228.858621,52.464655,-76.12,44.128008,26232.327586,20140814_061507
1256,KTYX20140814_102021_V07,15,0.643,224.38,235.147376,60.594615,-76.08,44.095419,30297.307430,20140814_062021
1256,KTYX20140814_102537_V07,20,0.390,225.33,244.635918,63.322287,-76.03,44.091346,31661.143376,20140814_062537
1259,KTYX20140814_102021_V07,15,0.965,463.45,147.800000,34.900000,-76.61,43.016391,17450.000000,20140814_062021
1259,KTYX20140814_102537_V07,20,0.000,463.45,147.800000,48.400000,-76.61,43.016391,24200.000000,20140814_062537
1259,KTYX20140814_103051_V07,25,0.968,455.32,154.334044,48.009106,-76.57,43.053308,24004.552912,20140814_063051
1259,KTYX20140814_103605_V07,31,0.972,459.42,155.681536,49.712892,-76.57,43.034932,24856.445808,20140814_063605
1259,KTYX20140814_104120_V07,36,0.920,458.37,158.280764,54.657831,-76.55,43.039744,27328.915341,20140814_064120
1259,KTYX20140814_104635_V07,41,0.913,458.34,161.575577,57.506559,-76.53,43.040032,28753.279331,20140814_064635
1259,KTYX20140814_105150_V07,46,0.953,460.86,162.467988,56.087851,-76.52,43.028744,28043.925659,20140814_065150
1259,KTYX20140814_105704_V07,52,0.673,461.70,167.019229,55.024863,-76.50,43.025190,27512.431273,20140814_065704
1265,KTYX20140815_100018_V07,-7,-0.108,196.55,302.200000,26.900000,-75.67,44.221350,13450.000000,20140815_060018
1265,KTYX20140815_100532_V07,-2,-0.339,200.02,301.829482,38.547410,-75.67,44.205720,19273.705179,20140815_060532
1265,KTYX20140815_101047_V07,3,-0.473,205.01,301.681500,40.167194,-75.67,44.183290,20083.596917,20140815_061047
1266-1268,KTYX20140815_100532_V07,-2,0.376,271.50,352.150000,27.650000,-75.36,43.883623,13825.000000,20140815_060532
1266-1268,KTYX20140815_101047_V07,3,0.343,271.62,353.525000,36.375000,-75.35,43.883036,18187.500000,20140815_061047
1266-1268,KTYX20140815_101602_V07,9,-0.132,278.30,359.050000,28.650000,-75.31,43.852893,14325.000000,20140815_061602
1266-1268,KTYX20140815_102116_V07,14,-0.274,276.58,359.436341,37.622084,-75.31,43.860604,18811.041874,20140815_062116
1270,KTYX20140815_103700_V07,30,0.216,301.25,372.500000,25.200000,-75.23,43.749319,12600.000000,20140815_063700
1270,KTYX20140815_104214_V07,35,0.279,304.13,377.387858,37.105565,-75.20,43.736257,18552.782462,20140815_064214
1279,KTYX20140816_100830_V07,0,0.546,450.35,100.550000,33.450000,-76.90,43.072586,16725.000000,20140816_060830
1279,KTYX20140816_101344_V07,5,0.000,450.35,100.550000,46.950000,-76.90,43.072586,23475.000000,20140816_061344
1279,KTYX20140816_101900_V07,11,0.640,444.90,98.920636,48.671934,-76.91,43.096988,24335.966876,20140816_061900
1279,KTYX20140816_102414_V07,16,0.681,438.84,93.442894,51.119766,-76.95,43.123888,25559.883001,20140816_062414
1279,KTYX20140816_102929_V07,21,0.687,434.97,91.358907,51.899838,-76.96,43.141166,25949.918848,20140816_062929
1279,KTYX20140816_103445_V07,26,0.619,430.32,90.123886,55.717887,-76.97,43.162006,27858.943670,20140816_063445
1285,KTYX20140816_102414_V07,16,0.434,462.30,159.750000,63.950000,-76.54,43.022146,31975.000000,20140816_062414
1299,KTYX20140817_102358_V07,14,-0.201,299.50,230.750000,13.150000,-76.11,43.757271,6575.000000,20140817_062358
1299,KTYX20140817_103341_V07,24,-0.531,296.95,229.513158,26.123684,-76.12,43.768729,13061.842105,20140817_063341
1299,KTYX20140817_104325_V07,34,-0.371,306.77,239.160712,32.965579,-76.06,43.724721,16482.789597,20140817_064325
1303,KTYX20140818_095612_V07,-14,0.884,212.30,189.600000,9.100000,-76.37,44.148406,4550.000000,20140818_055612
1303,KTYX20140818_100558_V07,-5,0.900,214.78,189.459677,30.453226,-76.37,44.137246,15226.612903,20140818_060558
1303,KTYX20140818_101544_V07,5,0.902,220.42,195.088498,32.780336,-76.34,44.112082,16390.168171,20140818_061544
1303,KTYX20140818_102529_V07,15,0.911,222.28,196.680191,35.948610,-76.33,44.103762,17974.305219,20140818_062529
1303,KTYX20140818_103515_V07,25,0.902,229.10,196.173750,51.813734,-76.33,44.073060,25906.866832,20140818_063515
1303,KTYX20140818_104501_V07,35,0.826,228.56,206.853240,50.742442,-76.26,44.075847,25371.220875,20140818_064501
1303,KTYX20140818_105448_V07,44,0.620,234.31,223.733131,53.343346,-76.16,44.050457,26671.673126,20140818_065448
1303,KTYX20140818_110434_V07,54,0.547,239.78,230.912301,61.759807,-76.11,44.025995,30879.903260,20140818_070434
1303,KTYX20140818_111420_V07,64,0.515,241.34,227.618523,60.325257,-76.13,44.018932,30162.628331,20140818_071420
1303,KTYX20140818_112405_V07,74,0.513,236.51,229.582589,62.950699,-76.12,44.040674,31475.349637,20140818_072405
1305,KTYX20140818_100558_V07,-5,0.679,478.70,119.250000,30.750000,-76.79,42.946187,15375.000000,20140818_060558
1305,KTYX20140818_101544_V07,5,0.793,476.08,122.681655,34.872302,-76.77,42.958187,17436.151079,20140818_061544
1305,KTYX20140818_102529_V07,15,0.808,481.11,142.621125,49.954358,-76.64,42.936629,24977.179044,20140818_062529
1305,KTYX20140818_103515_V07,25,0.747,486.88,139.717818,59.093984,-76.66,42.910546,29546.992136,20140818_063515
1305,KTYX20140818_104501_V07,35,0.633,477.40,149.098701,61.504220,-76.60,42.953677,30752.110181,20140818_064501
1305,KTYX20140818_105448_V07,44,0.607,467.13,149.623685,60.267103,-76.60,42.999932,30133.551550,20140818_065448
1305,KTYX20140818_110434_V07,54,0.000,456.04,151.177232,59.387391,-76.59,43.049892,29693.695497,20140818_070434
1305,KTYX20140818_111420_V07,64,0.355,456.09,153.284631,58.111007,-76.58,43.049781,29055.503621,20140818_071420
1306,KTYX20140818_100558_V07,-5,0.391,445.10,268.950000,12.150000,-75.87,43.102661,6075.000000,20140818_060558
1306,KTYX20140818_101544_V07,5,0.056,446.91,270.649399,30.228156,-75.86,43.094552,15114.078156,20140818_061544
1306,KTYX20140818_102529_V07,15,0.426,447.40,280.031448,33.670051,-75.80,43.092406,16835.025487,20140818_062529
1306,KTYX20140818_103515_V07,25,0.466,448.58,281.479778,35.286088,-75.79,43.087090,17643.044027,20140818_063515
1306,KTYX20140818_104501_V07,35,0.509,459.47,277.831774,54.696183,-75.82,43.038046,27348.091274,20140818_064501
1306,KTYX20140818_105448_V07,44,0.373,465.59,297.821743,59.285926,-75.69,43.010590,29642.963140,20140818_065448
1307,KTYX20140818_100558_V07,-5,0.207,237.55,251.800000,9.000000,-75.98,44.036463,4500.000000,20140818_060558
1307,KTYX20140818_101544_V07,5,-0.022,237.00,251.307112,20.952407,-75.98,44.038934,10476.203501,20140818_061544
1307,KTYX20140818_102529_V07,15,0.193,244.87,251.464259,28.218178,-75.98,44.003527,14109.089115,20140818_062529
1307,KTYX20140818_103515_V07,25,0.309,248.97,249.506346,49.579690,-75.99,43.985022,24789.845067,20140818_063515
1308,KTYX20140818_101544_V07,5,0.614,302.55,239.150000,31.550000,-76.06,43.743730,15775.000000,20140818_061544
1308,KTYX20140818_102529_V07,15,0.638,318.61,236.213450,37.899419,-76.08,43.671414,18949.709562,20140818_062529
1308,KTYX20140818_103515_V07,25,0.610,323.80,240.555549,52.064997,-76.05,43.648122,26032.498466,20140818_063515
1308,KTYX20140818_104501_V07,35,0.225,325.49,246.670239,58.247337,-76.01,43.640656,29123.668308,20140818_064501
1314,KTYX20140819_095908_V07,-12,0.879,197.25,188.050000,23.650000,-76.38,44.216066,11825.000000,20140819_055908
1314,KTYX20140819_100855_V07,-3,0.900,201.05,190.220068,35.126871,-76.37,44.199060,17563.435374,20140819_060855
1314,KTYX20140819_101841_V07,7,0.838,202.17,193.769704,48.996858,-76.34,44.194162,24498.429239,20140819_061841
1319,KTYX20140820_100445_V07,-8,0.423,194.25,192.550000,27.650000,-76.35,44.229733,13825.000000,20140820_060445
1319,KTYX20140820_101450_V07,2,0.359,191.34,191.446753,50.810699,-76.36,44.242797,25405.349709,20140820_061450
1319,KTYX20140820_102006_V07,8,0.142,188.00,195.120642,52.826383,-76.34,44.257932,26413.191470,20140820_062006
1319,KTYX20140820_102522_V07,13,-0.107,190.70,201.658599,52.701351,-76.30,44.246048,26350.675662,20140820_062522
1320-1321,KTYX20140820_101450_V07,2,0.078,318.65,187.300000,57.500000,-76.38,43.669764,28750.000000,20140820_061450
1320-1321,KTYX20140820_102006_V07,8,0.207,317.51,185.645272,65.426361,-76.39,43.674845,32713.180516,20140820_062006
1320-1321,KTYX20140820_102522_V07,13,0.066,315.75,186.100000,58.600000,-76.39,43.682768,29300.000000,20140820_062522
1320-1321,KTYX20140820_103039_V07,18,-0.234,314.22,187.906660,69.547734,-76.38,43.689741,34773.866790,20140820_063039
1326,KTYX20140822_101700_V07,3,0.198,196.45,191.050000,33.850000,-76.36,44.219778,16925.000000,20140822_061700
1329,KTYX20140822_102216_V07,8,0.322,214.95,200.000000,25.500000,-76.30,44.136854,12750.000000,20140822_062216
1329,KTYX20140822_102730_V07,13,0.504,207.83,196.385650,35.872197,-76.33,44.168786,17936.098655,20140822_062730
1329,KTYX20140822_103245_V07,18,0.440,208.18,196.146307,38.334805,-76.33,44.167184,19167.402347,20140822_063245
1332,KTYX20140822_103801_V07,24,-0.347,409.30,225.250000,59.250000,-76.14,43.263011,29625.000000,20140822_063801
1332,KTYX20140822_104316_V07,29,-0.563,410.40,224.618718,69.566724,-76.14,43.258038,34783.362218,20140822_064316
1332,KTYX20140822_104831_V07,34,-0.585,410.66,228.248096,69.258556,-76.12,43.256943,34629.278164,20140822_064831
1333-1337,KTYX20140823_095120_V07,-25,0.405,301.20,261.500000,15.800000,-75.92,43.750180,7900.000000,20140823_055120
1333-1337,KTYX20140823_095634_V07,-20,0.406,301.55,260.886139,19.094554,-75.92,43.748618,9547.277228,20140823_055634
1333-1337,KTYX20140823_100149_V07,-15,-0.054,305.70,256.828819,24.259639,-75.95,43.729887,12129.819726,20140823_060149
1344,KTYX20140824_100204_V07,-15,0.472,204.95,196.950000,13.450000,-76.32,44.181745,6725.000000,20140824_060204
1344,KTYX20140824_101149_V07,-6,0.646,203.24,197.329498,33.480643,-76.32,44.189442,16740.321701,20140824_061149
1344,KTYX20140824_102134_V07,4,0.527,204.55,195.173500,47.752752,-76.34,44.183477,23876.375954,20140824_062134
1345,KTYX20140824_101149_V07,-6,0.231,291.90,246.000000,24.000000,-76.02,43.791789,12000.000000,20140824_061149
1345,KTYX20140824_102134_V07,4,0.236,292.27,243.876307,32.810105,-76.03,43.790087,16405.052265,20140824_062134
1345,KTYX20140824_103119_V07,14,-0.101,308.55,244.118349,49.269687,-76.03,43.716821,24634.843553,20140824_063119
1345,KTYX20140824_104103_V07,24,-0.207,311.34,245.955702,47.613812,-76.02,43.704312,23806.905861,20140824_064103
1345,KTYX20140824_105048_V07,33,-0.256,318.21,239.931725,55.908443,-76.05,43.673278,27954.221722,20140824_065048
1348,KTYX20140825_100349_V07,-15,0.766,194.50,196.800000,32.100000,-76.33,44.228761,16050.000000,20140825_060349
1348,KTYX20140825_101335_V07,-5,0.750,192.22,197.417937,47.359193,-76.32,44.239048,23679.596413,20140825_061335
1348,KTYX20140825_102320_V07,5,0.579,190.43,199.687140,51.301888,-76.31,44.247192,25650.944155,20140825_062320
1349,KTYX20140825_101335_V07,-5,0.781,460.60,111.050000,37.150000,-76.84,43.027137,18575.000000,20140825_061335
1349,KTYX20140825_102320_V07,5,0.784,452.16,111.198045,48.407914,-76.84,43.065121,24203.957169,20140825_062320
1349,KTYX20140825_103305_V07,15,0.731,438.91,115.316699,51.783669,-76.81,43.125006,25891.834325,20140825_063305
1349,KTYX20140825_104250_V07,24,0.449,421.84,108.449012,49.388167,-76.86,43.201381,24694.083509,20140825_064250
1350,KTYX20140825_101335_V07,-5,-0.117,298.15,252.300000,12.300000,-75.98,43.763772,6150.000000,20140825_061335
1350,KTYX20140825_102320_V07,5,-0.500,303.72,255.528826,25.780931,-75.96,43.738778,12890.465577,20140825_062320
1354,KTYX20140825_103305_V07,15,0.138,197.75,130.200000,26.900000,-76.74,44.211039,13450.000000,20140825_063305
1355,KTYX20140825_104250_V07,24,0.559,283.80,413.300000,31.300000,-74.98,43.826564,15650.000000,20140825_064250
1355,KTYX20140825_105236_V07,34,0.309,284.82,414.714537,41.175071,-74.97,43.821905,20587.535491,20140825_065236
1355,KTYX20140825_110222_V07,44,0.514,302.78,431.986502,59.422146,-74.86,43.740371,29711.072799,20140825_070222
1355,KTYX20140825_111207_V07,54,0.341,308.08,440.964204,57.723240,-74.81,43.716114,28861.619890,20140825_071207
1355,KTYX20140825_112152_V07,63,0.437,308.78,452.806833,59.899032,-74.73,43.712379,29949.515982,20140825_072152
1355,KTYX20140825_113137_V07,73,0.230,312.74,461.228441,64.365592,-74.68,43.694102,32182.796124,20140825_073137
1355,KTYX20140825_114123_V07,83,0.369,313.05,462.188044,62.727807,-74.67,43.692675,31363.903421,20140825_074123
1355,KTYX20140825_115109_V07,93,0.288,317.18,462.825681,58.965906,-74.67,43.674053,29482.952836,20140825_075109
1355,KTYX20140825_120055_V07,102,0.416,316.97,467.312477,61.379459,-74.64,43.674733,30689.729305,20140825_080055
1355,KTYX20140825_121041_V07,112,0.575,321.86,473.245180,57.086287,-74.61,43.652405,28543.143432,20140825_081041
1355,KTYX20140825_122026_V07,122,0.653,322.16,466.150803,53.353089,-74.65,43.651448,26676.544565,20140825_082026
1355,KTYX20140825_123011_V07,132,0.603,324.30,467.019890,52.069821,-74.64,43.641785,26034.910716,20140825_083011
1355,KTYX20140825_130914_V07,171,0.265,378.27,414.172055,68.740877,-74.98,43.401433,34370.438569,20140825_090914
1357,KTYX20140826_100311_V07,-16,0.853,197.10,206.800000,22.800000,-76.26,44.217396,11400.000000,20140826_060311
1357,KTYX20140826_101257_V07,-7,0.873,194.08,216.531544,33.086577,-76.20,44.231264,16543.288591,20140826_061257
1357,KTYX20140826_102243_V07,3,0.807,187.10,222.168078,50.908263,-76.17,44.262828,25454.131588,20140826_062243
1362,KTYX20140826_102243_V07,3,0.788,458.60,143.900000,39.200000,-76.64,43.038018,19600.000000,20140826_062243
1362,KTYX20140826_103228_V07,13,0.744,455.66,152.039932,53.085666,-76.59,43.051658,26542.832765,20140826_063228
1366-1371,KTYX20140827_100256_V07,-18,0.768,206.35,208.500000,23.300000,-76.25,44.175828,11650.000000,20140827_060256
1366-1371,KTYX20140827_100811_V07,-12,0.806,211.41,210.909178,32.111855,-76.24,44.153137,16055.927342,20140827_060811
1366-1371,KTYX20140827_101325_V07,-7,0.791,220.08,220.270845,35.590625,-76.18,44.114375,17795.312745,20140827_061325
1366-1371,KTYX20140827_101839_V07,-2,0.777,222.71,226.117314,37.020524,-76.14,44.102723,18510.262133,20140827_061839
1366-1371,KTYX20140827_102354_V07,3,0.436,220.65,224.100000,51.500000,-76.15,44.111926,25750.000000,20140827_062354
1373-1374,KTYX20140827_102354_V07,3,-0.210,360.20,265.200000,18.200000,-75.90,43.484712,9100.000000,20140827_062354
1373-1374,KTYX20140827_102908_V07,9,-0.536,362.84,265.400588,32.934166,-75.89,43.472840,16467.083027,20140827_062908
1375,KTYX20140827_105007_V07,30,-0.008,300.95,392.750000,59.950000,-75.10,43.750104,29975.000000,20140827_065007
1377,KTYX20140828_100508_V07,-16,0.563,211.95,196.100000,11.400000,-76.33,44.150218,5700.000000,20140828_060508
1377,KTYX20140828_101453_V07,-7,0.719,217.42,197.503226,34.877419,-76.32,44.125664,17438.709677,20140828_061453
1377,KTYX20140828_102438_V07,3,0.685,225.21,204.013042,50.579598,-76.28,44.090806,25289.799030,20140828_062438
1377,KTYX20140828_103423_V07,13,0.661,230.46,194.679646,48.337964,-76.34,44.066876,24168.981822,20140828_063423
1377,KTYX20140828_104408_V07,23,0.474,236.82,189.375805,56.839561,-76.37,44.038073,28419.780599,20140828_064408
1377,KTYX20140828_105352_V07,32,0.290,236.04,195.173336,60.616993,-76.33,44.041796,30308.496671,20140828_065352
1380,KTYX20140828_101453_V07,-7,0.692,286.55,251.300000,16.300000,-75.98,43.815956,8150.000000,20140828_061453
1380,KTYX20140828_102438_V07,3,0.743,299.73,250.070872,24.174768,-75.99,43.756642,12087.384045,20140828_062438
1380,KTYX20140828_103423_V07,13,0.742,306.47,244.367566,37.433372,-76.03,43.726184,18716.685868,20140828_063423
1380,KTYX20140828_104408_V07,23,0.709,310.00,245.595715,46.955752,-76.02,43.710328,23477.876217,20140828_064408
1380,KTYX20140828_105352_V07,32,0.647,307.54,241.995120,45.526595,-76.04,43.721326,22763.297566,20140828_065352
1380,KTYX20140828_110338_V07,42,0.398,313.92,233.359511,50.965536,-76.09,43.692421,25482.767928,20140828_070338
1380,KTYX20140828_111323_V07,52,0.252,319.25,233.492204,53.939602,-76.09,43.668450,26969.801183,20140828_071323
1380,KTYX20140828_112309_V07,62,0.233,316.96,236.483589,55.628664,-76.07,43.678826,27814.332129,20140828_072309
1381,KTYX20140828_101453_V07,-7,0.469,485.40,126.450000,28.450000,-76.74,42.916457,14225.000000,20140828_061453
1381,KTYX20140828_102438_V07,3,0.678,485.40,135.186794,47.485519,-76.69,42.916946,23742.759563,20140828_062438
1381,KTYX20140828_103423_V07,13,0.658,489.49,139.949096,55.067944,-76.66,42.898785,27533.971751,20140828_063423
1381,KTYX20140828_104408_V07,23,0.638,487.42,154.653462,60.008145,-76.57,42.908850,30004.072421,20140828_064408
1381,KTYX20140828_105352_V07,32,0.245,491.28,156.870842,62.549550,-76.56,42.891575,31274.775079,20140828_065352
1387,KTYX20140829_095722_V07,-25,0.159,209.90,190.250000,15.250000,-76.37,44.159229,7625.000000,20140829_055722
1387,KTYX20140829_100707_V07,-15,0.364,213.98,198.500423,34.178934,-76.31,44.141165,17089.467005,20140829_060707
1387,KTYX20140829_101654_V07,-6,0.331,223.85,185.641076,35.396332,-76.39,44.096306,17698.165986,20140829_061654
1387,KTYX20140829_102639_V07,4,-0.067,229.78,173.687316,52.128851,-76.47,44.069100,26064.425448,20140829_062639
1389,KTYX20140829_101654_V07,-6,0.646,470.35,123.050000,30.950000,-76.76,42.983989,15475.000000,20140829_061654
1389,KTYX20140829_102639_V07,4,0.684,472.35,117.735373,38.300506,-76.80,42.974676,19150.252990,20140829_062639
1389,KTYX20140829_103626_V07,14,0.675,457.19,118.352410,36.387691,-76.79,43.042914,18193.845621,20140829_063626
1389,KTYX20140829_104611_V07,24,0.510,446.26,114.946120,36.768451,-76.82,43.091930,18384.225579,20140829_064611
1389,KTYX20140829_105557_V07,33,0.173,433.67,99.105414,49.048788,-76.91,43.147570,24524.393992,20140829_065557
1390,KTYX20140829_101654_V07,-6,0.443,278.80,250.600000,12.100000,-75.99,43.850820,6050.000000,20140829_061654
1390,KTYX20140829_102639_V07,4,0.516,283.77,245.868711,13.531921,-76.02,43.828371,6765.960325,20140829_062639
1390,KTYX20140829_103626_V07,14,0.454,285.10,238.827571,23.050204,-76.06,43.822245,11525.102105,20140829_063626
1390,KTYX20140829_104611_V07,24,0.433,288.58,234.268089,33.221806,-76.09,43.806492,16610.902871,20140829_064611
1390,KTYX20140829_105557_V07,33,0.043,286.35,227.504613,33.618013,-76.13,43.816391,16809.006391,20140829_065557
1390,KTYX20140829_110543_V07,43,0.144,278.58,219.002351,31.390893,-76.18,43.851094,15695.446587,20140829_070543
1390,KTYX20140829_111529_V07,53,0.028,285.72,211.507942,35.347227,-76.23,43.818766,17673.613569,20140829_071529
1401,KTYX20140830_100803_V07,-16,0.452,179.40,194.800000,33.500000,-76.34,44.296633,16750.000000,20140830_060803
1401,KTYX20140830_101318_V07,-11,0.510,180.79,199.313919,36.710921,-76.31,44.290519,18355.460385,20140830_061318
1401,KTYX20140830_101834_V07,-6,0.378,179.42,208.883885,37.310426,-76.25,44.296994,18655.213243,20140830_061834
1403,KTYX20140830_101834_V07,-6,0.496,463.00,126.550000,34.450000,-76.74,43.017269,17225.000000,20140830_061834
1403,KTYX20140830_102349_V07,-1,0.519,462.25,131.360345,45.847701,-76.71,43.020909,22923.850575,20140830_062349
1403,KTYX20140830_102904_V07,5,0.501,458.65,136.608864,54.717165,-76.68,43.037409,27358.582369,20140830_062904
1403,KTYX20140830_103419_V07,10,0.337,461.04,135.518960,58.006231,-76.69,43.026575,29003.115584,20140830_063419
1403,KTYX20140830_103935_V07,15,0.000,462.57,135.336950,62.056763,-76.69,43.019683,31028.381337,20140830_063935
1403,KTYX20140830_104450_V07,20,0.101,458.97,125.248861,57.803474,-76.75,43.035347,28901.737157,20140830_064450
1416,KTYX20140901_101520_V07,-11,0.329,198.50,212.650000,26.950000,-76.23,44.211277,13475.000000,20140901_061520
1416,KTYX20140901_102504_V07,-1,0.239,197.52,219.269892,38.993948,-76.19,44.215879,19496.973786,20140901_062504
1416,KTYX20140901_103449_V07,8,-0.166,202.17,219.762211,49.972874,-76.18,44.194975,24986.437003,20140901_063449
1417,KTYX20140901_102504_V07,-1,0.015,472.25,136.050000,49.050000,-76.68,42.976173,24525.000000,20140901_062504
1417,KTYX20140901_103449_V07,8,0.167,463.15,136.382378,52.077794,-76.68,43.017138,26038.896848,20140901_063449
1417,KTYX20140901_104433_V07,18,-0.185,464.55,135.298206,56.657536,-76.69,43.010786,28328.767843,20140901_064433
1417,KTYX20140901_105419_V07,28,0.014,467.05,146.979711,52.781803,-76.62,43.000149,26390.901506,20140901_065419
1417,KTYX20140901_110404_V07,38,-0.158,468.21,155.948053,51.846645,-76.56,42.995368,25923.322629,20140901_070404
1417,KTYX20140901_111349_V07,47,-0.235,468.16,161.274825,52.128850,-76.53,42.995838,26064.425160,20140901_071349
1417,KTYX20140901_112333_V07,57,-0.033,471.55,168.411098,52.151220,-76.49,42.980904,26075.609906,20140901_072333
1417,KTYX20140901_113318_V07,67,-0.142,474.44,175.903384,54.244337,-76.44,42.968209,27122.168443,20140901_073318
1417,KTYX20140901_114303_V07,77,-0.183,476.85,185.888923,52.875909,-76.38,42.957773,26437.954334,20140901_074303
1417,KTYX20140901_115247_V07,86,-0.238,488.11,190.878910,55.899360,-76.35,42.907291,27949.680105,20140901_075247
1422,KTYX20140902_100331_V07,-24,-0.051,332.45,314.100000,11.700000,-75.59,43.609765,5850.000000,20140902_060331
1422,KTYX20140902_100845_V07,-19,-0.262,330.32,316.365385,21.325000,-75.58,43.619345,10662.500000,20140902_060845
1428,KTYX20140902_102429_V07,-3,0.758,197.90,216.950000,25.750000,-76.20,44.214101,12875.000000,20140902_062429
1428,KTYX20140902_102944_V07,2,0.768,198.69,217.265522,31.993003,-76.20,44.210561,15996.501272,20140902_062944
1428,KTYX20140902_103458_V07,7,0.711,197.47,224.345936,32.044751,-76.15,44.216242,16022.375662,20140902_063458
1431-1435,KTYX20140902_102944_V07,2,-0.049,287.65,200.600000,25.300000,-76.30,43.809738,12650.000000,20140902_062944
1431-1435,KTYX20140902_103458_V07,7,-0.200,286.55,201.733368,36.070340,-76.29,43.814733,18035.169928,20140902_063458
1434,KTYX20140902_104527_V07,18,0.130,285.50,375.600000,41.500000,-75.21,43.820117,20750.000000,20140902_064527
1434,KTYX20140902_105042_V07,23,0.171,290.53,381.318447,48.679612,-75.17,43.797347,24339.805825,20140902_065042
1434,KTYX20140902_105557_V07,28,0.068,297.30,381.642661,48.735275,-75.17,43.766849,24367.637434,20140902_065557
1434,KTYX20140902_110111_V07,34,-0.210,306.33,381.619503,52.133995,-75.17,43.726223,26066.997335,20140902_070111
1434,KTYX20140902_110625_V07,39,-0.247,301.91,380.160024,54.691584,-75.18,43.746138,27345.792048,20140902_070625
1431-1435,KTYX20140902_104527_V07,18,0.044,293.85,208.900000,30.600000,-76.25,43.782106,15300.000000,20140902_064527
1437-1442-1440,KTYX20140903_101443_V07,-14,0.783,216.40,213.550000,26.650000,-76.22,44.130759,13325.000000,20140903_061443
1437-1442-1440,KTYX20140903_102428_V07,-4,0.731,225.80,221.965541,45.234459,-76.17,44.088695,22617.229730,20140903_062428
1439-1442-1440,KTYX20140903_102428_V07,-4,0.051,299.90,260.500000,34.400000,-75.93,43.756017,17200.000000,20140903_062428
1439-1442-1440,KTYX20140903_103431_V07,6,-0.083,307.16,261.303030,51.538788,-75.92,43.723359,25769.393939,20140903_063431
1439-1442-1440,KTYX20140903_103948_V07,11,0.353,280.55,230.150000,52.450000,-76.11,43.842533,26225.000000,20140903_063948
1443,KTYX20140903_105021_V07,22,-0.111,316.70,380.500000,47.000000,-75.18,43.679586,23500.000000,20140903_065021
1443,KTYX20140903_105537_V07,27,-0.200,318.86,382.079936,56.591738,-75.17,43.669814,28295.869099,20140903_065537
1445,KTYX20140904_102139_V07,-8,0.634,198.20,210.650000,31.250000,-76.24,44.212566,15625.000000,20140904_062139
1445,KTYX20140904_103125_V07,2,0.547,195.38,217.667706,50.334681,-76.20,44.225439,25167.340262,20140904_063125
1447,KTYX20140905_101923_V07,-11,-0.298,191.65,211.000000,25.400000,-76.24,44.242050,12700.000000,20140905_061923
1447,KTYX20140905_102908_V07,-1,-0.597,192.86,219.548387,42.746898,-76.18,44.236852,21373.449132,20140905_062908
1449,KTYX20140905_103851_V07,8,-0.270,210.40,179.850000,16.550000,-76.43,44.156572,8275.000000,20140905_063851
1449,KTYX20140905_104835_V07,18,-0.546,212.38,185.224415,32.497998,-76.40,44.147858,16248.998960,20140905_064835
1449,KTYX20140905_105820_V07,28,0.000,214.26,190.294618,49.071581,-76.37,44.139628,24535.790432,20140905_065820
1449,KTYX20140905_110805_V07,38,-0.552,238.77,179.425607,45.161216,-76.43,44.028881,22580.608093,20140905_070805
1449,KTYX20140905_111750_V07,47,0.000,251.88,175.952523,49.749802,-76.45,43.969780,24874.900789,20140905_071750
1449,KTYX20140905_112735_V07,57,0.000,266.43,172.093542,54.848230,-76.48,43.904108,27424.114897,20140905_072735
1449,KTYX20140905_113720_V07,67,-0.490,255.48,171.074135,58.513058,-76.48,43.953347,29256.529089,20140905_073720
1449,KTYX20140905_114724_V07,77,-0.533,262.66,176.854533,62.773357,-76.45,43.921303,31386.678588,20140905_074724
1451-1454-1458,KTYX20140906_100838_V07,-23,0.363,222.10,278.950000,39.350000,-75.81,44.106305,19675.000000,20140906_060838
1451-1454-1458,KTYX20140906_101353_V07,-18,0.240,222.82,282.373182,45.982373,-75.79,44.103075,22991.186557,20140906_061353
1451-1454-1458,KTYX20140906_101908_V07,-12,0.217,202.35,314.950000,55.650000,-75.59,44.195214,27825.000000,20140906_061908
1451-1454-1458,KTYX20140906_102422_V07,-7,0.029,211.05,325.550000,39.950000,-75.52,44.155993,19975.000000,20140906_062422
1462-1464-1469,KTYX20140906_103504_V07,4,0.274,209.75,340.400000,30.000000,-75.43,44.161676,15000.000000,20140906_063504
1462-1464-1469,KTYX20140906_104018_V07,9,0.396,207.84,347.556250,38.281250,-75.38,44.170147,19140.625000,20140906_064018
1462-1464-1469,KTYX20140906_104533_V07,14,0.115,208.20,361.250000,25.650000,-75.30,44.168290,12825.000000,20140906_064533
1466,KTYX20140906_104533_V07,14,-0.390,280.85,245.750000,32.850000,-76.02,43.841510,16425.000000,20140906_064533
1466,KTYX20140906_105047_V07,19,-0.643,279.94,247.607540,42.942460,-76.01,43.845640,21471.230159,20140906_065047
1474,KTYX20140907_102342_V07,-9,0.593,218.90,209.100000,32.700000,-76.25,44.119375,16350.000000,20140907_062342
1474,KTYX20140907_103326_V07,1,0.425,219.01,218.408782,53.018697,-76.19,44.119142,26509.348442,20140907_063326
1476,KTYX20140907_103326_V07,1,-0.036,301.35,113.400000,52.300000,-76.84,43.743885,26150.000000,20140907_063326
1477,KTYX20140907_104313_V07,11,0.239,252.50,106.050000,58.350000,-76.89,43.963210,29175.000000,20140907_064313
1478,KTYX20140907_104845_V07,16,0.458,268.20,130.650000,57.250000,-76.73,43.894082,28625.000000,20140907_064845
1479,KTYX20140907_105400_V07,22,0.448,268.80,103.700000,57.900000,-76.90,43.889715,28950.000000,20140907_065400
1479,KTYX20140907_105916_V07,27,0.463,269.65,109.853119,64.192060,-76.86,43.886294,32096.030246,20140907_065916
1482-1485,KTYX20140908_101434_V07,-20,0.446,200.15,186.900000,26.200000,-76.39,44.202973,13100.000000,20140908_061434
1482-1485,KTYX20140908_102419_V07,-10,0.380,203.01,183.848251,47.057872,-76.41,44.189991,23528.935860,20140908_062419
1482-1485,KTYX20140908_104351_V07,9,-0.058,278.95,222.750000,23.150000,-76.16,43.849549,11575.000000,20140908_064351
1482-1485,KTYX20140908_105337_V07,19,-0.289,274.86,218.313877,38.184141,-76.19,43.867816,19092.070485,20140908_065337
1486,KTYX20140908_105337_V07,19,0.078,211.35,179.400000,11.900000,-76.43,44.152279,5950.000000,20140908_065337
1486,KTYX20140908_110323_V07,29,0.003,210.20,180.413384,23.091205,-76.43,44.157489,11545.602294,20140908_070323
1486,KTYX20140908_111308_V07,39,-0.153,221.84,182.554899,26.020736,-76.41,44.105195,13010.368068,20140908_071308
1486,KTYX20140908_112254_V07,48,0.093,223.17,189.098004,26.418326,-76.37,44.099482,13209.162971,20140908_072254
1499,KTYX20140912_103758_V07,-1,0.317,261.85,238.400000,12.500000,-76.06,43.926866,6250.000000,20140912_063758
1499,KTYX20140912_104744_V07,9,-0.009,260.46,238.767859,26.511746,-76.06,43.933113,13255.872931,20140912_064744
1499,KTYX20140912_105729_V07,19,0.357,273.88,236.124281,27.589516,-76.08,43.872664,13794.757833,20140912_065729
1499,KTYX20140912_110715_V07,29,0.381,269.05,235.710952,26.927874,-76.08,43.894415,13463.936938,20140912_070715
1499,KTYX20140912_111700_V07,39,0.346,273.77,239.362108,28.435480,-76.06,43.873262,14217.740184,20140912_071700
1499,KTYX20140912_112646_V07,48,-0.083,263.37,228.006829,47.200409,-76.13,43.919801,23600.204269,20140912_072646
1499,KTYX20140912_113631_V07,58,-0.076,278.03,207.411007,58.114378,-76.26,43.853259,29057.189101,20140912_073631
1501,KTYX20140912_104744_V07,9,0.880,302.20,224.200000,23.100000,-76.15,43.744961,11550.000000,20140912_064744
1501,KTYX20140912_105729_V07,19,0.896,303.09,229.038358,26.529648,-76.12,43.741086,13264.824121,20140912_065729
1501,KTYX20140912_110715_V07,29,0.905,309.34,225.570595,25.718407,-76.14,43.712887,12859.203511,20140912_070715
1501,KTYX20140912_111700_V07,39,0.835,302.35,230.413865,24.576078,-76.11,43.744434,12288.038982,20140912_071700
1501,KTYX20140912_112646_V07,48,0.926,302.26,230.021125,24.632916,-76.11,43.744838,12316.457950,20140912_072646
1501,KTYX20140912_113631_V07,58,0.902,308.11,227.407431,24.452854,-76.13,43.718456,12226.427217,20140912_073631
1501,KTYX20140912_114618_V07,68,0.871,306.82,232.751750,26.335021,-76.10,43.724387,13167.510307,20140912_074618
1501,KTYX20140912_115604_V07,78,0.664,307.41,239.759604,31.900399,-76.05,43.721878,15950.199339,20140912_075604
1501,KTYX20140912_120550_V07,87,0.608,307.04,230.736608,31.281464,-76.11,43.723352,15640.732154,20140912_080550
1501,KTYX20140912_121536_V07,97,0.510,283.96,221.233723,49.506147,-76.17,43.826972,24753.073285,20140912_081536
1506,KTYX20140914_105508_V07,15,0.068,255.45,235.800000,22.600000,-76.08,43.955610,11300.000000,20140914_065508
1506,KTYX20140914_110455_V07,24,-0.154,255.06,228.872534,35.092456,-76.12,43.957218,17546.228240,20140914_070455
1511,KTYX20140915_111101_V07,30,0.128,211.60,181.300000,15.900000,-76.42,44.151232,7950.000000,20140915_071101
1511,KTYX20140915_112048_V07,39,-0.056,211.84,180.357549,25.768720,-76.43,44.150134,12884.360190,20140915_072048
1513,KTYX20140916_102602_V07,-17,-0.109,196.75,337.550000,25.350000,-75.45,44.220211,12675.000000,20140916_062602
1520,KTYX20140916_111320_V07,30,0.222,212.50,179.900000,15.900000,-76.43,44.147125,7950.000000,20140916_071320
1525,KTYX20140917_105714_V07,13,0.344,307.90,239.400000,31.900000,-76.06,43.719660,15950.000000,20140917_065714
1530,KTYX20140918_104935_V07,4,-0.057,332.75,216.850000,23.750000,-76.19,43.607286,11875.000000,20140918_064935
1533,KTYX20140919_111224_V07,26,-0.126,270.70,230.300000,32.300000,-76.11,43.886861,16150.000000,20140919_071224
1534,KTYX20140920_102846_V07,-19,-0.231,223.90,189.500000,26.800000,-76.37,44.096206,13400.000000,20140920_062846
1534,KTYX20140920_103402_V07,-13,-0.441,221.36,189.229251,37.009670,-76.37,44.107617,18504.834811,20140920_063402
1541,KTYX20140921_110239_V07,14,0.196,221.90,318.800000,15.100000,-75.56,44.107221,7550.000000,20140921_070239
1549,KTYX20140922_111836_V07,29,-0.218,211.85,181.450000,11.850000,-76.42,44.150113,5925.000000,20140922_071836
1549,KTYX20140922_112819_V07,39,-0.551,212.04,181.798156,24.789869,-76.42,44.149284,12394.934310,20140922_072819
1549,KTYX20140922_113803_V07,49,-0.513,218.71,184.107686,24.825689,-76.40,44.119370,12412.844348,20140922_073803
1549,KTYX20140922_114747_V07,58,-0.541,225.53,191.554518,33.138815,-76.36,44.088951,16569.407310,20140922_074747
1549,KTYX20140922_115732_V07,68,-0.558,249.74,202.831309,56.583554,-76.29,43.980407,28291.776764,20140922_075732
1549,KTYX20140922_120715_V07,78,-0.316,242.42,203.257345,58.194613,-76.28,44.013377,29097.306539,20140922_080715
1559,KTYX20140925_102646_V07,-27,0.239,211.55,180.650000,16.050000,-76.43,44.151431,8025.000000,20140925_062646
1559,KTYX20140925_103632_V07,-17,0.362,211.59,179.726801,20.137886,-76.43,44.151204,10068.942993,20140925_063632
1561,KTYX20140925_110550_V07,12,-0.070,212.15,180.400000,11.800000,-76.43,44.148721,5900.000000,20140925_070550
1561,KTYX20140925_111536_V07,22,0.028,211.29,179.765269,18.488623,-76.43,44.152571,9244.311377,20140925_071536
1561,KTYX20140925_112521_V07,32,-0.425,201.53,170.911754,29.265273,-76.49,44.196120,14632.636699,20140925_072521
1561,KTYX20140925_113507_V07,42,-0.457,194.66,175.554447,30.596435,-76.46,44.227234,15298.217463,20140925_073507
1561,KTYX20140925_114453_V07,51,-0.306,195.11,176.403722,30.122051,-76.45,44.225241,15061.025255,20140925_074453
1561,KTYX20140925_115439_V07,61,0.000,193.91,177.601624,30.384431,-76.45,44.230680,15192.215565,20140925_075439
1561,KTYX20140925_120425_V07,71,-0.455,213.74,179.868747,34.293412,-76.43,44.141565,17146.705908,20140925_080425
1561,KTYX20140925_121410_V07,81,0.000,224.07,181.652992,36.555525,-76.42,44.095150,18277.762657,20140925_081410
1561,KTYX20140925_122356_V07,90,-0.432,234.56,196.070655,42.047665,-76.33,44.048458,21023.832259,20140925_082356
1562,KTYX20140925_111536_V07,22,0.101,265.00,65.750000,27.350000,-77.14,43.904048,13675.000000,20140925_071536
1562,KTYX20140925_112521_V07,32,-0.025,261.36,64.109133,38.794582,-77.15,43.920307,19397.291022,20140925_072521
1563,KTYX20140926_110541_V07,11,-0.257,265.65,244.650000,12.150000,-76.02,43.909890,6075.000000,20140926_070541
1563,KTYX20140926_111527_V07,21,-0.398,265.88,243.540358,23.439807,-76.03,43.908817,11719.903581,20140926_071527
1564-1565,KTYX20140927_104601_V07,-9,0.281,275.40,258.600000,12.300000,-75.94,43.866243,6150.000000,20140927_064601
1564-1565,KTYX20140927_105547_V07,0,0.140,272.24,258.857587,20.694004,-75.94,43.880446,10347.002221,20140927_065547
1564-1565,KTYX20140927_110533_V07,10,0.552,267.35,260.400000,15.800000,-75.93,43.902493,7900.000000,20140927_070533
1568,KTYX20140928_110853_V07,12,0.093,211.10,180.600000,15.300000,-76.43,44.153453,7650.000000,20140928_070853
1569,KTYX20140930_110008_V07,1,0.073,269.40,254.300000,16.400000,-75.96,43.893180,8200.000000,20140930_070008
1569,KTYX20140930_110953_V07,10,-0.169,272.36,253.359160,26.808779,-75.97,43.879841,13404.389313,20140930_070953
1571,KTYX20141002_110748_V07,6,0.406,271.20,259.100000,17.700000,-75.93,43.885150,8850.000000,20141002_070748
1574,KTYX20141002_112720_V07,26,0.318,269.25,269.100000,8.700000,-75.87,43.894046,4350.000000,20141002_072720
1574,KTYX20141002_113706_V07,36,0.259,274.26,269.878866,20.753184,-75.87,43.871523,10376.592022,20141002_073706
1591-1605-1611,KTYX20141005_103812_V07,-26,0.208,195.90,346.150000,30.150000,-75.39,44.223913,15075.000000,20141005_063812
1591-1605-1611,KTYX20141005_104327_V07,-21,0.094,195.16,350.628643,38.470352,-75.36,44.227169,19235.175879,20141005_064327
1591-1605-1611,KTYX20141005_104843_V07,-16,0.000,194.56,354.240452,47.793216,-75.34,44.229789,23896.608040,20141005_064843
1591-1605-1611,KTYX20141005_105358_V07,-11,0.214,183.13,346.933210,49.999751,-75.39,44.281361,24999.875700,20141005_065358
1591-1605-1611,KTYX20141005_105914_V07,-5,-0.072,177.59,348.712378,52.873026,-75.37,44.306247,26436.512897,20141005_065914
1592-1598,KTYX20141005_103812_V07,-26,-0.159,186.95,432.950000,50.450000,-74.85,44.261534,25225.000000,20141005_063812
1592-1598,KTYX20141005_104327_V07,-21,-0.482,188.89,432.873895,59.789607,-74.85,44.252805,29894.803601,20141005_064327
1603,KTYX20141005_105358_V07,-11,-0.243,213.25,180.600000,8.600000,-76.43,44.143779,4300.000000,20141005_065358
1603,KTYX20141005_105914_V07,-5,-0.464,213.77,181.350596,20.546624,-76.42,44.141483,10273.312153,20141005_065914
1591-1605-1611,KTYX20141005_110429_V07,0,0.419,202.40,381.050000,22.650000,-75.17,44.193909,11325.000000,20141005_070429
1591-1605-1611,KTYX20141005_111500_V07,11,0.138,196.85,388.550000,8.650000,-75.13,44.218665,4325.000000,20141005_071500
1648,KTYX20141008_113111_V07,23,0.134,206.75,228.350000,12.550000,-76.13,44.174579,6275.000000,20141008_073111
1651-1652,KTYX20141009_104930_V07,-20,0.183,370.00,430.500000,31.200000,-74.87,43.437960,15600.000000,20141009_064930
1654-1656,KTYX20141009_110855_V07,-1,0.061,335.55,388.050000,16.850000,-75.13,43.594545,8425.000000,20141009_070855
1654-1656,KTYX20141009_111838_V07,9,-0.044,334.47,394.231141,31.356203,-75.10,43.599238,15678.101737,20141009_071838
1660,KTYX20141010_104912_V07,-21,0.322,286.50,398.750000,20.050000,-75.07,43.814935,10025.000000,20141010_064912
1660,KTYX20141010_105432_V07,-16,0.324,285.64,402.601796,27.702695,-75.04,43.818668,13851.347305,20141010_065432
1660,KTYX20141010_105949_V07,-11,0.375,282.41,411.653974,27.131227,-74.99,43.832876,13565.613571,20141010_065949
1660,KTYX20141010_110505_V07,-5,0.177,285.28,420.079859,28.131109,-74.93,43.819651,14065.554509,20141010_070505
1660,KTYX20141010_111022_V07,0,0.000,286.78,427.261806,29.020935,-74.89,43.812603,14510.467320,20141010_071022
1660,KTYX20141010_111539_V07,5,0.032,284.85,434.633144,26.824659,-74.84,43.820925,13412.329483,20141010_071539
1660,KTYX20141010_112056_V07,10,0.183,280.38,444.678202,27.692573,-74.78,43.840592,13846.286382,20141010_072056
1660,KTYX20141010_112612_V07,16,0.074,278.52,449.904001,27.681304,-74.75,43.848710,13840.651964,20141010_072612
1660,KTYX20141010_113129_V07,21,0.349,278.84,456.220514,27.796070,-74.71,43.846927,13898.035103,20141010_073129
1660,KTYX20141010_113645_V07,26,0.373,284.20,465.081637,33.293509,-74.65,43.822335,16646.754253,20141010_073645
1662,KTYX20141010_105432_V07,-16,-0.059,383.40,134.050000,36.150000,-76.70,43.375901,18075.000000,20141010_065432
1662,KTYX20141010_105949_V07,-11,0.000,383.40,134.050000,49.650000,-76.70,43.375901,24825.000000,20141010_065949
1662,KTYX20141010_110505_V07,-5,-0.075,395.11,133.638149,57.292652,-76.71,43.323161,28646.325902,20141010_070505
1662,KTYX20141010_111022_V07,0,-0.277,399.25,134.203090,60.368795,-76.70,43.304575,30184.397407,20141010_071022
1662,KTYX20141010_111539_V07,5,-0.447,398.23,140.375537,59.949724,-76.66,43.309530,29974.862133,20141010_071539
1662,KTYX20141010_112056_V07,10,-0.394,397.10,146.825239,59.930326,-76.62,43.314950,29965.162919,20141010_072056
1662,KTYX20141010_112612_V07,16,-0.373,399.09,154.464086,64.793719,-76.58,43.306354,32396.859582,20141010_072612
1662,KTYX20141010_113129_V07,21,0.000,400.15,160.651833,67.790845,-76.54,43.301874,33895.422256,20141010_073129
1662,KTYX20141010_113645_V07,26,-0.454,398.77,168.593686,66.529486,-76.49,43.308460,33264.742860,20141010_073645
1662,KTYX20141010_114201_V07,32,-0.412,397.59,171.940895,64.823169,-76.47,43.313903,32411.584710,20141010_074201
1663-1673,KTYX20141010_105432_V07,-16,-0.153,333.25,347.350000,9.550000,-75.39,43.605821,4775.000000,20141010_065432
1663-1673,KTYX20141010_105949_V07,-11,-0.504,333.12,349.634757,19.467085,-75.37,43.606368,9733.542714,20141010_065949
1663-1673,KTYX20141010_110505_V07,-5,-0.500,332.20,359.774129,26.827620,-75.31,43.610329,13413.809809,20141010_070505
1668-1681-1687,KTYX20141010_110505_V07,-5,0.311,209.25,401.600000,34.200000,-75.04,44.162447,17100.000000,20141010_070505
1668-1681-1687,KTYX20141010_111022_V07,0,0.476,212.53,404.220238,38.067857,-75.03,44.147576,19033.928571,20141010_071022
1668-1681-1687,KTYX20141010_111539_V07,5,0.404,210.19,415.803025,43.015700,-74.96,44.157705,21507.850198,20141010_071539
1668-1681-1687,KTYX20141010_112056_V07,10,0.000,208.45,426.231448,48.059150,-74.89,44.165098,24029.575210,20141010_072056
1668-1681-1687,KTYX20141010_112612_V07,16,0.173,204.99,436.067944,51.277725,-74.83,44.180237,25638.862636,20141010_072612
1672-1679,KTYX20141010_111022_V07,0,0.230,223.30,321.800000,25.300000,-75.54,44.100900,12650.000000,20141010_071022
1672-1679,KTYX20141010_111539_V07,5,0.173,225.93,325.038217,33.429299,-75.52,44.089057,16714.649682,20141010_071539
1672-1679,KTYX20141010_112056_V07,10,0.288,220.37,336.778778,31.934851,-75.45,44.113941,15967.425377,20141010_072056
1663-1673,KTYX20141010_111022_V07,0,-0.051,322.45,387.100000,32.600000,-75.14,43.653525,16300.000000,20141010_071022
1672-1679,KTYX20141010_112612_V07,16,0.261,230.50,344.600000,25.300000,-75.40,44.068244,12650.000000,20141010_072612
1672-1679,KTYX20141010_113129_V07,21,0.214,230.14,347.414121,33.171758,-75.38,44.069808,16585.878963,20141010_073129
1682,KTYX20141010_113129_V07,21,0.202,404.55,381.800000,29.700000,-75.18,43.284204,14850.000000,20141010_073129
1685,KTYX20141010_113645_V07,26,0.142,333.00,421.050000,34.750000,-74.93,43.604861,17375.000000,20141010_073645
1685,KTYX20141010_114201_V07,32,0.071,336.77,420.602691,42.121525,-74.93,43.587928,21060.762332,20141010_074201
1686,KTYX20141010_113645_V07,26,0.255,212.80,160.400000,27.200000,-76.55,44.144914,13600.000000,20141010_073645
1686,KTYX20141010_114201_V07,32,0.120,210.20,161.770861,40.082119,-76.54,44.156689,20041.059603,20141010_074201
1686,KTYX20141010_114717_V07,37,0.314,209.09,158.243605,46.126356,-76.57,44.161493,23063.177886,20141010_074717
1686,KTYX20141010_115233_V07,42,0.266,206.51,162.530378,49.832750,-76.54,44.173295,24916.375001,20141010_075233
1686,KTYX20141010_115750_V07,47,0.000,204.22,165.320522,54.318122,-76.52,44.183731,27159.061013,20141010_075750
1686,KTYX20141010_120305_V07,53,0.201,199.44,181.871072,52.371387,-76.42,44.205973,26185.693383,20141010_080305
1686,KTYX20141010_120822_V07,58,0.219,196.92,187.623018,55.911027,-76.38,44.217526,27955.513657,20141010_080822
1690,KTYX20141011_110301_V07,-9,-0.127,250.65,207.300000,64.300000,-76.26,43.976452,32150.000000,20141011_070301
1690,KTYX20141011_110817_V07,-4,-0.237,253.08,208.232573,71.818672,-76.25,43.965556,35909.336100,20141011_070817
1691,KTYX20141011_111847_V07,6,0.253,266.40,201.550000,36.450000,-76.29,43.905393,18225.000000,20141011_071847
1691,KTYX20141011_112402_V07,12,0.106,266.25,204.356804,44.076488,-76.28,43.906174,22038.244228,20141011_072402
1691,KTYX20141011_112917_V07,17,0.176,262.83,211.465969,49.745487,-76.23,43.921788,24872.743367,20141011_072917
1691,KTYX20141011_113433_V07,22,-0.132,252.25,216.221224,56.414841,-76.20,43.969505,28207.420718,20141011_073433
1691,KTYX20141011_113947_V07,27,-0.169,241.05,221.965578,58.901122,-76.17,44.020061,29450.561016,20141011_073947
1695,KTYX20141012_110935_V07,-4,0.613,269.25,244.950000,17.350000,-76.02,43.893695,8675.000000,20141012_070935
1695,KTYX20141012_111919_V07,6,0.554,276.13,251.414425,30.841009,-75.98,43.862854,15420.504300,20141012_071919
1797,KTYX20141028_114422_V07,11,-0.124,209.00,317.700000,40.000000,-75.57,44.165275,20000.000000,20141028_074422
1797,KTYX20141028_114937_V07,16,-0.168,209.52,321.649267,48.292559,-75.54,44.162890,24146.279594,20141028_074937
1806,KTYX20141030_110724_V07,-29,0.134,212.95,349.950000,26.050000,-75.37,44.147130,13025.000000,20141030_070724
1806,KTYX20141030_111239_V07,-24,-0.120,213.78,352.117505,35.573642,-75.35,44.143373,17786.820926,20141030_071239
1809-1812,KTYX20141030_112825_V07,-8,0.217,351.20,369.600000,26.700000,-75.25,43.524605,13350.000000,20141030_072825
1809-1812,KTYX20141030_113342_V07,-3,0.151,353.05,374.178591,37.595664,-75.22,43.516177,18797.831978,20141030_073342
1810,KTYX20141030_113856_V07,2,0.479,220.85,373.600000,32.400000,-75.22,44.111085,16200.000000,20141030_073856
1810,KTYX20141030_114412_V07,8,0.314,221.81,376.291657,39.356953,-75.20,44.106674,19678.476421,20141030_074412
1811,KTYX20141030_114928_V07,13,0.367,220.90,386.350000,32.050000,-75.14,44.110513,16025.000000,20141030_074928
1811,KTYX20141030_115443_V07,18,0.402,225.34,389.397009,37.336325,-75.12,44.090452,18668.162393,20141030_075443
1811,KTYX20141030_115959_V07,23,0.000,228.92,391.854274,44.212393,-75.11,44.074272,22106.196581,20141030_075959
1811,KTYX20141030_120514_V07,29,0.124,222.80,406.227742,49.185906,-75.02,44.101316,24592.953124,20141030_080514
1818,KTYX20141101_111727_V07,-21,0.138,315.90,395.150000,60.950000,-75.09,43.682753,30475.000000,20141101_071727
1821,KTYX20141102_111118_V07,-29,0.211,207.05,267.400000,11.800000,-75.88,44.173922,5900.000000,20141102_061118
1843,KTYX20141106_113717_V07,-8,0.391,146.10,152.900000,27.800000,-76.60,44.444654,13900.000000,20141106_063717
1848,KTYX20141107_112529_V07,-21,0.154,210.15,359.300000,50.900000,-75.31,44.159555,25450.000000,20141107_062529
1848,KTYX20141107_113046_V07,-16,0.333,215.62,357.570791,55.942596,-75.32,44.134973,27971.298174,20141107_063046
1850,KTYX20141107_113602_V07,-10,0.317,225.70,358.050000,49.850000,-75.32,44.089609,24925.000000,20141107_063602
1850,KTYX20141107_114118_V07,-5,0.408,227.10,360.446586,55.288755,-75.30,44.083258,27644.377510,20141107_064118
1850,KTYX20141107_114635_V07,0,0.427,231.19,357.350487,52.845816,-75.32,44.064939,26422.908124,20141107_064635
1850,KTYX20141107_115150_V07,5,0.081,229.41,366.090085,55.241457,-75.27,44.072760,27620.728648,20141107_065150
1853,KTYX20141107_120740_V07,21,0.002,290.45,356.900000,18.600000,-75.33,43.798260,9300.000000,20141107_070740
1853,KTYX20141107_121256_V07,26,0.069,290.75,358.253175,28.630952,-75.32,43.796905,14315.476190,20141107_071256
1853,KTYX20141107_121812_V07,32,-0.005,295.67,360.994671,28.299121,-75.30,43.774677,14149.560483,20141107_071812
1853,KTYX20141107_122328_V07,37,0.000,299.23,363.109485,29.584514,-75.29,43.758632,14792.256994,20141107_072328
1853,KTYX20141107_122843_V07,42,0.000,302.78,365.224298,30.869907,-75.28,43.742585,15434.953505,20141107_072843
1853,KTYX20141107_123358_V07,47,-0.273,311.92,373.641016,31.333762,-75.22,43.701272,15666.880999,20141107_073358
1855,KTYX20141107_121256_V07,26,0.087,248.25,349.900000,25.900000,-75.37,43.988286,12950.000000,20141107_071256
1855,KTYX20141107_121812_V07,32,0.071,251.53,348.602797,33.215385,-75.38,43.973549,16607.692308,20141107_071812
1860,KTYX20141109_112607_V07,-23,0.065,317.70,392.350000,34.350000,-75.11,43.674741,17175.000000,20141109_062607
1863,KTYX20141110_113540_V07,-15,0.167,214.70,310.250000,37.650000,-75.62,44.139662,18825.000000,20141110_063540
1863,KTYX20141110_114057_V07,-10,0.120,213.34,314.365229,46.032075,-75.59,44.145754,23016.037736,20141110_064057
1894,KTYX20141114_112644_V07,-29,-0.096,212.15,248.450000,25.850000,-76.00,44.150702,12925.000000,20141114_062644
1989,KTYX20141124_121513_V07,7,0.494,107.80,369.550000,33.150000,-75.24,44.619861,16575.000000,20141124_071513
2002,KTYX20141125_114449_V07,-25,0.424,168.50,304.550000,50.350000,-75.65,44.347565,25175.000000,20141125_064449
2044,KTYX20141208_115550_V06,-28,0.301,211.75,180.650000,16.250000,-76.43,44.150531,8125.000000,20141208_065550
2091-2098,KTYX20141212_120237_V06,-25,0.654,31.75,244.250000,51.150000,-76.03,44.962328,25575.000000,20141212_070237
2091-2098,KTYX20141212_121224_V06,-15,0.767,46.32,244.163043,52.236957,-76.03,44.896795,26118.478261,20141212_071224
2091-2098,KTYX20141212_122211_V06,-5,0.799,66.73,239.435826,51.314233,-76.06,44.804864,25657.116293,20141212_072211
2091-2098,KTYX20141212_123159_V06,4,0.819,83.03,242.347277,50.650160,-76.04,44.731590,25325.079839,20141212_073159
2091-2098,KTYX20141212_124146_V06,14,0.736,102.55,246.883522,52.162154,-76.01,44.643835,26081.077199,20141212_074146
2091-2098,KTYX20141212_125132_V06,24,0.590,117.14,248.616479,53.414436,-76.00,44.578233,26707.217969,20141212_075132
2091-2098,KTYX20141212_125132_V06,24,0.342,40.80,295.200000,54.300000,-75.71,44.922145,27150.000000,20141212_075132
2091-2098,KTYX20141212_130119_V06,34,0.422,52.21,299.115012,60.883002,-75.69,44.870820,30441.501191,20141212_080119
2102,KTYX20141217_120220_V06,-28,-0.027,230.80,254.300000,32.300000,-75.97,44.066877,16150.000000,20141217_070220
2102,KTYX20141217_120749_V06,-23,-0.181,231.46,256.006127,41.454206,-75.95,44.063933,20727.102804,20141217_070749
2103,KTYX20141217_122917_V06,-1,0.415,267.30,375.600000,30.400000,-75.21,43.902016,15200.000000,20141217_072917
2103,KTYX20141217_123431_V06,4,0.483,264.30,373.737475,38.564969,-75.22,43.915558,19282.484725,20141217_073431
2103,KTYX20141217_123947_V06,9,0.442,260.81,375.123788,38.688924,-75.21,43.931239,19344.462064,20141217_073947
2103,KTYX20141217_124502_V06,15,0.282,253.21,379.763542,37.533303,-75.18,43.965326,18766.651674,20141217_074502
2104,KTYX20141217_123431_V06,4,-0.425,300.95,388.450000,8.950000,-75.13,43.750236,4475.000000,20141217_073431
2104,KTYX20141217_123947_V06,9,0.000,300.95,388.450000,22.450000,-75.13,43.750236,11225.000000,20141217_073947
2104,KTYX20141217_124502_V06,15,-0.706,293.07,381.871917,33.754683,-75.17,43.785878,16877.341260,20141217_074502
2104,KTYX20141217_125016_V06,20,0.000,287.90,377.549779,44.038208,-75.20,43.809288,22019.103947,20141217_075016
2104,KTYX20141217_125531_V06,25,-0.687,278.05,387.026671,54.578193,-75.14,43.853340,27289.096629,20141217_075531
