track_id,filename,from_sunrise,det_score,x,y,r,lon,lat,radius,local_time
20,KTYX20160109_120637_V06,-29,0.453,329.10,358.600000,23.500000,-75.32,43.624297,11750.000000,20160109_070637
27,KTYX20160109_121151_V06,-24,-0.204,322.15,365.350000,17.350000,-75.27,43.655432,8675.000000,20160109_071151
27,KTYX20160109_121703_V06,-18,-0.375,319.95,370.785294,32.219683,-75.24,43.665229,16109.841629,20160109_071703
27,KTYX20160109_122216_V06,-13,0.000,318.37,374.667647,44.769457,-75.22,43.672220,22384.728507,20160109_072216
27,KTYX20160109_122728_V06,-8,-0.513,326.48,381.149814,49.816318,-75.18,43.635550,24908.158966,20160109_072728
52,KTYX20160112_124911_V06,15,0.407,206.25,319.000000,33.200000,-75.56,44.177642,16600.000000,20160112_074911
52,KTYX20160112_125425_V06,20,0.426,204.76,321.832226,44.176744,-75.54,44.184342,22088.372093,20160112_075425
52,KTYX20160112_125953_V06,25,0.507,203.04,326.551385,43.259909,-75.51,44.192020,21629.954402,20160112_075953
52,KTYX20160112_130507_V06,31,0.314,197.65,325.932517,44.330277,-75.52,44.216304,22165.138293,20160112_080507
74,KTYX20160119_122403_V06,-7,-0.301,213.30,181.100000,12.400000,-76.42,44.143574,6200.000000,20160119_072403
74,KTYX20160119_123344_V06,2,-0.401,212.53,180.361267,24.766623,-76.43,44.146996,12383.311561,20160119_073344
74,KTYX20160119_124326_V06,12,-0.556,219.08,192.498304,30.277080,-76.35,44.118026,15138.539761,20160119_074326
77,KTYX20160120_121141_V06,-19,-0.197,206.90,179.550000,15.750000,-76.43,44.172309,7875.000000,20160120_071141
77,KTYX20160120_122123_V06,-9,-0.218,209.36,179.823196,24.309278,-76.43,44.161256,12154.639175,20160120_072123
77,KTYX20160120_123104_V06,1,-0.481,200.00,174.356541,27.029835,-76.47,44.203148,13514.917375,20160120_073104
81,KTYX20160120_125026_V06,20,-0.099,212.10,180.350000,15.750000,-76.43,44.148944,7875.000000,20160120_075026
81,KTYX20160120_130008_V06,30,-0.036,211.37,180.511709,20.919336,-76.43,44.152224,10459.668192,20160120_080008
81,KTYX20160120_130950_V06,39,-0.406,221.54,185.496543,31.754891,-76.40,44.106673,15877.445276,20160120_080950
81,KTYX20160120_131932_V06,49,-0.373,244.34,199.274446,55.158243,-76.31,44.004590,27579.121634,20160120_081932
81,KTYX20160120_132914_V06,59,-0.385,250.89,211.762558,62.209784,-76.23,43.975531,31104.892095,20160120_082914
83,KTYX20160122_120245_V06,-27,-0.081,211.75,180.100000,15.500000,-76.43,44.150508,7750.000000,20160122_070245
83,KTYX20160122_121226_V06,-17,-0.235,212.30,180.861494,26.204023,-76.42,44.148072,13102.011494,20160122_071226
86,KTYX20160123_124140_V06,13,0.057,212.10,181.200000,15.800000,-76.42,44.148978,7900.000000,20160123_074140
110,KTYX20160126_125254_V06,27,-0.193,209.05,370.050000,27.950000,-75.24,44.164269,13975.000000,20160126_075254
110,KTYX20160126_125807_V06,33,-0.320,208.94,376.050000,37.777329,-75.20,44.164622,18888.664596,20160126_075807
193,KTYX20160206_124059_V06,26,-0.191,197.30,291.950000,12.550000,-75.73,44.217965,6275.000000,20160206_074059
193,KTYX20160206_124612_V06,32,-0.251,196.75,296.410784,21.361111,-75.70,44.220445,10680.555556,20160206_074612
193,KTYX20160206_125127_V06,37,-0.484,196.52,300.459786,26.186429,-75.68,44.221464,13093.214533,20160206_075127
193,KTYX20160206_125640_V06,42,-0.476,188.90,308.635019,27.221918,-75.63,44.255754,13610.959203,20160206_075640
207,KTYX20160210_123320_V06,24,0.526,242.10,340.750000,31.750000,-75.43,44.016101,15875.000000,20160210_073320
207,KTYX20160210_123833_V06,29,0.441,243.64,343.299003,40.898671,-75.41,44.009113,20449.335548,20160210_073833
216,KTYX20160211_115155_V06,-16,-0.028,455.55,29.450000,27.350000,-77.34,43.043640,13675.000000,20160211_065155
216,KTYX20160211_115709_V06,-10,-0.053,455.12,34.529914,42.234665,-77.31,43.046031,21117.332613,20160211_065709
216,KTYX20160211_120648_V06,-1,-0.007,458.68,49.071296,50.802101,-77.22,43.031267,25401.050510,20160211_070648
216,KTYX20160211_121626_V06,9,-0.085,461.55,49.184634,49.010258,-77.22,43.018355,24505.129073,20160211_071626
216,KTYX20160211_122605_V06,19,0.000,464.49,51.130103,48.791783,-77.21,43.005269,24395.891513,20160211_072605
216,KTYX20160211_123544_V06,28,0.000,467.14,52.881026,48.595155,-77.20,42.993490,24297.577708,20160211_073544
216,KTYX20160211_124523_V06,38,0.000,470.09,54.826496,48.376680,-77.18,42.980402,24188.340148,20160211_074523
216,KTYX20160211_125501_V06,48,-0.265,458.68,48.296885,48.249495,-77.22,43.031192,24124.747490,20160211_075501
234,KTYX20160219_113322_V06,-23,0.022,211.80,181.300000,12.300000,-76.42,44.150332,6150.000000,20160219_063322
234,KTYX20160219_114304_V06,-13,0.189,211.89,181.343657,18.912026,-76.42,44.149941,9456.013180,20160219_064304
234,KTYX20160219_115246_V06,-4,-0.075,221.78,187.525468,23.740034,-76.38,44.105661,11870.016914,20160219_065246
234,KTYX20160219_120228_V06,6,0.000,232.07,193.951443,29.260210,-76.34,44.059612,14630.105172,20160219_070228
234,KTYX20160219_121210_V06,16,0.000,242.36,200.377417,34.780387,-76.30,44.013548,17390.193429,20160219_071210
234,KTYX20160219_122151_V06,25,0.000,251.61,206.160794,39.748546,-76.26,43.972079,19874.272861,20160219_072151
234,KTYX20160219_123132_V06,35,0.000,261.90,212.586769,45.268722,-76.22,43.925987,22634.361119,20160219_073132
234,KTYX20160219_124113_V06,45,-0.203,248.62,212.917830,63.762049,-76.22,43.985762,31881.024470,20160219_074113
237,KTYX20160219_121210_V06,16,-0.106,206.00,180.750000,11.850000,-76.43,44.176407,5925.000000,20160219_071210
237,KTYX20160219_122151_V06,25,-0.097,209.39,180.750000,20.044597,-76.43,44.161151,10022.298494,20160219_072151
237,KTYX20160219_123132_V06,35,-0.437,204.03,179.613788,23.099989,-76.43,44.185231,11549.994638,20160219_073132
237,KTYX20160219_124113_V06,45,-0.490,216.70,191.296344,34.035335,-76.36,44.128668,17017.667451,20160219_074113
237,KTYX20160219_125054_V06,54,0.000,225.21,199.685032,42.654830,-76.31,44.090686,21327.415249,20160219_075054
237,KTYX20160219_130036_V06,64,-0.479,227.08,196.384290,39.682111,-76.33,44.082144,19841.055317,20160219_080036
237,KTYX20160219_131017_V06,74,0.000,232.25,198.575486,42.170187,-76.31,44.058952,21085.093520,20160219_081017
237,KTYX20160219_131959_V06,83,0.000,236.91,200.547562,44.409456,-76.30,44.038078,22204.727902,20160219_081959
237,KTYX20160219_132941_V06,93,-0.446,223.25,197.406163,43.386973,-76.32,44.099425,21693.486732,20160219_082941
237,KTYX20160219_133922_V06,103,-0.423,236.11,194.187908,49.540348,-76.34,44.041438,24770.173871,20160219_083922
323,KTYX20160312_105702_V06,-22,-0.396,213.00,180.450000,16.150000,-76.43,44.144898,8075.000000,20160312_055702
323,KTYX20160312_110642_V06,-13,-0.659,216.06,180.474302,31.725698,-76.43,44.131121,15862.849162,20160312_060642
323,KTYX20160312_111621_V06,-3,-0.660,237.04,183.855979,46.608972,-76.40,44.036847,23304.485965,20160312_061621
361,KTYX20160315_114345_V06,29,0.423,331.45,187.750000,46.350000,-76.38,43.612181,23175.000000,20160315_074345
377,KTYX20160321_112034_V06,17,0.485,210.85,180.500000,12.000000,-76.43,44.154574,6000.000000,20160321_072034
377,KTYX20160321_113015_V06,27,0.499,211.52,179.666667,16.916667,-76.43,44.151540,8458.333333,20160321_073015
377,KTYX20160321_113954_V06,36,0.421,211.68,179.183513,16.442621,-76.44,44.150787,8221.310290,20160321_073954
377,KTYX20160321_114935_V06,46,0.399,217.29,190.883846,25.283669,-76.36,44.126022,12641.834664,20160321_074935
402,KTYX20160325_112014_V06,24,0.187,285.55,351.550000,27.150000,-75.36,43.820408,13575.000000,20160325_072014
405,KTYX20160327_110023_V06,8,-0.075,418.10,209.200000,52.500000,-76.24,43.222964,26250.000000,20160327_070023
405,KTYX20160327_111001_V06,18,-0.364,415.55,217.636277,64.449233,-76.19,43.234686,32224.616605,20160327_071001
413,KTYX20160328_105523_V06,5,-0.284,298.75,211.000000,17.100000,-76.23,43.760119,8550.000000,20160328_065523
413,KTYX20160328_110048_V06,10,-0.562,295.35,211.464372,27.048178,-76.23,43.775439,13524.089069,20160328_070048
484-494,KTYX20160411_100230_V06,-23,0.384,157.15,190.650000,54.550000,-76.37,44.396594,27275.000000,20160411_060230
484-494,KTYX20160411_100744_V06,-18,0.309,155.51,194.390573,61.129940,-76.34,44.404095,30564.969834,20160411_060744
485,KTYX20160411_100230_V06,-23,-0.065,185.70,351.400000,49.900000,-75.36,44.269723,24950.000000,20160411_060230
485,KTYX20160411_100744_V06,-18,-0.329,184.64,352.814182,61.229720,-75.35,44.274486,30614.859982,20160411_060744
504,KTYX20160411_102837_V06,3,0.224,247.15,408.050000,27.150000,-75.01,43.991679,13575.000000,20160411_062837
508,KTYX20160411_103352_V06,8,0.069,388.35,153.650000,36.750000,-76.58,43.354649,18375.000000,20160411_063352
535,KTYX20160421_100625_V06,-3,-0.176,305.05,187.700000,57.100000,-76.38,43.730979,28550.000000,20160421_060625
535,KTYX20160421_101601_V06,7,-0.281,310.89,184.794634,68.227525,-76.39,43.704582,34113.762262,20160421_061601
537-543,KTYX20160422_094103_V06,-26,0.085,297.90,245.800000,26.100000,-76.02,43.764785,13050.000000,20160422_054103
537-543,KTYX20160422_094614_V06,-21,0.120,298.03,251.878871,35.405355,-75.98,43.764284,17702.677279,20160422_054614
576,KTYX20160504_094232_V06,-8,-0.096,175.05,419.000000,17.200000,-74.93,44.315677,8600.000000,20160504_054232
577-580-579,KTYX20160504_094744_V06,-3,0.255,192.80,389.950000,34.850000,-75.12,44.236846,17425.000000,20160504_054744
577-580-579,KTYX20160504_095257_V06,2,0.369,189.92,391.631066,39.830699,-75.11,44.249743,19915.349265,20160504_055257
577-580-579,KTYX20160504_095808_V06,8,0.311,183.85,394.876715,45.689239,-75.09,44.276949,22844.619368,20160504_055808
577-580-579,KTYX20160504_100321_V06,13,0.454,185.15,398.550000,37.050000,-75.06,44.270992,18525.000000,20160504_060321
577-580-579,KTYX20160504_100833_V06,18,0.172,183.35,389.550000,31.050000,-75.12,44.279380,15525.000000,20160504_060833
577-580-579,KTYX20160504_101346_V06,23,-0.088,181.04,389.581600,41.737564,-75.12,44.289758,20868.781855,20160504_061346
588,KTYX20160505_101427_V06,26,0.044,27.95,291.000000,31.300000,-75.74,44.979949,15650.000000,20160505_061427
605,KTYX20160513_092023_V06,-19,0.118,395.20,339.900000,12.100000,-75.43,43.327134,6050.000000,20160513_052023
605,KTYX20160513_092534_V06,-14,0.089,390.90,340.872672,19.544332,-75.43,43.346466,9772.165992,20160513_052534
605,KTYX20160513_093046_V06,-9,0.000,387.43,341.657085,28.160729,-75.42,43.362057,14080.364372,20160513_053046
605,KTYX20160513_093558_V06,-4,-0.144,379.60,351.284758,26.898946,-75.36,43.397153,13449.472896,20160513_053558
605,KTYX20160513_094110_V06,2,-0.256,369.47,355.575255,26.660296,-75.34,43.442666,13330.147790,20160513_054110
605,KTYX20160513_094622_V06,7,-0.293,363.64,357.832425,27.733475,-75.32,43.468889,13866.737297,20160513_054622
605,KTYX20160513_095134_V06,12,0.000,357.13,360.720171,28.654344,-75.30,43.498116,14327.171761,20160513_055134
605,KTYX20160513_095646_V06,17,0.000,350.62,363.607917,29.575212,-75.29,43.527341,14787.606226,20160513_055646
605,KTYX20160513_100158_V06,22,0.000,344.11,366.495662,30.496081,-75.27,43.556563,15248.040691,20160513_060158
605,KTYX20160513_100709_V06,28,-0.346,353.42,373.000524,34.109176,-75.23,43.514527,17054.588024,20160513_060709
605,KTYX20160513_101222_V06,33,0.000,351.78,376.751526,35.742347,-75.21,43.521842,17871.173391,20160513_061222
605,KTYX20160513_101734_V06,38,-0.327,343.63,382.548098,42.145767,-75.17,43.558330,21072.883452,20160513_061734
610,KTYX20160513_093046_V06,-9,0.113,338.50,284.200000,18.400000,-75.78,43.582530,9200.000000,20160513_053046
610,KTYX20160513_093558_V06,-4,0.080,333.85,285.104509,26.226260,-75.77,43.603442,13113.129973,20160513_053558
617,KTYX20160514_094207_V06,5,0.145,316.95,193.750000,35.050000,-76.34,43.677652,17525.000000,20160514_054207
617,KTYX20160514_095145_V06,14,0.059,313.05,192.757335,50.557824,-76.35,43.695165,25278.911980,20160514_055145
617,KTYX20160514_100124_V06,24,-0.268,300.31,182.364062,61.240341,-76.41,43.752085,30620.170256,20160514_060124
659,KTYX20160529_090657_V06,-19,0.404,293.70,188.700000,8.700000,-76.37,43.782091,4350.000000,20160529_050657
660,KTYX20160529_090657_V06,-19,-0.003,58.70,239.550000,59.550000,-76.06,44.840980,29775.000000,20160529_050657
661,KTYX20160529_090657_V06,-19,-0.062,171.80,315.950000,11.750000,-75.58,44.332676,5875.000000,20160529_050657
661,KTYX20160529_091222_V06,-13,-0.116,169.07,322.204862,22.855834,-75.54,44.344919,11427.917093,20160529_051222
662,KTYX20160529_091222_V06,-13,-0.122,286.50,195.600000,9.100000,-76.33,43.814741,4550.000000,20160529_051222
662,KTYX20160529_091733_V06,-8,-0.369,286.33,195.669382,20.060609,-76.33,43.815493,10030.304387,20160529_051733
663,KTYX20160529_091733_V06,-8,0.332,156.60,335.850000,19.550000,-75.45,44.400895,9775.000000,20160529_051733
663,KTYX20160529_092244_V06,-3,0.415,153.94,336.000729,30.085656,-75.45,44.412875,15042.828201,20160529_052244
663,KTYX20160529_092756_V06,2,0.518,143.75,340.923317,30.198269,-75.42,44.458660,15099.134489,20160529_052756
663,KTYX20160529_093517_V06,10,0.000,129.73,347.436148,33.501116,-75.38,44.521645,16750.558200,20160529_053517
663,KTYX20160529_094028_V06,15,0.000,120.96,351.506667,35.565396,-75.36,44.561003,17782.698019,20160529_054028
663,KTYX20160529_094539_V06,20,0.000,112.20,355.577186,37.629676,-75.33,44.600355,18814.837838,20160529_054539
663,KTYX20160529_095050_V06,25,0.318,114.44,358.510859,48.614788,-75.31,44.590206,24307.394151,20160529_055050
663,KTYX20160529_095602_V06,31,0.000,107.73,363.002493,54.175712,-75.28,44.620306,27087.855810,20160529_055602
663,KTYX20160529_100112_V06,36,0.325,106.94,375.023025,49.801431,-75.21,44.623596,24900.715438,20160529_060112
663,KTYX20160529_100624_V06,41,0.000,103.63,382.698604,50.155750,-75.16,44.638295,25077.874883,20160529_060624
663,KTYX20160529_101135_V06,46,0.000,100.31,390.374184,50.510069,-75.11,44.652972,25255.034328,20160529_061135
663,KTYX20160529_101646_V06,51,0.318,97.59,402.023129,50.114508,-75.04,44.664846,25057.253840,20160529_061646
667,KTYX20160529_094028_V06,15,0.423,226.45,292.700000,16.100000,-75.73,44.086797,8050.000000,20160529_054028
668,KTYX20160529_094539_V06,20,0.172,223.55,298.800000,11.900000,-75.69,44.099856,5950.000000,20160529_054539
668,KTYX20160529_095050_V06,25,0.220,221.41,301.340380,18.367933,-75.67,44.109465,9183.966746,20160529_055050
668,KTYX20160529_095602_V06,31,0.000,219.35,303.798812,27.762708,-75.66,44.118761,13881.353919,20160529_055602
668,KTYX20160529_100112_V06,36,-0.190,215.56,305.122953,26.559431,-75.65,44.135813,13279.715426,20160529_060112
668,KTYX20160529_100624_V06,41,0.000,212.76,306.795543,29.699910,-75.64,44.148389,14849.954793,20160529_060624
668,KTYX20160529_101135_V06,46,0.000,209.97,308.468133,32.840388,-75.63,44.160964,16420.194161,20160529_061135
668,KTYX20160529_101646_V06,51,0.000,207.17,310.140722,35.980867,-75.62,44.173538,17990.433528,20160529_061646
668,KTYX20160529_102200_V06,57,0.000,203.82,312.147830,39.749442,-75.60,44.188625,19874.720769,20160529_062200
668,KTYX20160529_102710_V06,62,0.000,201.02,313.820420,42.889920,-75.59,44.201196,21444.960137,20160529_062710
668,KTYX20160529_103221_V06,67,0.000,198.23,315.493009,46.030399,-75.58,44.213767,23015.199504,20160529_063221
668,KTYX20160529_103733_V06,72,-0.235,196.05,309.331973,54.079963,-75.62,44.223598,27039.981731,20160529_063733
670,KTYX20160529_095050_V06,25,0.220,255.75,211.700000,32.000000,-76.23,43.953637,16000.000000,20160529_055050
683,KTYX20160602_085700_V06,-26,0.487,292.30,266.400000,15.600000,-75.89,43.790291,7800.000000,20160602_045700
683,KTYX20160602_090226_V06,-21,0.410,291.19,268.498695,22.298206,-75.88,43.795320,11149.102773,20160602_050226
755,KTYX20160628_085648_V06,-27,0.570,188.95,290.200000,24.000000,-75.74,44.255533,12000.000000,20160628_045648
755,KTYX20160628_090159_V06,-22,0.493,189.71,293.593170,30.903678,-75.72,44.252122,15451.838879,20160628_050159
757-759,KTYX20160628_091733_V06,-6,0.509,434.95,148.300000,26.500000,-76.61,43.144675,13250.000000,20160628_051733
757-759,KTYX20160628_092245_V06,-1,0.470,433.03,153.827778,35.527778,-76.58,43.153574,17763.888889,20160628_052245
757-759,KTYX20160628_092757_V06,4,-0.044,417.25,161.250000,49.250000,-76.53,43.224955,24625.000000,20160628_052757
766,KTYX20160630_094449_V06,20,-0.426,369.15,124.050000,29.250000,-76.77,43.439453,14625.000000,20160630_054449
766,KTYX20160630_095428_V06,30,-0.677,373.22,114.487724,41.471937,-76.83,43.420538,20735.968734,20160630_055428
766,KTYX20160630_100408_V06,40,-0.705,389.38,133.103888,57.365684,-76.71,43.348933,28682.842059,20160630_060408
766,KTYX20160630_101346_V06,49,-0.700,395.46,134.424847,58.806859,-76.70,43.321644,29403.429715,20160630_061346
774,KTYX20160705_093400_V06,7,-0.145,324.55,179.750000,57.850000,-76.43,43.642918,28925.000000,20160705_053400
774,KTYX20160705_094337_V06,16,-0.387,324.47,179.930927,69.562656,-76.42,43.643274,34781.327986,20160705_054337
778,KTYX20160707_092112_V06,-7,-0.025,210.35,181.000000,12.000000,-76.42,44.156844,6000.000000,20160707_052112
778,KTYX20160707_092624_V06,-2,-0.206,212.54,182.482880,24.298087,-76.41,44.147071,12149.043303,20160707_052624
782,KTYX20160707_095221_V06,24,-0.020,210.75,179.900000,12.400000,-76.43,44.155000,6200.000000,20160707_055221
782,KTYX20160707_095732_V06,29,-0.024,210.38,180.426912,19.840510,-76.43,44.156701,9920.254958,20160707_055732
782,KTYX20160707_100243_V06,34,-0.156,214.27,180.360923,25.927972,-76.43,44.139162,12963.986084,20160707_060243
782,KTYX20160707_100756_V06,39,-0.129,214.42,180.565681,26.549904,-76.43,44.138509,13274.951851,20160707_060756
782,KTYX20160707_101307_V06,45,-0.335,223.25,181.352019,28.606016,-76.42,44.098833,14303.007950,20160707_061307
783,KTYX20160708_092342_V06,-6,-0.135,222.80,254.450000,12.150000,-75.96,44.102878,6075.000000,20160708_052342
783,KTYX20160708_092854_V06,-1,-0.040,226.12,253.288208,23.808135,-75.97,44.087941,11904.067642,20160708_052854
783,KTYX20160708_093406_V06,5,-0.436,230.25,247.812329,27.389501,-76.01,44.069257,13694.750654,20160708_053406
783,KTYX20160708_093917_V06,10,-0.450,228.49,243.430348,28.736972,-76.03,44.077105,14368.486103,20160708_053917
792,KTYX20160709_092033_V06,-10,0.096,221.55,257.650000,11.550000,-75.94,44.108551,5775.000000,20160709_052033
792,KTYX20160709_092453_V06,-6,0.063,220.99,257.682689,18.884918,-75.94,44.111052,9442.459138,20160709_052453
798,KTYX20160709_093347_V06,3,-0.044,122.60,371.850000,8.950000,-75.23,44.553214,4475.000000,20160709_053347
798,KTYX20160709_093823_V06,8,-0.262,120.70,371.449138,19.436111,-75.23,44.561774,9718.055556,20160709_053823
799-809,KTYX20160709_093823_V06,8,0.229,205.35,261.150000,8.650000,-75.92,44.181496,4325.000000,20160709_053823
799-809,KTYX20160709_094257_V06,12,0.172,206.43,263.534335,16.825228,-75.91,44.176658,8412.613843,20160709_054257
799-809,KTYX20160709_094727_V06,17,-0.041,205.92,261.282832,25.665717,-75.92,44.178934,12832.858531,20160709_054727
799-809,KTYX20160709_095158_V06,21,0.024,204.62,264.010314,26.609256,-75.91,44.184811,13304.627765,20160709_055158
804,KTYX20160709_094727_V06,17,-0.014,109.95,364.500000,12.200000,-75.27,44.610303,6100.000000,20160709_054727
804,KTYX20160709_095158_V06,21,-0.092,109.68,364.105128,20.010256,-75.28,44.611518,10005.128205,20160709_055158
799-809,KTYX20160709_095628_V06,26,0.093,199.40,274.100000,23.900000,-75.84,44.208413,11950.000000,20160709_055628
799-809,KTYX20160709_100103_V06,31,0.011,198.62,273.514024,32.617683,-75.85,44.211895,16308.841463,20160709_060103
810-814,KTYX20160710_090147_V06,-29,-0.003,209.75,180.200000,12.600000,-76.43,44.159511,6300.000000,20160710_050147
810-814,KTYX20160710_090523_V06,-25,-0.070,209.65,180.170027,20.073025,-76.43,44.159982,10036.512262,20160710_050523
810-814,KTYX20160710_090901_V06,-21,-0.156,207.74,179.881080,24.962741,-76.43,44.168520,12481.370739,20160710_050901
810-814,KTYX20160710_091615_V06,-14,-0.059,209.60,180.350000,16.450000,-76.43,44.160193,8225.000000,20160710_051615
821,KTYX20160710_094110_V06,11,-0.191,209.40,179.900000,12.400000,-76.43,44.161074,6200.000000,20160710_054110
821,KTYX20160710_094623_V06,16,-0.205,209.44,179.997484,20.577358,-76.43,44.160903,10288.679245,20160710_054623
821,KTYX20160710_095135_V06,21,0.000,209.47,180.076101,29.784906,-76.43,44.160764,14892.452830,20160710_055135
821,KTYX20160710_095648_V06,26,-0.461,199.54,185.912824,28.725290,-76.39,44.205684,14362.644822,20160710_055648
823,KTYX20160710_095648_V06,26,-0.079,207.65,315.100000,30.300000,-75.59,44.171365,15150.000000,20160710_055648
824,KTYX20160711_092618_V06,-5,0.765,231.15,259.000000,22.100000,-75.94,44.065371,11050.000000,20160711_052618
824,KTYX20160711_093558_V06,4,0.755,230.15,265.654006,33.861498,-75.89,44.069938,16930.749220,20160711_053558
824,KTYX20160711_094537_V06,14,0.682,238.33,268.079621,50.591186,-75.88,44.033178,25295.592880,20160711_054537
827,KTYX20160711_095517_V06,24,-0.271,444.00,130.900000,11.400000,-76.72,43.103020,5700.000000,20160711_055517
827,KTYX20160711_100457_V06,33,-0.454,451.82,126.627679,32.877679,-76.74,43.067587,16438.839286,20160711_060457
830,KTYX20160712_092236_V06,-10,0.411,218.20,260.700000,12.200000,-75.93,44.123668,6100.000000,20160712_052236
830,KTYX20160712_093212_V06,0,0.068,214.31,260.465746,23.563536,-75.93,44.141189,11781.767956,20160712_053212
830,KTYX20160712_094149_V06,9,0.341,200.07,263.686512,28.061964,-75.91,44.205277,14030.982046,20160712_054149
830,KTYX20160712_094702_V06,15,0.303,195.91,265.986115,30.416976,-75.89,44.224026,15208.487752,20160712_054702
832,KTYX20160712_093212_V06,0,0.451,444.40,125.450000,10.450000,-76.75,43.100909,5225.000000,20160712_053212
832,KTYX20160712_094149_V06,9,0.473,437.55,127.385053,33.356762,-76.74,43.131847,16678.380783,20160712_054149
832,KTYX20160712_094702_V06,15,0.490,441.35,136.050746,31.921032,-76.69,43.115248,15960.515983,20160712_054702
838,KTYX20160714_090955_V06,-25,0.260,466.50,38.900000,21.600000,-77.28,42.995203,10800.000000,20160714_050955
838,KTYX20160714_091507_V06,-19,0.034,459.67,36.983333,35.175000,-77.29,43.025784,17587.500000,20160714_051507
850,KTYX20160715_092309_V06,-12,-0.311,205.30,200.800000,25.100000,-76.30,44.180303,12550.000000,20160715_052309
850,KTYX20160715_093246_V06,-3,-0.547,213.53,209.079830,49.226989,-76.25,44.143536,24613.494318,20160715_053246
851,KTYX20160716_093721_V06,1,0.546,220.35,253.700000,22.700000,-75.97,44.113891,11350.000000,20160716_053721
860,KTYX20160719_092737_V06,-11,0.583,236.50,259.000000,23.600000,-75.94,44.041297,11800.000000,20160719_052737
860,KTYX20160719_093715_V06,-1,0.722,242.35,256.838740,25.647266,-75.95,44.014963,12823.632994,20160719_053715
860,KTYX20160719_094653_V06,8,0.718,244.42,261.509817,33.520603,-75.92,44.005701,16760.301668,20160719_054653
860,KTYX20160719_095631_V06,18,0.694,244.18,258.010762,35.190385,-75.94,44.006707,17595.192699,20160719_055631
860,KTYX20160719_100609_V06,28,0.000,244.00,254.681068,36.998371,-75.96,44.007479,18499.185723,20160719_060609
860,KTYX20160719_101547_V06,37,0.000,243.84,251.684343,38.625559,-75.98,44.008171,19312.779445,20160719_061547
860,KTYX20160719_102525_V06,47,0.000,243.65,248.354649,40.433545,-76.00,44.008936,20216.772469,20160719_062525
860,KTYX20160719_103504_V06,57,0.000,243.47,245.024955,42.241531,-76.02,44.009697,21120.765493,20160719_063504
860,KTYX20160719_104442_V06,66,0.000,243.31,242.028231,43.868718,-76.04,44.010379,21934.359215,20160719_064442
860,KTYX20160719_105420_V06,76,0.000,243.12,238.698536,45.676704,-76.06,44.011133,22838.352240,20160719_065420
860,KTYX20160719_110358_V06,85,0.000,242.96,235.701812,47.303892,-76.08,44.011809,23651.945961,20160719_070358
860,KTYX20160719_111336_V06,95,0.000,242.78,232.372118,49.111878,-76.10,44.012556,24555.938986,20160719_071336
860,KTYX20160719_112315_V06,105,0.000,242.60,229.042424,50.919864,-76.12,44.013299,25459.932010,20160719_072315
860,KTYX20160719_113253_V06,114,0.193,242.55,253.185546,49.201782,-75.97,44.013986,24600.890782,20160719_073253
862,KTYX20160719_094653_V06,8,0.938,469.25,133.200000,24.500000,-76.70,42.989517,12250.000000,20160719_054653
862,KTYX20160719_095631_V06,18,0.932,475.37,136.163336,34.837305,-76.68,42.962133,17418.652612,20160719_055631
862,KTYX20160719_100609_V06,28,0.927,477.97,133.541510,34.786821,-76.70,42.950274,17393.410669,20160719_060609
863,KTYX20160719_100609_V06,28,0.256,444.15,275.300000,8.600000,-75.83,43.106995,4300.000000,20160719_060609
863,KTYX20160719_101547_V06,37,0.049,439.07,275.209249,19.983102,-75.83,43.129867,9991.550765,20160719_061547
867,KTYX20160720_095036_V06,11,0.571,459.85,141.150000,32.550000,-76.65,43.032249,16275.000000,20160720_055036
867,KTYX20160720_100014_V06,21,0.565,460.14,145.550722,47.687184,-76.63,43.031187,23843.592058,20160720_060014
867,KTYX20160720_100953_V06,30,0.450,458.18,145.283546,48.436260,-76.63,43.039987,24218.129869,20160720_060953
867,KTYX20160720_101931_V06,40,0.069,440.64,159.730256,61.719863,-76.54,43.119608,30859.931267,20160720_061931
868,KTYX20160720_095036_V06,11,0.522,222.35,264.550000,24.050000,-75.90,44.105042,12025.000000,20160720_055036
868,KTYX20160720_100014_V06,21,0.445,221.09,264.628810,36.233643,-75.90,44.110717,18116.821561,20160720_060014
869,KTYX20160721_094443_V06,4,-0.205,211.85,178.800000,15.800000,-76.44,44.150005,7900.000000,20160721_054443
869,KTYX20160721_095423_V06,14,-0.593,203.36,179.937793,37.058113,-76.43,44.188270,18529.056415,20160721_055423
869,KTYX20160721_100402_V06,24,0.000,195.34,181.011183,58.641238,-76.42,44.224368,29320.619071,20160721_060402
869,KTYX20160721_101342_V06,33,-0.588,175.84,167.803960,54.053805,-76.51,44.311569,27026.902452,20160721_061342
874,KTYX20160724_093009_V06,-13,0.387,229.20,253.100000,22.400000,-75.97,44.074058,11200.000000,20160724_053009
874,KTYX20160724_093948_V06,-4,0.631,229.84,248.891901,24.778740,-76.00,44.071125,12389.370079,20160724_053948
874,KTYX20160724_094925_V06,6,0.629,231.60,253.760952,35.473023,-75.97,44.063290,17736.511374,20160724_054925
874,KTYX20160724_095903_V06,16,0.277,226.18,263.839998,34.608485,-75.91,44.087798,17304.242424,20160724_055903
876,KTYX20160724_095903_V06,16,-0.050,449.30,118.600000,25.700000,-76.79,43.078453,12850.000000,20160724_055903
876,KTYX20160724_100841_V06,25,-0.462,447.18,122.028571,38.904762,-76.77,43.088194,19452.380952,20160724_060841
878,KTYX20160725_091928_V06,-25,0.146,184.50,157.400000,26.300000,-76.57,44.272104,13150.000000,20160725_051928
878,KTYX20160725_092440_V06,-20,-0.207,183.92,160.049091,36.390000,-76.56,44.274831,18195.000000,20160725_052440
882,KTYX20160725_094018_V06,-4,-0.106,132.00,251.850000,53.350000,-75.98,44.511407,26675.000000,20160725_054018
886,KTYX20160725_101133_V06,27,0.513,112.20,301.050000,26.650000,-75.67,44.600895,13325.000000,20160725_061133
887,KTYX20160726_094126_V06,-4,0.669,237.10,269.300000,22.800000,-75.87,44.038722,11400.000000,20160726_054126
887,KTYX20160726_095105_V06,6,0.666,241.83,270.155565,28.951232,-75.87,44.017455,14475.615973,20160726_055105
887,KTYX20160726_100043_V06,15,0.632,247.00,272.919949,32.903916,-75.85,43.994189,16451.958248,20160726_060043
887,KTYX20160726_101020_V06,25,0.455,259.08,275.805195,48.401020,-75.83,43.939895,24200.509962,20160726_061020
890,KTYX20160726_094126_V06,-4,0.102,473.90,174.000000,49.800000,-76.45,42.970570,24900.000000,20160726_054126
890,KTYX20160726_095105_V06,6,0.276,478.66,175.403692,52.001445,-76.44,42.949188,26000.722311,20160726_055105
890,KTYX20160726_100043_V06,15,0.058,488.99,186.899108,56.676358,-76.37,42.903178,28338.178938,20160726_060043
892,KTYX20160727_092121_V06,-25,0.298,279.00,137.150000,54.750000,-76.69,43.845851,27375.000000,20160727_052121
892,KTYX20160727_092635_V06,-20,0.334,278.39,132.374613,62.994406,-76.72,43.848345,31497.203098,20160727_052635
893,KTYX20160727_094727_V06,1,0.294,454.65,141.250000,31.950000,-76.65,43.055656,15975.000000,20160727_054727
893,KTYX20160727_095241_V06,6,0.434,445.92,139.216667,36.283333,-76.67,43.094850,18141.666667,20160727_055241
894,KTYX20160727_094727_V06,1,0.025,210.70,180.600000,15.800000,-76.43,44.155253,7900.000000,20160727_054727
897-899-904-905-903,KTYX20160728_092119_V06,-26,0.527,105.40,74.850000,41.850000,-77.10,44.622772,20925.000000,20160728_052119
897-899-904-905-903,KTYX20160728_093056_V06,-17,0.520,111.44,89.444595,51.068919,-77.01,44.596692,25534.459459,20160728_053056
900,KTYX20160728_094032_V06,-7,-0.272,208.70,54.300000,25.500000,-77.22,44.156405,12750.000000,20160728_054032
900,KTYX20160728_095009_V06,3,-0.489,212.14,52.412101,47.891304,-77.23,44.140759,23945.652174,20160728_055009
902-907,KTYX20160728_095009_V06,3,0.016,212.05,174.200000,15.100000,-76.47,44.148912,7550.000000,20160728_055009
902-907,KTYX20160728_095947_V06,12,-0.153,212.08,174.457905,25.387154,-76.46,44.148794,12693.577075,20160728_055947
902-907,KTYX20160728_100924_V06,22,-0.099,210.40,173.900000,11.800000,-76.47,44.156323,5900.000000,20160728_060924
902-907,KTYX20160728_101438_V06,27,-0.336,211.21,175.316819,22.608044,-76.46,44.152750,11304.021938,20160728_061438
908,KTYX20160728_101438_V06,27,0.404,102.05,164.850000,35.250000,-76.53,44.643422,17625.000000,20160728_061438
910,KTYX20160729_093811_V06,-10,1.181,230.15,253.300000,12.000000,-75.97,44.069786,6000.000000,20160729_053811
910,KTYX20160729_094323_V06,-5,1.195,234.16,250.247692,22.733846,-75.99,44.051709,11366.923077,20160729_054323
910,KTYX20160729_094837_V06,0,1.193,238.44,245.481389,26.255517,-76.02,44.032367,13127.758255,20160729_054837
910,KTYX20160729_095349_V06,5,1.194,237.51,244.209974,30.348220,-76.03,44.036504,15174.110161,20160729_055349
910,KTYX20160729_095901_V06,11,1.192,238.43,242.400412,35.002561,-76.04,44.032322,17501.280504,20160729_055901
910,KTYX20160729_100415_V06,16,1.187,242.53,238.009284,35.617260,-76.07,44.013794,17808.629878,20160729_060415
910,KTYX20160729_100928_V06,21,0.000,246.42,233.796759,36.434590,-76.09,43.996208,18217.294837,20160729_060928
910,KTYX20160729_101441_V06,26,1.170,240.63,235.697321,48.056889,-76.08,44.022281,24028.444293,20160729_061441
910,KTYX20160729_101953_V06,31,1.027,244.17,232.879219,49.751665,-76.10,44.006300,24875.832275,20160729_061953
910,KTYX20160729_102505_V06,37,0.696,244.31,227.011464,53.900496,-76.14,44.005515,26950.247968,20160729_062505
915,KTYX20160730_094059_V06,-9,0.954,227.35,252.100000,12.700000,-75.98,44.082367,6350.000000,20160730_054059
915,KTYX20160730_094612_V06,-3,0.978,227.50,250.600000,23.045161,-75.99,44.081689,11522.580645,20160730_054612
915,KTYX20160730_095124_V06,2,0.976,230.91,248.216219,26.077681,-76.00,44.066285,13038.840555,20160730_055124
915,KTYX20160730_095637_V06,7,0.969,229.74,244.969016,26.901814,-76.02,44.071488,13450.907096,20160730_055637
915,KTYX20160730_100151_V06,12,0.952,233.12,247.227370,39.572236,-76.01,44.056299,19786.118161,20160730_060151
915,KTYX20160730_100704_V06,18,0.556,236.80,241.964193,52.376629,-76.04,44.039641,26188.314538,20160730_060704
926,KTYX20160731_094856_V06,-3,1.030,464.55,115.950000,34.250000,-76.81,43.009665,17125.000000,20160731_054856
926,KTYX20160731_095408_V06,3,1.036,456.15,115.538235,38.920588,-76.81,43.047441,19460.294118,20160731_055408
926,KTYX20160731_095920_V06,8,1.051,458.07,110.303535,50.058062,-76.84,43.038460,25029.031202,20160731_055920
926,KTYX20160731_100433_V06,13,1.069,457.68,107.903795,53.591047,-76.86,43.040084,26795.523348,20160731_060433
926,KTYX20160731_100945_V06,18,1.044,457.64,109.630747,58.610885,-76.85,43.040371,29305.442739,20160731_060945
926,KTYX20160731_101457_V06,23,1.008,457.46,104.967266,57.101587,-76.88,43.040878,28550.793451,20160731_061457
926,KTYX20160731_102009_V06,29,0.878,459.48,103.040517,55.630377,-76.89,43.031668,27815.188729,20160731_062009
926,KTYX20160731_102521_V06,34,0.854,449.45,103.320439,52.450448,-76.89,43.076817,26225.223848,20160731_062521
926,KTYX20160731_103032_V06,39,0.841,455.50,96.198640,57.376004,-76.93,43.049135,28688.002061,20160731_063032
926,KTYX20160731_103544_V06,44,0.660,452.58,86.790415,58.636603,-76.99,43.061599,29318.301448,20160731_063544
927,KTYX20160731_094856_V06,-3,0.460,220.30,243.750000,10.450000,-76.03,44.113943,5225.000000,20160731_054856
927,KTYX20160731_095408_V06,3,0.339,219.88,240.026000,17.494000,-76.05,44.115759,8747.000000,20160731_055408
927,KTYX20160731_095920_V06,8,0.000,219.58,237.366000,24.454000,-76.07,44.117053,12227.000000,20160731_055920
927,KTYX20160731_100433_V06,13,0.248,221.83,242.825330,26.845233,-76.04,44.107018,13422.616688,20160731_060433
927,KTYX20160731_100945_V06,18,0.249,220.65,243.196934,27.772364,-76.03,44.112352,13886.181801,20160731_060945
932,KTYX20160731_101457_V06,23,0.354,203.80,244.900000,9.900000,-76.02,44.188211,4950.000000,20160731_061457
932,KTYX20160731_102009_V06,29,0.307,201.53,243.767105,19.109211,-76.03,44.198385,9554.605263,20160731_062009
932,KTYX20160731_102521_V06,34,0.346,204.80,240.108954,27.427087,-76.05,44.183622,13713.543724,20160731_062521
932,KTYX20160731_103032_V06,39,0.236,202.51,240.354585,28.802286,-76.05,44.193944,14401.142755,20160731_063032
932,KTYX20160731_103544_V06,44,0.105,199.96,235.399298,32.370166,-76.08,44.205274,16185.082932,20160731_063544
937,KTYX20160801_095049_V06,-2,0.386,226.30,246.200000,16.500000,-76.02,44.086989,8250.000000,20160801_055049
937,KTYX20160801_095629_V06,4,0.169,224.36,248.825000,28.089706,-76.00,44.095771,14044.852941,20160801_055629
937,KTYX20160801_100209_V06,10,0.255,227.91,240.447531,34.213075,-76.05,44.079614,17106.537489,20160801_060209
941,KTYX20160802_094604_V06,-7,0.996,227.25,253.300000,16.700000,-75.97,44.082836,8350.000000,20160802_054604
941,KTYX20160802_095117_V06,-2,1.189,228.37,252.024936,23.984062,-75.98,44.077795,11992.030848,20160802_055117
941,KTYX20160802_095630_V06,3,1.214,230.08,249.091684,24.426040,-76.00,44.070022,12213.019820,20160802_055630
941,KTYX20160802_100141_V06,8,1.219,237.30,249.201230,31.156633,-76.00,44.037526,15578.316712,20160802_060141
941,KTYX20160802_100655_V06,13,1.224,241.38,243.708683,43.682486,-76.03,44.019086,21841.242853,20160802_060655
941,KTYX20160802_101208_V06,19,1.222,242.89,244.774942,47.362767,-76.02,44.012322,23681.383527,20160802_061208
941,KTYX20160802_101721_V06,24,1.211,239.53,246.421451,53.085294,-76.01,44.027441,26542.647127,20160802_061721
941,KTYX20160802_102235_V06,29,1.132,233.10,245.540325,51.494603,-76.02,44.056389,25747.301415,20160802_062235
945,KTYX20160803_094906_V06,-5,0.991,444.25,124.650000,30.550000,-76.76,43.101537,15275.000000,20160803_054906
945,KTYX20160803_095844_V06,4,1.004,442.24,126.366460,45.286866,-76.75,43.110685,22643.432920,20160803_055844
945,KTYX20160803_100822_V06,14,1.002,443.04,129.643633,54.383967,-76.73,43.107279,27191.983485,20160803_060822
945,KTYX20160803_101801_V06,24,0.961,432.36,135.060886,59.376517,-76.69,43.155648,29688.258690,20160803_061801
948,KTYX20160803_100822_V06,14,0.344,212.30,284.650000,8.450000,-75.78,44.150439,4225.000000,20160803_060822
948,KTYX20160803_101801_V06,24,0.175,207.45,290.673492,17.716032,-75.74,44.172269,8858.015873,20160803_061801
948,KTYX20160803_102739_V06,33,0.355,198.29,292.088107,26.661116,-75.73,44.213517,13330.557877,20160803_062739
948,KTYX20160803_103716_V06,43,0.103,192.65,296.780765,32.935664,-75.70,44.238887,16467.832218,20160803_063716
951,KTYX20160804_094722_V06,-8,0.723,451.05,146.700000,25.600000,-76.62,43.072140,12800.000000,20160804_054722
951,KTYX20160804_095700_V06,2,0.782,450.56,142.091304,36.028307,-76.65,43.074108,18014.153562,20160804_055700
951,KTYX20160804_100638_V06,11,0.784,451.49,142.929715,52.124953,-76.64,43.069946,26062.476427,20160804_060638
951,KTYX20160804_101615_V06,21,0.733,457.94,135.912395,57.114345,-76.69,43.040576,28557.172695,20160804_061615
951,KTYX20160804_102553_V06,30,0.302,460.71,126.595107,62.723376,-76.74,43.027571,31361.688207,20160804_062553
955,KTYX20160805_094822_V06,-8,0.709,444.40,142.100000,31.000000,-76.65,43.101829,15500.000000,20160805_054822
955,KTYX20160805_095800_V06,2,0.745,436.40,143.320074,41.358195,-76.64,43.137911,20679.097606,20160805_055800
955,KTYX20160805_100737_V06,11,0.749,433.48,145.196228,54.287614,-76.63,43.151120,27143.806925,20160805_060737
955,KTYX20160805_101715_V06,21,0.724,432.57,142.704079,55.900564,-76.65,43.155092,27950.282204,20160805_061715
955,KTYX20160805_102652_V06,30,0.420,435.40,137.820195,60.453264,-76.68,43.142116,30226.632181,20160805_062652
955,KTYX20160805_103630_V06,40,0.234,438.62,131.611368,62.374626,-76.71,43.127269,31187.313017,20160805_063630
957,KTYX20160805_094822_V06,-8,-0.177,214.30,270.300000,23.500000,-75.87,44.141330,11750.000000,20160805_054822
957,KTYX20160805_095800_V06,2,-0.354,210.94,278.593113,35.198623,-75.81,44.156513,17599.311295,20160805_055800
960,KTYX20160806_094313_V06,-14,-0.366,214.15,180.600000,16.400000,-76.43,44.139730,8200.000000,20160806_054313
960,KTYX20160806_094826_V06,-9,-0.529,213.66,180.585595,26.169052,-76.43,44.141933,13084.526022,20160806_054826
960,KTYX20160806_095340_V06,-4,-0.629,219.44,186.810116,30.881556,-76.39,44.116178,15440.777785,20160806_055340
960,KTYX20160806_095852_V06,1,0.000,223.88,191.682040,36.847433,-76.36,44.096386,18423.716503,20160806_055852
960,KTYX20160806_100405_V06,7,0.000,229.21,197.528348,44.006486,-76.32,44.072624,22003.242963,20160806_060405
960,KTYX20160806_100917_V06,12,0.000,233.64,202.400271,49.972363,-76.29,44.052813,24986.181681,20160806_060917
960,KTYX20160806_101429_V06,17,-0.563,221.30,205.722747,49.198937,-76.27,44.108486,24599.468288,20160806_061429
961,KTYX20160806_094826_V06,-9,0.946,226.50,268.600000,12.200000,-75.88,44.086414,6100.000000,20160806_054826
961,KTYX20160806_095340_V06,-4,0.952,227.24,269.336148,13.676253,-75.87,44.083109,6838.126649,20160806_055340
961,KTYX20160806_095852_V06,1,0.978,230.27,272.266457,26.865269,-75.85,44.069508,13432.634620,20160806_055852
961,KTYX20160806_100405_V06,7,0.978,229.40,276.489093,25.775094,-75.83,44.073453,12887.546785,20160806_060405
961,KTYX20160806_100917_V06,12,0.973,224.60,277.750033,27.650859,-75.82,44.095067,13825.429622,20160806_060917
961,KTYX20160806_101429_V06,17,0.890,230.64,280.088445,34.848692,-75.80,44.067889,17424.345972,20160806_061429
961,KTYX20160806_101942_V06,22,0.453,236.20,283.532928,44.783634,-75.78,44.042878,22391.816816,20160806_061942
964,KTYX20160806_095340_V06,-4,0.424,110.15,385.800000,26.800000,-75.14,44.608853,13400.000000,20160806_055340
966-969,KTYX20160806_095852_V06,1,0.475,292.95,244.250000,12.650000,-76.03,43.787031,6325.000000,20160806_055852
966-969,KTYX20160806_100405_V06,7,0.457,293.55,243.363122,18.524208,-76.03,43.784306,9262.104072,20160806_060405
967,KTYX20160806_095852_V06,1,0.153,459.40,139.800000,10.100000,-76.66,43.034203,5050.000000,20160806_055852
967,KTYX20160806_100405_V06,7,-0.065,461.57,141.156420,22.622957,-76.65,43.024493,11311.478599,20160806_060405
967,KTYX20160806_100917_V06,12,0.357,467.17,141.628220,33.689068,-76.65,42.999330,16844.533761,20160806_060917
967,KTYX20160806_101429_V06,17,0.212,466.52,149.062552,38.008837,-76.61,43.002658,19004.418416,20160806_061429
967,KTYX20160806_101942_V06,22,0.196,457.25,151.030159,36.230139,-76.59,43.044443,18115.069539,20160806_061942
966-969,KTYX20160806_100917_V06,12,0.358,299.00,236.450000,8.650000,-76.07,43.759649,4325.000000,20160806_060917
966-969,KTYX20160806_101429_V06,17,0.283,299.30,236.450000,16.059897,-76.07,43.758310,8029.948301,20160806_061429
979,KTYX20160807_093949_V06,-19,1.105,460.70,134.350000,15.550000,-76.70,43.028058,7775.000000,20160807_053949
979,KTYX20160807_094501_V06,-13,1.228,466.62,139.420423,23.806338,-76.66,43.001711,11903.169014,20160807_054501
979,KTYX20160807_095015_V06,-8,1.231,461.83,140.136987,23.102219,-76.66,43.023307,11551.109637,20160807_055015
979,KTYX20160807_095529_V06,-3,1.254,467.18,138.794602,26.489886,-76.67,42.999151,13244.942934,20160807_055529
979,KTYX20160807_100042_V06,2,1.256,468.21,144.768938,33.231229,-76.63,42.994809,16615.614263,20160807_060042
979,KTYX20160807_100556_V06,7,1.255,471.56,146.917574,36.710966,-76.62,42.979859,18355.482992,20160807_060556
979,KTYX20160807_101108_V06,13,1.250,480.31,150.437895,51.363446,-76.60,42.940645,25681.723117,20160807_061108
979,KTYX20160807_101622_V06,18,1.252,482.66,157.842852,58.949160,-76.55,42.930418,29474.579925,20160807_061622
979,KTYX20160807_102136_V06,23,0.000,485.39,164.890417,66.865622,-76.51,42.918469,33432.811158,20160807_062136
979,KTYX20160807_102649_V06,28,1.249,480.54,154.301677,60.979574,-76.57,42.939784,30489.787212,20160807_062649
979,KTYX20160807_103203_V06,34,1.228,479.91,150.696003,57.316084,-76.59,42.942471,28658.042014,20160807_063203
979,KTYX20160807_103716_V06,39,1.172,479.48,154.368300,57.014821,-76.57,42.944563,28507.410565,20160807_063716
979,KTYX20160807_104228_V06,44,0.947,479.51,159.231402,59.348379,-76.54,42.944658,29674.189683,20160807_064228
979,KTYX20160807_104740_V06,49,0.949,484.18,163.707811,63.957374,-76.51,42.923846,31978.687139,20160807_064740
979,KTYX20160807_105254_V06,54,0.735,481.40,164.720752,61.888945,-76.51,42.936393,30944.472301,20160807_065254
979,KTYX20160807_105807_V06,60,0.732,482.07,167.193662,60.331702,-76.49,42.933500,30165.851134,20160807_065807
979,KTYX20160807_110321_V06,65,0.740,480.22,160.541909,60.608650,-76.53,42.941555,30304.324876,20160807_070321
979,KTYX20160807_110833_V06,70,0.760,490.60,156.897759,59.400064,-76.56,42.894670,29700.032214,20160807_070833
979,KTYX20160807_111348_V06,75,0.766,489.61,160.773839,59.150582,-76.53,42.899294,29575.290975,20160807_071348
983,KTYX20160807_095015_V06,-8,0.974,231.25,256.500000,17.400000,-75.95,44.064885,8700.000000,20160807_055015
983,KTYX20160807_095529_V06,-3,1.074,233.02,259.254518,21.702711,-75.93,44.056942,10851.355422,20160807_055529
983,KTYX20160807_100042_V06,2,1.079,236.38,260.013432,24.034452,-75.93,44.041840,12017.226022,20160807_060042
983,KTYX20160807_100556_V06,7,1.078,239.75,259.909438,30.065647,-75.93,44.026690,15032.823666,20160807_060556
983,KTYX20160807_101108_V06,13,1.072,236.78,261.183921,27.712545,-75.92,44.040048,13856.272346,20160807_061108
983,KTYX20160807_101622_V06,18,1.063,238.34,263.414940,36.158302,-75.91,44.033074,18079.151014,20160807_061622
983,KTYX20160807_102136_V06,23,1.066,246.54,264.280526,48.150185,-75.90,43.996202,24075.092460,20160807_062136
983,KTYX20160807_102649_V06,28,0.989,248.13,266.238972,55.170607,-75.89,43.989058,27585.303421,20160807_062649
983,KTYX20160807_103203_V06,34,0.591,244.06,271.168740,54.043104,-75.86,44.007427,27021.552184,20160807_063203
983,KTYX20160807_103716_V06,39,0.000,241.44,274.962995,54.276447,-75.84,44.019266,27138.223621,20160807_063716
983,KTYX20160807_104228_V06,44,0.570,248.43,265.804555,56.343618,-75.89,43.987700,28171.809171,20160807_064228
983,KTYX20160807_104740_V06,49,0.653,257.10,271.954693,56.458986,-75.85,43.948754,28229.493064,20160807_064740
990,KTYX20160808_095605_V06,-3,1.213,462.25,128.750000,32.350000,-76.73,43.020770,16175.000000,20160808_055605
990,KTYX20160808_100545_V06,6,1.223,472.52,127.717797,48.048305,-76.74,42.974480,24024.152542,20160808_060545
990,KTYX20160808_101523_V06,16,1.222,469.60,128.194633,51.949346,-76.73,42.987674,25974.672951,20160808_061523
990,KTYX20160808_102502_V06,26,1.214,466.06,124.674524,55.255029,-76.76,43.003412,27627.514347,20160808_062502
990,KTYX20160808_103440_V06,35,1.198,463.98,119.034990,58.891029,-76.79,43.012396,29445.514550,20160808_063440
990,KTYX20160808_104419_V06,45,1.181,471.24,125.737447,62.457499,-76.75,42.980131,31228.749256,20160808_064419
990,KTYX20160808_105358_V06,54,1.134,484.82,138.912283,61.076368,-76.67,42.919759,30538.184198,20160808_065358
991,KTYX20160808_095605_V06,-3,0.473,225.35,250.300000,22.900000,-75.99,44.091336,11450.000000,20160808_055605
992,KTYX20160809_095021_V06,-10,0.894,444.80,131.150000,26.950000,-76.72,43.099434,13475.000000,20160809_055021
992,KTYX20160809_100000_V06,0,0.977,446.42,123.851479,45.084011,-76.76,43.091741,22542.005545,20160809_060000
992,KTYX20160809_100938_V06,9,0.983,442.56,127.721371,54.869869,-76.74,43.109298,27434.934381,20160809_060938
992,KTYX20160809_101918_V06,19,0.971,436.46,130.905749,64.111774,-76.72,43.136939,32055.886860,20160809_061918
995-999-997,KTYX20160810_095655_V06,-6,0.166,199.30,331.650000,27.850000,-75.48,44.208806,13925.000000,20160810_055655
995-999-997,KTYX20160810_100235_V06,0,0.169,196.03,335.211558,38.905528,-75.46,44.223486,19452.763819,20160810_060235
1001,KTYX20160811_095030_V06,-13,0.972,465.35,149.150000,31.850000,-76.61,43.007909,15925.000000,20160811_055030
1001,KTYX20160811_100007_V06,-3,1.053,456.45,138.428269,31.085866,-76.67,43.047387,15542.932862,20160811_060007
1001,KTYX20160811_100521_V06,2,1.074,452.74,142.621919,34.183581,-76.65,43.064332,17091.790264,20160811_060521
1001,KTYX20160811_101035_V06,7,1.076,458.74,144.284235,45.663120,-76.64,43.037412,22831.559974,20160811_061035
1001,KTYX20160811_101549_V06,12,1.080,457.07,150.227688,52.371450,-76.60,43.045223,26185.724866,20160811_061549
1001,KTYX20160811_102527_V06,22,0.996,454.85,146.756375,49.037900,-76.62,43.055052,24518.949777,20160811_062527
1016-1021-1020,KTYX20160813_100713_V06,2,0.727,450.95,146.950000,28.150000,-76.62,43.072602,14075.000000,20160813_060713
1016-1021-1020,KTYX20160813_101252_V06,7,0.784,447.71,143.605452,31.184803,-76.64,43.086996,15592.401392,20160813_061252
1016-1021-1020,KTYX20160813_101833_V06,13,0.781,444.98,151.195494,39.570819,-76.59,43.099692,19785.409611,20160813_061833
1016-1021-1020,KTYX20160813_102413_V06,19,0.784,438.15,151.225337,43.796899,-76.59,43.130408,21898.449268,20160813_062413
1016-1021-1020,KTYX20160813_102955_V06,24,-0.117,426.55,161.200000,53.600000,-76.53,43.183101,26800.000000,20160813_062955
1016-1021-1020,KTYX20160813_103536_V06,30,0.093,415.45,154.550000,36.550000,-76.58,43.232739,18275.000000,20160813_063536
1016-1021-1020,KTYX20160813_104116_V06,36,-0.132,412.45,152.338462,45.653846,-76.59,43.246131,22826.923077,20160813_064116
1028,KTYX20160814_101838_V06,12,-0.094,332.30,379.450000,12.750000,-75.19,43.609412,6375.000000,20160814_061838
1028,KTYX20160814_102226_V06,16,-0.176,332.22,381.824813,19.921814,-75.17,43.609719,9960.907046,20160814_062226
1028,KTYX20160814_102641_V06,20,-0.325,333.20,387.110603,22.084733,-75.14,43.605158,11042.366449,20160814_062641
1028,KTYX20160814_103043_V06,24,-0.450,334.82,395.900693,23.470443,-75.09,43.597607,11735.221373,20160814_063043
1028,KTYX20160814_103459_V06,28,-0.361,337.52,403.385391,23.124389,-75.04,43.585178,11562.194746,20160814_063459
1028,KTYX20160814_103946_V06,33,-0.446,341.67,410.817042,24.585554,-74.99,43.566247,12292.776939,20160814_063946
1029,KTYX20160814_102226_V06,16,-0.038,222.85,316.900000,12.300000,-75.57,44.102957,6150.000000,20160814_062226
1029,KTYX20160814_102641_V06,20,-0.049,222.71,319.281285,19.704749,-75.56,44.103565,9852.374302,20160814_062641
1033,KTYX20160815_100414_V06,-3,0.491,459.45,133.600000,10.000000,-76.70,43.033642,5000.000000,20160815_060414
1033,KTYX20160815_101351_V06,6,0.446,457.36,139.963466,26.565941,-76.66,43.043386,13282.970743,20160815_061351
1033,KTYX20160815_102329_V06,16,0.698,462.57,152.429680,48.739038,-76.59,43.020561,24369.519034,20160815_062329
1033,KTYX20160815_103306_V06,26,0.684,461.45,155.770774,56.318598,-76.56,43.025800,28159.299006,20160815_063306
1033,KTYX20160815_104245_V06,35,0.655,457.03,163.546795,59.535029,-76.52,43.046049,29767.514435,20160815_064245
1033,KTYX20160815_105223_V06,45,0.546,443.46,158.359545,56.975284,-76.55,43.106886,28487.642229,20160815_065223
1033,KTYX20160815_110202_V06,55,0.210,446.56,163.570313,56.671167,-76.52,43.093174,28335.583582,20160815_070202
1033,KTYX20160815_111141_V06,64,0.233,442.74,174.442537,57.450701,-76.45,43.110827,28725.350551,20160815_071141
1039,KTYX20160818_103202_V06,21,0.222,308.65,277.750000,15.950000,-75.82,43.716820,7975.000000,20160818_063202
1041,KTYX20160818_103743_V06,26,0.225,301.35,372.500000,12.200000,-75.23,43.748869,6100.000000,20160818_063743
1041,KTYX20160818_104324_V06,32,-0.036,303.42,375.516901,22.228169,-75.21,43.739476,11114.084507,20160818_064324
1043,KTYX20160819_101102_V06,-1,1.017,465.60,134.500000,37.500000,-76.69,43.006015,18750.000000,20160819_061102
1043,KTYX20160819_102039_V06,8,1.023,467.13,133.317667,50.370781,-76.70,42.999077,25185.390713,20160819_062039
1043,KTYX20160819_103017_V06,18,1.014,466.56,131.751921,61.870617,-76.71,43.001534,30935.308256,20160819_063017
1043,KTYX20160819_103956_V06,27,0.991,466.59,125.133371,65.852601,-76.75,43.001023,32926.300506,20160819_063956
1044,KTYX20160819_102039_V06,8,0.306,207.65,128.500000,30.300000,-76.75,44.166397,15150.000000,20160819_062039
1045,KTYX20160820_100236_V06,-11,0.773,440.45,139.300000,26.200000,-76.67,43.119456,13100.000000,20160820_060236
1045,KTYX20160820_101215_V06,-1,0.763,436.51,144.734664,42.667332,-76.63,43.137489,21333.666062,20160820_061215
1045,KTYX20160820_101729_V06,4,0.751,435.22,145.004721,47.470260,-76.63,43.143275,23735.130031,20160820_061729
1045,KTYX20160820_102243_V06,9,0.000,433.90,145.453874,52.564374,-76.63,43.149274,26282.187019,20160820_062243
1045,KTYX20160820_102757_V06,14,0.681,433.33,146.095021,51.460725,-76.63,43.151852,25730.362563,20160820_062757
1045,KTYX20160820_103311_V06,20,0.589,432.65,144.259715,53.883874,-76.64,43.154813,26941.937117,20160820_063311
1045,KTYX20160820_103826_V06,25,0.245,434.36,152.718700,56.418891,-76.59,43.147538,28209.445578,20160820_063826
1054,KTYX20160822_100314_V06,-12,0.792,475.40,141.000000,25.700000,-76.65,42.962261,12850.000000,20160822_060314
1054,KTYX20160822_101252_V06,-3,0.824,470.81,141.277955,32.952077,-76.65,42.982916,16476.038339,20160822_061252
1054,KTYX20160822_102231_V06,7,0.825,476.27,152.416966,46.301148,-76.58,42.958904,23150.573835,20160822_062231
1054,KTYX20160822_103209_V06,17,0.759,478.16,156.380442,53.068136,-76.56,42.950614,26534.068172,20160822_063209
1054,KTYX20160822_104147_V06,26,0.732,480.90,160.484000,61.783562,-76.53,42.938453,30891.781249,20160822_064147
1054,KTYX20160822_105125_V06,36,0.698,481.13,159.507057,64.848932,-76.54,42.937401,32424.465770,20160822_065125
1054,KTYX20160822_110105_V06,46,0.362,472.47,173.212225,62.348160,-76.46,42.976972,31174.080103,20160822_070105
1057,KTYX20160822_101252_V06,-3,0.766,286.80,263.500000,20.900000,-75.91,43.815007,10450.000000,20160822_061252
1057,KTYX20160822_102231_V06,7,0.782,292.36,268.300897,24.846188,-75.88,43.790035,12423.094170,20160822_062231
1059,KTYX20160822_104147_V06,26,-0.063,417.65,147.150000,46.750000,-76.62,43.222470,23375.000000,20160822_064147
1060,KTYX20160823_095827_V06,-18,0.964,453.40,136.550000,21.950000,-76.68,43.061030,10975.000000,20160823_055827
1060,KTYX20160823_100806_V06,-8,0.968,455.77,142.830766,33.779535,-76.64,43.050711,16889.767548,20160823_060806
1060,KTYX20160823_101746_V06,1,0.972,466.89,151.973222,52.051832,-76.59,43.001136,26025.915854,20160823_061746
1060,KTYX20160823_102725_V06,11,0.967,451.05,153.809057,55.569289,-76.58,43.072489,27784.644649,20160823_062725
1060,KTYX20160823_103704_V06,21,0.930,439.67,145.699506,53.418678,-76.63,43.123284,26709.338782,20160823_063704
1060,KTYX20160823_104643_V06,30,0.885,431.66,149.079493,53.138614,-76.61,43.159532,26569.306803,20160823_064643
1060,KTYX20160823_105623_V06,40,0.466,414.24,151.508773,55.997620,-76.59,43.238034,27998.809899,20160823_065623
1063-1064,KTYX20160823_101746_V06,1,-0.027,211.70,179.350000,15.450000,-76.43,44.150703,7725.000000,20160823_061746
1063-1064,KTYX20160823_104643_V06,30,-0.397,213.80,180.150000,12.150000,-76.43,44.141286,6075.000000,20160823_064643
1063-1064,KTYX20160823_105623_V06,40,-0.653,212.70,180.281383,25.302206,-76.43,44.146257,12651.103123,20160823_065623
1065,KTYX20160824_095258_V06,-25,0.565,456.55,144.800000,24.200000,-76.63,43.047291,12100.000000,20160824_055258
1065,KTYX20160824_100236_V06,-15,0.725,452.30,140.649685,26.822862,-76.66,43.066181,13411.431143,20160824_060236
1065,KTYX20160824_101215_V06,-5,0.722,450.18,134.078116,45.098913,-76.70,43.075385,22549.456474,20160824_061215
1065,KTYX20160824_102153_V06,4,0.736,447.51,134.555140,56.135885,-76.70,43.087450,28067.942338,20160824_062153
1065,KTYX20160824_103131_V06,14,0.701,446.96,138.240356,59.754991,-76.67,43.090112,29877.495647,20160824_063131
1065,KTYX20160824_104111_V06,24,0.424,436.40,129.234047,59.617227,-76.73,43.137115,29808.613661,20160824_064111
1065,KTYX20160824_105050_V06,33,0.000,427.28,121.606216,59.642688,-76.78,43.177726,29821.343925,20160824_065050
1065,KTYX20160824_110030_V06,43,0.241,431.00,109.274983,59.844379,-76.85,43.160224,29922.189703,20160824_070030
1065,KTYX20160824_111009_V06,53,0.504,433.27,91.848797,62.565241,-76.96,43.148839,31282.620669,20160824_071009
1065,KTYX20160824_111948_V06,62,0.210,430.09,81.332106,60.727208,-77.02,43.162435,30363.604105,20160824_071948
1089,KTYX20160826_095352_V06,-27,-0.363,212.20,179.750000,16.250000,-76.43,44.148469,8125.000000,20160826_055352
1089,KTYX20160826_095904_V06,-21,-0.600,210.14,179.425926,27.102778,-76.43,44.157715,13551.388889,20160826_055904
1089,KTYX20160826_100416_V06,-16,-0.610,214.11,177.746991,28.334611,-76.44,44.139801,14167.305601,20160826_060416
1090-1094,KTYX20160826_100929_V06,-11,0.358,210.45,180.250000,15.950000,-76.43,44.156364,7975.000000,20160826_060929
1090-1094,KTYX20160826_101441_V06,-6,0.353,210.71,180.613484,22.803434,-76.43,44.155210,11401.716918,20160826_061441
1090-1094,KTYX20160826_102507_V06,5,0.050,209.65,180.450000,12.450000,-76.43,44.159972,6225.000000,20160826_062507
1090-1094,KTYX20160826_103019_V06,10,0.142,209.87,180.281783,19.437597,-76.43,44.158992,9718.798450,20160826_063019
1095-1096,KTYX20160826_103019_V06,10,0.283,285.55,231.250000,51.850000,-76.11,43.820059,25925.000000,20160826_063019
1095-1096,KTYX20160826_103532_V06,15,0.167,286.30,231.311104,58.811892,-76.11,43.816669,29405.946124,20160826_063532
1095-1096,KTYX20160826_104044_V06,20,0.187,291.00,231.300000,49.600000,-76.11,43.795535,24800.000000,20160826_064044
1095-1096,KTYX20160826_104556_V06,25,0.093,292.18,231.497201,59.353181,-76.11,43.790215,29676.590331,20160826_064556
1097,KTYX20160826_104556_V06,25,0.023,210.30,179.850000,12.250000,-76.43,44.157022,6125.000000,20160826_064556
1097,KTYX20160826_105109_V06,31,0.070,211.15,180.114336,18.963287,-76.43,44.153201,9481.643357,20160826_065109
1097,KTYX20160826_105621_V06,36,0.000,211.76,180.303147,25.687063,-76.43,44.150471,12843.531469,20160826_065621
1097,KTYX20160826_110134_V06,41,-0.110,215.40,182.349012,24.170021,-76.42,44.134161,12085.010645,20160826_070134
1097,KTYX20160826_110646_V06,46,0.000,217.68,183.556444,26.373590,-76.41,44.123981,13186.795236,20160826_070646
1097,KTYX20160826_111159_V06,51,0.000,219.95,184.763876,28.577160,-76.40,44.113801,14288.579827,20160826_071159
1097,KTYX20160826_111712_V06,57,0.000,222.68,186.212794,31.221443,-76.39,44.101585,15610.721336,20160826_071712
1097,KTYX20160826_112225_V06,62,0.000,224.95,187.420226,33.425012,-76.38,44.091403,16712.505927,20160826_072225
1097,KTYX20160826_112737_V06,67,0.000,227.22,188.627658,35.628581,-76.38,44.081222,17814.290518,20160826_072737
1097,KTYX20160826_113250_V06,72,0.000,229.50,189.835090,37.832150,-76.37,44.071039,18916.075109,20160826_073250
1097,KTYX20160826_113803_V06,78,0.000,232.22,191.284008,40.476433,-76.36,44.058820,20238.216618,20160826_073803
1097,KTYX20160826_114315_V06,83,0.000,234.50,192.491440,42.680002,-76.35,44.048637,21340.001209,20160826_074315
1097,KTYX20160826_114828_V06,88,0.000,236.77,193.698872,44.883572,-76.34,44.038453,22441.785800,20160826_074828
1097,KTYX20160826_115341_V06,93,-0.263,241.55,180.821180,53.390522,-76.42,44.016465,26695.260831,20160826_075341
1100-1103,KTYX20160827_100900_V06,-12,-0.161,452.60,125.350000,8.750000,-76.75,43.064002,4375.000000,20160827_060900
1100-1103,KTYX20160827_101413_V06,-7,-0.328,451.88,126.600928,19.705009,-76.74,43.067309,9852.504638,20160827_061413
1100-1103,KTYX20160827_101926_V06,-2,-0.186,448.38,127.282167,26.953324,-76.74,43.083094,13476.661958,20160827_061926
1100-1103,KTYX20160827_102440_V06,3,-0.308,440.63,127.531917,26.706529,-76.74,43.117985,13353.264330,20160827_062440
1100-1103,KTYX20160827_103506_V06,14,-0.291,459.70,141.400000,32.200000,-76.65,43.032938,16100.000000,20160827_063506
1100-1103,KTYX20160827_104019_V06,19,-0.526,459.49,141.400000,42.808403,-76.65,43.033875,21404.201681,20160827_064019
1105,KTYX20160828_102145_V06,-1,0.386,443.60,152.600000,32.700000,-76.59,43.105961,16350.000000,20160828_062145
1105,KTYX20160828_103123_V06,9,0.505,445.81,155.426667,48.958667,-76.57,43.096134,24479.333333,20160828_063123
1105,KTYX20160828_104101_V06,19,0.209,448.26,155.891326,58.547593,-76.56,43.085146,29273.796294,20160828_064101
1107,KTYX20160829_101557_V06,-8,0.355,284.80,261.800000,9.400000,-75.92,43.823985,4700.000000,20160829_061557
1107,KTYX20160829_102534_V06,2,0.395,284.89,267.207251,14.994435,-75.88,43.823648,7497.217538,20160829_062534
1107,KTYX20160829_103510_V06,12,0.037,291.38,265.481714,21.668074,-75.89,43.794437,10834.037169,20160829_063510
1109,KTYX20160829_103510_V06,12,0.840,476.85,137.750000,44.850000,-76.67,42.955563,22425.000000,20160829_063510
1109,KTYX20160829_104447_V06,21,0.867,480.06,143.014026,56.803465,-76.64,42.941412,28401.732673,20160829_064447
1109,KTYX20160829_105425_V06,31,0.838,490.23,150.367439,62.938121,-76.60,42.895986,31469.060475,20160829_065425
1111,KTYX20160830_101432_V06,-10,0.039,274.45,263.300000,11.900000,-75.91,43.870580,5950.000000,20160830_061432
1111,KTYX20160830_102410_V06,0,0.193,275.30,267.146414,14.748101,-75.88,43.866801,7374.050633,20160830_062410
1111,KTYX20160830_103348_V06,9,-0.148,287.99,262.987184,23.333807,-75.91,43.809659,11666.903366,20160830_063348
1111,KTYX20160830_104326_V06,19,0.000,301.33,258.833605,32.571575,-75.94,43.749560,16285.787519,20160830_064326
1111,KTYX20160830_105304_V06,29,0.000,314.67,254.680027,41.809343,-75.96,43.689455,20904.671671,20160830_065304
1111,KTYX20160830_110241_V06,38,0.000,326.68,250.941806,50.123335,-75.98,43.635355,25061.667408,20160830_070241
1111,KTYX20160830_111220_V06,48,0.000,340.02,246.788228,59.361103,-76.01,43.575237,29680.551561,20160830_071220
1111,KTYX20160830_121008_V06,106,-0.221,291.82,90.118960,56.979108,-76.98,43.785229,28489.553824,20160830_081008
1114,KTYX20160830_103348_V06,9,0.800,459.50,134.900000,49.000000,-76.69,43.033489,24500.000000,20160830_063348
1114,KTYX20160830_104326_V06,19,0.797,457.00,133.155338,58.129004,-76.70,43.044639,29064.501779,20160830_064326
1114,KTYX20160830_105304_V06,29,0.714,450.37,143.529088,59.445706,-76.64,43.075048,29722.853042,20160830_065304
1118,KTYX20160901_102348_V06,-3,0.589,278.80,260.550000,12.250000,-75.93,43.850969,6125.000000,20160901_062348
1118,KTYX20160901_102901_V06,3,0.608,283.29,257.854054,22.443243,-75.94,43.830712,11221.621622,20160901_062901
1118,KTYX20160901_103413_V06,8,0.575,290.52,257.554898,24.847877,-75.94,43.798208,12423.938533,20160901_063413
1118,KTYX20160901_103925_V06,13,0.386,293.26,256.110320,25.976460,-75.95,43.785855,12988.230104,20160901_063925
1118,KTYX20160901_104438_V06,18,0.000,296.51,254.791520,27.311092,-75.96,43.771207,13655.546203,20160901_064438
1118,KTYX20160901_104951_V06,23,0.000,299.76,253.472719,28.645725,-75.97,43.756559,14322.862303,20160901_064951
1118,KTYX20160901_105504_V06,29,0.000,303.66,251.890159,30.247283,-75.98,43.738980,15123.641622,20160901_065504
1118,KTYX20160901_110016_V06,34,0.000,306.91,250.571358,31.581915,-75.99,43.724331,15790.957721,20160901_070016
1118,KTYX20160901_110528_V06,39,0.000,310.16,249.252558,32.916548,-75.99,43.709681,16458.273820,20160901_070528
1118,KTYX20160901_111042_V06,44,0.000,313.41,247.933757,34.251180,-76.00,43.695030,17125.589920,20160901_071042
1118,KTYX20160901_111555_V06,49,0.000,316.66,246.614957,35.585812,-76.01,43.680379,17792.906019,20160901_071555
1118,KTYX20160901_112107_V06,55,0.000,320.56,245.032396,37.187371,-76.02,43.662796,18593.685338,20160901_072107
1118,KTYX20160901_112621_V06,60,0.000,323.81,243.713596,38.522003,-76.03,43.648144,19261.001437,20160901_072621
1118,KTYX20160901_113133_V06,65,0.000,327.06,242.394795,39.856635,-76.04,43.633490,19928.317536,20160901_073133
1118,KTYX20160901_113647_V06,70,0.000,330.31,241.075994,41.191267,-76.05,43.618836,20595.633636,20160901_073647
1118,KTYX20160901_114159_V06,75,0.000,333.56,239.757194,42.525899,-76.05,43.604182,21262.949735,20160901_074159
1118,KTYX20160901_114712_V06,81,0.000,337.46,238.174633,44.127458,-76.06,43.586596,22063.729054,20160901_074712
1118,KTYX20160901_121829_V06,112,0.145,318.81,296.633782,52.350013,-75.70,43.671182,26175.006348,20160901_081829
1118,KTYX20160901_122342_V06,117,0.178,314.51,294.171512,52.317777,-75.72,43.690524,26158.888576,20160901_082342
1119,KTYX20160901_102348_V06,-3,0.874,465.80,127.350000,29.850000,-76.74,43.004714,14925.000000,20160901_062348
1119,KTYX20160901_102901_V06,3,1.068,466.76,123.132609,34.702174,-76.76,43.000165,17351.086957,20160901_062901
1119,KTYX20160901_103413_V06,8,1.079,470.66,122.723469,44.374246,-76.77,42.982595,22187.122965,20160901_063413
1119,KTYX20160901_103925_V06,13,1.082,466.64,128.003986,45.646373,-76.73,43.000985,22823.186552,20160901_063925
1119,KTYX20160901_104438_V06,18,1.073,470.10,127.781155,49.722967,-76.74,42.985378,24861.483332,20160901_064438
1119,KTYX20160901_104951_V06,23,1.019,476.84,131.191577,54.424271,-76.71,42.955265,27212.135563,20160901_064951
1119,KTYX20160901_105504_V06,29,1.015,473.28,132.261609,63.391393,-76.71,42.971315,31695.696426,20160901_065504
1124,KTYX20160902_102113_V06,-6,0.539,277.10,261.500000,15.700000,-75.92,43.858632,7850.000000,20160902_062113
1124,KTYX20160902_103050_V06,3,0.543,283.62,257.859239,23.214674,-75.94,43.829219,11607.336957,20160902_063050
1124,KTYX20160902_104027_V06,13,0.140,294.42,243.770311,33.681624,-76.03,43.780392,16840.812155,20160902_064027
1125,KTYX20160902_102113_V06,-6,1.013,462.20,118.250000,22.950000,-76.79,43.020380,11475.000000,20160902_062113
1125,KTYX20160902_103050_V06,3,1.110,468.40,119.135747,29.535068,-76.79,42.992531,14767.533937,20160902_063050
1125,KTYX20160902_104027_V06,13,1.106,475.00,116.065404,43.230598,-76.81,42.962648,21615.298829,20160902_064027
1125,KTYX20160902_105005_V06,23,1.110,479.26,115.643021,49.370174,-76.81,42.943465,24685.086842,20160902_065005
1125,KTYX20160902_105942_V06,32,1.093,483.94,118.367098,58.661808,-76.79,42.922546,29330.904146,20160902_065942
1125,KTYX20160902_110918_V06,42,1.006,487.99,104.474456,62.584424,-76.88,42.903450,31292.212031,20160902_070918
1130,KTYX20160903_102128_V06,-8,0.691,275.35,263.250000,11.850000,-75.91,43.866529,5925.000000,20160903_062128
1130,KTYX20160903_103106_V06,2,0.796,278.48,255.685455,17.216364,-75.96,43.852332,8608.181818,20160903_063106
1130,KTYX20160903_104044_V06,11,0.763,289.80,258.050723,24.910048,-75.94,43.801418,12455.023898,20160903_064044
1134,KTYX20160903_104044_V06,11,0.700,466.25,125.450000,29.650000,-76.75,43.002580,14825.000000,20160903_064044
1134,KTYX20160903_105023_V06,21,0.706,467.14,113.540994,48.284169,-76.82,42.997881,24142.084494,20160903_065023
1134,KTYX20160903_110002_V06,31,0.699,462.13,109.609034,52.135580,-76.85,43.020149,26067.790140,20160903_070002
1134,KTYX20160903_110940_V06,40,0.665,460.88,106.978805,55.800430,-76.86,43.025603,27900.215187,20160903_070940
1134,KTYX20160903_111919_V06,50,0.314,459.00,98.415530,57.147441,-76.92,43.033510,28573.720725,20160903_071919
1134,KTYX20160903_112858_V06,59,0.287,453.37,96.313235,57.109748,-76.93,43.058725,28554.874154,20160903_072858
1134,KTYX20160903_113836_V06,69,0.264,453.27,93.440377,61.400610,-76.95,43.058950,30700.304910,20160903_073836
1135,KTYX20160903_105023_V06,21,0.269,472.75,47.200000,34.900000,-77.23,42.967788,17450.000000,20160903_065023
1135,KTYX20160903_110002_V06,31,0.313,466.19,48.321473,38.930564,-77.22,42.997411,19465.282132,20160903_070002
1135,KTYX20160903_110940_V06,40,0.078,473.28,47.486230,42.069250,-77.23,42.965442,21034.625201,20160903_070940
1137,KTYX20160904_102836_V06,-2,0.283,283.25,261.450000,15.550000,-75.92,43.830956,7775.000000,20160904_062836
1137,KTYX20160904_103815_V06,8,0.464,289.33,260.344948,19.768925,-75.93,43.803591,9884.462711,20160904_063815
1137,KTYX20160904_104754_V06,17,0.471,290.45,259.400240,18.626350,-75.93,43.798529,9313.174764,20160904_064754
1140,KTYX20160905_102927_V06,-2,0.060,276.80,262.100000,16.000000,-75.92,43.859990,8000.000000,20160905_062927
1140,KTYX20160905_103905_V06,8,-0.387,280.64,260.855122,33.014493,-75.92,43.842691,16507.246377,20160905_063905
1143,KTYX20160905_104843_V06,17,-0.241,205.40,522.750000,24.350000,-74.29,44.173081,12175.000000,20160905_064843
1143,KTYX20160905_105820_V06,27,-0.548,206.17,530.715932,36.320942,-74.24,44.169002,18160.470942,20160905_065820
1145,KTYX20160906_101926_V06,-13,0.212,454.65,131.400000,12.100000,-76.71,43.055121,6050.000000,20160906_061926
1145,KTYX20160906_102904_V06,-3,0.367,459.93,133.427580,23.680961,-76.70,43.031467,11840.480427,20160906_062904
1145,KTYX20160906_103841_V06,6,-0.056,470.94,143.966987,43.504522,-76.64,42.982482,21752.260986,20160906_063841
1148,KTYX20160906_102904_V06,-3,0.178,270.60,267.400000,9.500000,-75.88,43.887953,4750.000000,20160906_062904
1148,KTYX20160906_103841_V06,6,0.276,287.24,263.979947,22.002739,-75.90,43.813036,11001.369258,20160906_063841
1150,KTYX20160906_105758_V06,25,-0.210,214.15,479.450000,57.850000,-74.56,44.136677,28925.000000,20160906_065758
1150,KTYX20160906_110736_V06,35,-0.538,224.89,488.521357,72.393413,-74.50,44.087799,36196.706587,20160906_070736
1165,KTYX20160909_102925_V06,-6,-0.018,283.25,267.100000,16.100000,-75.88,43.831024,8050.000000,20160909_062925
1165,KTYX20160909_103901_V06,4,0.097,289.54,254.327792,23.988303,-75.96,43.802536,11994.151275,20160909_063901
1165,KTYX20160909_104839_V06,13,-0.367,284.05,252.059838,44.397067,-75.98,43.827224,22198.533623,20160909_064839
1165,KTYX20160909_105816_V06,23,-0.381,292.91,241.669924,43.476317,-76.04,43.787149,21738.158303,20160909_065816
1165,KTYX20160909_110751_V06,32,-0.406,287.55,228.764942,55.033709,-76.12,43.811006,27516.854453,20160909_070751
1183,KTYX20160912_103529_V06,-4,0.076,285.65,251.200000,11.600000,-75.98,43.820005,5800.000000,20160912_063529
1183,KTYX20160912_104507_V06,6,0.163,290.14,251.160300,17.598502,-75.98,43.799816,8799.250936,20160912_064507
1183,KTYX20160912_105446_V06,15,0.075,295.24,251.148113,24.051374,-75.98,43.776863,12025.686913,20160912_065446
1183,KTYX20160912_110424_V06,25,0.163,298.01,245.859548,22.015896,-76.02,43.764292,11007.948220,20160912_070424
1183,KTYX20160912_111402_V06,35,0.000,301.12,241.212590,21.100740,-76.04,43.750213,10550.369863,20160912_071402
1183,KTYX20160912_112339_V06,44,-0.191,301.78,235.504074,26.045627,-76.08,43.747137,13022.813605,20160912_072339
1183,KTYX20160912_113317_V06,54,0.000,303.59,229.936617,28.609523,-76.11,43.738831,14304.761728,20160912_073317
1183,KTYX20160912_114255_V06,63,0.000,305.23,224.925907,30.917030,-76.15,43.731346,15458.515039,20160912_074255
1183,KTYX20160912_115233_V06,73,0.000,307.05,219.358451,33.480926,-76.18,43.723020,16740.463162,20160912_075233
1183,KTYX20160912_120210_V06,83,0.000,308.87,213.790994,36.044823,-76.21,43.714684,18022.411286,20160912_080210
1183,KTYX20160912_121148_V06,92,-0.215,306.11,218.020692,52.704479,-76.19,43.727184,26352.239595,20160912_081148
1185,KTYX20160912_105446_V06,15,0.199,431.30,134.100000,23.500000,-76.70,43.160350,11750.000000,20160912_065446
1185,KTYX20160912_110424_V06,25,-0.007,433.86,134.004043,39.592939,-76.70,43.148830,19796.469523,20160912_070424
1187,KTYX20160913_103717_V06,-3,-0.076,210.70,181.150000,12.150000,-76.42,44.155275,6075.000000,20160913_063717
1191,KTYX20160914_103509_V06,-6,-0.330,267.90,342.900000,16.000000,-75.41,43.899972,8000.000000,20160914_063509
1191,KTYX20160914_104049_V06,-1,-0.653,270.19,342.949679,28.531250,-75.41,43.889687,14265.625000,20160914_064049
1191,KTYX20160914_104630_V06,5,0.000,272.40,342.997756,43.793750,-75.41,43.879735,21896.875000,20160914_064630
1191,KTYX20160914_105210_V06,11,-0.665,274.51,348.260782,51.718045,-75.38,43.870151,25859.022296,20160914_065210
1197,KTYX20160914_105750_V06,16,0.474,287.20,371.550000,22.250000,-75.24,43.812567,11125.000000,20160914_065750
1197,KTYX20160914_110330_V06,22,0.434,286.41,380.371221,27.431105,-75.18,43.815912,13715.552326,20160914_070330
1201,KTYX20160915_103811_V06,-4,0.202,285.55,258.500000,9.300000,-75.94,43.820566,4650.000000,20160915_063811
1201,KTYX20160915_104749_V06,5,-0.026,283.17,257.835488,23.325617,-75.94,43.831253,11662.808461,20160915_064749
1201,KTYX20160915_105725_V06,15,0.414,290.51,250.309644,28.844652,-75.99,43.798099,14422.325975,20160915_065725
1201,KTYX20160915_110703_V06,25,0.313,287.10,253.150542,30.667128,-75.97,43.813514,15333.563899,20160915_070703
1201,KTYX20160915_111641_V06,34,0.091,286.56,250.610504,32.493311,-75.99,43.815892,16246.655647,20160915_071641
1203,KTYX20160915_105725_V06,15,0.793,457.70,125.600000,23.500000,-76.75,43.041065,11750.000000,20160915_065725
1203,KTYX20160915_110703_V06,25,0.980,465.66,125.501761,40.283133,-76.75,43.005250,20141.566265,20160915_070703
1203,KTYX20160915_111641_V06,34,0.968,471.31,120.993100,52.483358,-76.78,42.979544,26241.679242,20160915_071641
1203,KTYX20160915_112619_V06,44,0.967,463.71,125.771534,50.278253,-76.75,43.014017,25139.126659,20160915_072619
1203,KTYX20160915_113557_V06,53,0.941,471.56,130.291033,59.185546,-76.72,42.978971,29592.772865,20160915_073557
1204,KTYX20160916_101735_V06,-26,-0.293,211.65,180.400000,15.300000,-76.43,44.150970,7650.000000,20160916_061735
1204,KTYX20160916_102714_V06,-16,-0.595,208.63,182.240278,32.099603,-76.42,44.164648,16049.801587,20160916_062714
1205,KTYX20160916_103653_V06,-7,0.446,443.65,125.550000,9.350000,-76.75,43.104290,4675.000000,20160916_063653
1205,KTYX20160916_104631_V06,3,0.486,437.80,131.438889,26.478697,-76.72,43.130936,13239.348521,20160916_064631
1207,KTYX20160916_103653_V06,-7,0.017,287.20,246.000000,11.900000,-76.02,43.812939,5950.000000,20160916_063653
1207,KTYX20160916_104631_V06,3,-0.043,290.50,245.271597,20.065576,-76.02,43.798097,10032.787958,20160916_064631
1207,KTYX20160916_105610_V06,13,-0.153,288.62,249.849602,24.863486,-75.99,43.806613,12431.743010,20160916_065610
1207,KTYX20160916_110550_V06,22,-0.151,278.44,244.397597,33.358162,-76.03,43.852336,16679.080942,20160916_070550
1207,KTYX20160916_111527_V06,32,-0.187,280.02,251.406400,46.442642,-75.98,43.845340,23221.321134,20160916_071527
1221,KTYX20160920_102146_V06,-27,-0.153,211.00,181.900000,15.400000,-76.42,44.153956,7700.000000,20160920_062146
1221,KTYX20160920_103123_V06,-17,-0.061,213.19,180.899274,21.923602,-76.42,44.144044,10961.801017,20160920_063123
1221,KTYX20160920_104101_V06,-7,-0.293,226.90,186.333906,29.332837,-76.39,44.082577,14666.418411,20160920_064101
1221,KTYX20160920_105039_V06,2,-0.422,222.35,183.556541,28.856119,-76.41,44.102932,14428.059293,20160920_065039
1224,KTYX20160920_110954_V06,21,0.190,321.00,65.200000,33.300000,-77.14,43.652051,16650.000000,20160920_070954
1224,KTYX20160920_111932_V06,31,-0.235,316.03,61.035516,44.308381,-77.16,43.674078,22154.190676,20160920_071932
1225,KTYX20160921_103550_V06,-14,-0.329,211.95,179.150000,15.750000,-76.44,44.149569,7875.000000,20160921_063550
1225,KTYX20160921_104528_V06,-4,-0.613,210.61,180.650000,32.355263,-76.43,44.155670,16177.631579,20160921_064528
1226-1228,KTYX20160921_104528_V06,-4,-0.110,306.30,250.700000,12.400000,-75.99,43.727069,6200.000000,20160921_064528
1226-1228,KTYX20160921_105505_V06,6,-0.524,311.36,248.169782,31.324835,-76.00,43.704254,15662.417471,20160921_065505
1226-1228,KTYX20160921_110442_V06,15,-0.548,311.18,251.633745,34.052531,-75.98,43.705121,17026.265580,20160921_070442
1227,KTYX20160921_104528_V06,-4,0.208,456.00,132.600000,16.700000,-76.71,43.049113,8350.000000,20160921_064528
1227,KTYX20160921_105505_V06,6,-0.083,453.51,130.839203,32.606977,-76.72,43.060240,16303.488372,20160921_065505
1227,KTYX20160921_110442_V06,15,0.143,460.02,123.746223,33.561358,-76.76,43.030533,16780.678853,20160921_070442
1226-1228,KTYX20160921_111419_V06,25,-0.154,325.50,250.900000,12.300000,-75.98,43.640670,6150.000000,20160921_071419
1226-1228,KTYX20160921_112357_V06,34,-0.457,323.89,248.521868,31.447380,-76.00,43.647876,15723.690205,20160921_072357
1229,KTYX20160922_111455_V06,24,-0.230,211.90,174.100000,15.300000,-76.47,44.149582,7650.000000,20160922_071455
1229,KTYX20160922_112432_V06,34,-0.515,212.39,177.471501,28.085751,-76.45,44.147540,14042.875318,20160922_072432
1244,KTYX20160924_104443_V06,-8,0.818,461.30,135.100000,12.100000,-76.69,43.025399,6050.000000,20160924_064443
1244,KTYX20160924_105421_V06,2,0.958,470.24,133.863016,26.064093,-76.70,42.985079,13032.046679,20160924_065421
1244,KTYX20160924_110359_V06,11,0.967,469.28,137.705842,34.295130,-76.67,42.989640,17147.564819,20160924_070359
1244,KTYX20160924_111337_V06,21,0.955,470.82,139.129950,33.810396,-76.67,42.982755,16905.198110,20160924_071337
1244,KTYX20160924_112315_V06,31,0.946,469.05,141.241304,35.029536,-76.65,42.990871,17514.768163,20160924_072315
1244,KTYX20160924_113253_V06,40,0.938,470.88,144.178641,33.649346,-76.64,42.982759,16824.673128,20160924_073253
1244,KTYX20160924_114230_V06,50,0.871,470.97,141.037369,43.094245,-76.65,42.982213,21547.122672,20160924_074230
1244,KTYX20160924_115208_V06,60,0.595,477.24,121.086617,56.219153,-76.78,42.952871,28109.576580,20160924_075208
1244,KTYX20160924_120146_V06,69,0.610,486.34,128.511576,57.431221,-76.73,42.912324,28715.610743,20160924_080146
1244,KTYX20160924_121123_V06,79,0.623,481.70,120.571792,57.344946,-76.78,42.932755,28672.473036,20160924_081123
1244,KTYX20160924_122101_V06,89,0.578,475.23,122.974426,56.796795,-76.76,42.962021,28398.397565,20160924_082101
1247,KTYX20160924_105421_V06,2,0.127,308.75,236.100000,8.500000,-76.08,43.715766,4250.000000,20160924_065421
1247,KTYX20160924_110359_V06,11,0.122,315.20,236.140092,14.798618,-76.08,43.686719,7399.308756,20160924_070359
1247,KTYX20160924_111337_V06,21,-0.186,320.08,238.676599,20.541538,-76.06,43.664819,10270.768798,20160924_071337
1247,KTYX20160924_112315_V06,31,-0.246,317.09,240.284245,23.256877,-76.05,43.678325,11628.438571,20160924_072315
1247,KTYX20160924_113253_V06,40,-0.193,300.09,247.739640,28.268292,-76.00,43.754950,14134.146058,20160924_073253
1250,KTYX20160925_104732_V06,-6,0.216,461.20,133.350000,9.550000,-76.70,43.025753,4775.000000,20160925_064732
1250,KTYX20160925_105712_V06,4,0.000,461.20,133.350000,36.550000,-76.70,43.025753,18275.000000,20160925_065712
1250,KTYX20160925_110651_V06,13,0.303,472.69,137.621929,48.034214,-76.68,42.974277,24017.106926,20160925_070651
1250,KTYX20160925_111629_V06,23,0.078,486.71,132.172903,59.158482,-76.71,42.910896,29579.241118,20160925_071629
1250,KTYX20160925_112608_V06,33,0.003,484.60,131.811775,59.491289,-76.71,42.920367,29745.644726,20160925_072608
1250,KTYX20160925_113547_V06,42,-0.036,472.30,135.960116,57.573284,-76.69,42.975952,28786.642043,20160925_073547
1253,KTYX20160926_103123_V06,-24,0.136,211.10,181.400000,12.100000,-76.42,44.153486,6050.000000,20160926_063123
1253,KTYX20160926_104101_V06,-14,0.138,211.06,180.207074,19.331511,-76.43,44.153629,9665.755627,20160926_064101
1253,KTYX20160926_105039_V06,-5,0.004,213.57,187.322564,24.463319,-76.38,44.142597,12231.659679,20160926_065039
1253,KTYX20160926_110018_V06,5,-0.265,213.72,190.525654,24.642288,-76.36,44.142063,12321.143818,20160926_070018
1253,KTYX20160926_110956_V06,14,0.000,214.11,193.849599,25.426336,-76.34,44.140398,12713.167898,20160926_070956
1253,KTYX20160926_111934_V06,24,-0.279,219.84,194.299119,26.299926,-76.34,44.114657,13149.962943,20160926_071934
1253,KTYX20160926_112914_V06,34,0.000,223.27,196.154473,27.172465,-76.33,44.099269,13586.232392,20160926_072914
1253,KTYX20160926_113852_V06,43,0.000,226.36,197.824291,27.957750,-76.32,44.085418,13978.874896,20160926_073852
1253,KTYX20160926_114832_V06,53,0.000,229.80,199.679645,28.830289,-76.31,44.070027,14415.144345,20160926_074832
1253,KTYX20160926_115810_V06,63,0.000,233.23,201.534998,29.702828,-76.29,44.054635,14851.413794,20160926_075810
1253,KTYX20160926_120749_V06,72,-0.276,237.90,185.654291,46.350930,-76.39,44.033086,23175.464857,20160926_080749
1265,KTYX20160928_104945_V06,-8,0.182,212.15,181.000000,12.300000,-76.42,44.148745,6150.000000,20160928_064945
1265,KTYX20160928_105923_V06,2,-0.038,211.35,180.766813,23.942992,-76.43,44.152333,11971.495915,20160928_065923
1265,KTYX20160928_110901_V06,12,-0.013,216.41,185.290681,22.971327,-76.40,44.129749,11485.663675,20160928_070901
1265,KTYX20160928_111839_V06,21,-0.148,202.39,180.536476,23.231629,-76.43,44.192664,11615.814445,20160928_071839
1265,KTYX20160928_112816_V06,31,-0.124,218.16,185.398011,23.643116,-76.40,44.121856,11821.557862,20160928_072816
1265,KTYX20160928_113754_V06,40,-0.107,212.72,179.421628,24.635507,-76.43,44.146105,12317.753632,20160928_073754
1265,KTYX20160928_114731_V06,50,0.000,209.75,174.585877,25.611879,-76.46,44.159256,12805.939436,20160928_074731
1265,KTYX20160928_115708_V06,60,-0.262,194.07,177.526309,29.758796,-76.45,44.229972,14879.397784,20160928_075708
1313,KTYX20161017_111642_V06,-4,0.363,181.60,213.500000,32.000000,-76.22,44.287346,16000.000000,20161017_071642
1314,KTYX20161017_111642_V06,-4,0.316,178.00,308.300000,26.600000,-75.63,44.304810,13300.000000,20161017_071642
1315,KTYX20161019_113739_V06,15,-0.254,179.00,348.450000,31.450000,-75.38,44.299921,15725.000000,20161019_073739
1315,KTYX20161019_114716_V06,25,-0.539,177.26,349.522332,51.372610,-75.37,44.307744,25686.305008,20161019_074716
1316,KTYX20161019_113739_V06,15,-0.049,205.35,213.300000,23.700000,-76.22,44.180473,11850.000000,20161019_073739
1317-1320,KTYX20161020_105541_V06,-28,0.072,279.35,103.600000,57.000000,-76.90,43.842240,28500.000000,20161020_065541
1318-1320,KTYX20161020_110106_V06,-22,0.464,271.80,111.800000,50.700000,-76.85,43.876744,25350.000000,20161020_070106
1319-1320,KTYX20161020_110633_V06,-17,0.499,260.05,132.100000,48.000000,-76.73,43.930835,24000.000000,20161020_070633
1317-1320,KTYX20161020_111159_V06,-12,0.040,273.05,141.300000,55.800000,-76.67,43.872849,27900.000000,20161020_071159
1323,KTYX20161020_111739_V06,-6,0.049,243.30,163.750000,48.150000,-76.53,44.007834,24075.000000,20161020_071739
1323,KTYX20161020_112305_V06,0,0.133,249.39,166.989216,57.157843,-76.51,43.980561,28578.921569,20161020_072305
1324,KTYX20161020_112831_V06,5,0.194,241.10,192.400000,45.700000,-76.35,44.018919,22850.000000,20161020_072831
1324,KTYX20161020_113357_V06,10,0.161,237.02,198.589329,52.743890,-76.31,44.037505,26371.944923,20161020_073357
1324,KTYX20161020_113923_V06,16,-0.196,238.38,207.530051,58.809225,-76.26,44.031691,29404.612573,20161020_073923
1337,KTYX20161022_115204_V06,26,0.625,405.95,389.800000,16.700000,-75.13,43.277674,8350.000000,20161022_075204
1394,KTYX20161031_113403_V06,-4,0.552,258.55,275.800000,8.700000,-75.83,43.942259,4350.000000,20161031_073403
1399,KTYX20161104_112354_V06,-20,-0.016,310.65,414.950000,59.750000,-74.97,43.705678,29875.000000,20161104_072354
1404,KTYX20161106_114102_V06,-4,0.586,258.90,275.700000,9.000000,-75.83,43.940683,4500.000000,20161106_064102
1406,KTYX20161106_120956_V06,24,0.288,332.00,400.400000,27.800000,-75.06,43.610129,13900.000000,20161106_070956
1410,KTYX20161111_112341_V06,-29,0.233,216.60,331.550000,34.950000,-75.48,44.130961,17475.000000,20161111_062341
1410,KTYX20161111_112852_V06,-24,0.134,219.44,334.005669,43.155669,-75.47,44.118160,21577.834302,20161111_062852
1410,KTYX20161111_113404_V06,-18,0.000,222.19,336.382122,54.232122,-75.45,44.105770,27116.061047,20161111_063404
1410,KTYX20161111_113916_V06,-13,-0.070,222.51,344.680830,58.137545,-75.40,44.104190,29068.772598,20161111_063916
1451,KTYX20161116_113210_V06,-26,0.175,244.40,366.250000,29.950000,-75.27,44.005288,14975.000000,20161116_063210
1460,KTYX20161118_113935_V06,-22,0.058,211.30,180.750000,12.150000,-76.43,44.152559,6075.000000,20161118_063935
1460,KTYX20161118_114914_V06,-12,-0.370,208.38,183.373232,24.588384,-76.41,44.165793,12294.191919,20161118_064914
1461,KTYX20161118_114914_V06,-12,0.247,453.35,197.950000,16.750000,-76.31,43.063962,8375.000000,20161118_064914
1462,KTYX20161118_114914_V06,-12,-0.018,461.60,355.900000,8.500000,-75.34,43.028041,4250.000000,20161118_064914
1463,KTYX20161118_114914_V06,-12,-0.383,458.70,241.950000,12.050000,-76.04,43.041053,6025.000000,20161118_064914
1463,KTYX20161118_115853_V06,-3,-0.640,461.88,237.411285,29.852471,-76.06,43.026663,14926.235585,20161118_065853
1466,KTYX20161119_114503_V06,-17,0.255,211.00,180.500000,12.100000,-76.43,44.153899,6050.000000,20161119_064503
1466,KTYX20161119_115442_V06,-8,0.195,211.12,180.870038,16.705766,-76.42,44.153359,8352.882798,20161119_065442
1466,KTYX20161119_120419_V06,2,0.019,209.87,180.789874,16.995766,-76.43,44.159000,8497.882791,20161119_070419
1466,KTYX20161119_121357_V06,11,-0.148,204.75,178.329047,24.114788,-76.44,44.181915,12057.393909,20161119_071357
1466,KTYX20161119_122336_V06,21,-0.165,204.57,178.634795,25.814785,-76.44,44.182776,12907.392621,20161119_072336
1466,KTYX20161119_123313_V06,31,0.000,203.55,178.488078,28.393053,-76.44,44.187337,14196.526449,20161119_073313
1466,KTYX20161119_124252_V06,40,-0.226,193.98,179.076917,29.731445,-76.44,44.230436,14865.722502,20161119_074252
1492,KTYX20161125_123655_V06,26,0.020,205.60,132.750000,35.550000,-76.73,44.175866,17775.000000,20161125_073655
1492,KTYX20161125_124632_V06,36,0.027,204.97,148.408190,39.756432,-76.63,44.179570,19878.216156,20161125_074632
1492,KTYX20161125_125609_V06,46,-0.054,199.45,149.140963,37.217218,-76.62,44.204437,18608.608873,20161125_075609
1492,KTYX20161125_130546_V06,55,-0.295,194.98,154.105435,35.501677,-76.59,44.224794,17750.838396,20161125_080546
1492,KTYX20161125_131522_V06,65,-0.273,203.90,163.705037,48.502985,-76.53,44.185115,24251.492263,20161125_081522
1492,KTYX20161125_132458_V06,74,-0.344,203.55,174.500778,54.548366,-76.46,44.187186,27274.182786,20161125_082458
1492,KTYX20161125_133436_V06,84,0.000,204.49,185.863826,61.975499,-76.39,44.183385,30987.749692,20161125_083436
1492,KTYX20161125_134413_V06,94,-0.241,223.26,202.288805,57.462292,-76.29,44.099544,28731.145963,20161125_084413
1492,KTYX20161125_135352_V06,103,-0.342,231.74,191.685820,60.994901,-76.36,44.061026,30497.450617,20161125_085352
1539,KTYX20161129_123740_V06,23,-0.059,193.65,348.650000,23.750000,-75.38,44.233997,11875.000000,20161129_073740
1593,KTYX20161203_124938_V06,30,-0.202,203.60,325.950000,31.050000,-75.52,44.189513,15525.000000,20161203_074938
1593,KTYX20161203_125917_V06,40,-0.250,206.32,333.659091,49.721429,-75.47,44.177201,24860.714286,20161203_075917
1593,KTYX20161203_130857_V06,49,-0.478,209.89,350.827913,52.337513,-75.36,44.160887,26168.756461,20161203_080857
1593,KTYX20161203_131837_V06,59,-0.523,197.33,348.760852,51.557699,-75.37,44.217437,25778.849748,20161203_081837
1629,KTYX20161207_115422_V06,-29,0.207,231.00,325.600000,28.600000,-75.52,44.066220,14300.000000,20161207_065422
1633,KTYX20161207_115938_V06,-24,0.520,225.15,339.700000,27.000000,-75.43,44.092388,13500.000000,20161207_065938
1640-1645-1644-1646,KTYX20161207_123106_V06,8,0.198,260.30,340.650000,9.350000,-75.43,43.934203,4675.000000,20161207_073106
1640-1645-1644-1646,KTYX20161207_123621_V06,13,0.360,256.18,345.848364,20.060634,-75.39,43.952670,10030.316973,20161207_073621
1666-1671,KTYX20161209_115644_V06,-29,-0.242,173.80,345.250000,22.650000,-75.40,44.323371,11325.000000,20161209_065644
1666-1671,KTYX20161209_120200_V06,-23,-0.442,176.67,343.430567,36.248381,-75.41,44.310467,18124.190283,20161209_070200
1667-1671,KTYX20161209_115644_V06,-29,-0.189,185.40,306.800000,24.100000,-75.64,44.271516,12050.000000,20161209_065644
1667-1671,KTYX20161209_120200_V06,-23,-0.325,185.12,307.466079,33.602203,-75.63,44.272763,16801.101322,20161209_070200
1666-1671,KTYX20161209_121746_V06,-8,0.155,189.10,365.450000,23.350000,-75.27,44.254144,11675.000000,20161209_071746
1672,KTYX20161209_122814_V06,3,0.505,178.25,324.350000,24.750000,-75.53,44.303595,12375.000000,20161209_072814
1672,KTYX20161209_123328_V06,8,0.499,179.16,325.994470,30.027652,-75.52,44.299488,15013.826185,20161209_073328
1672,KTYX20161209_123843_V06,13,0.178,180.18,334.303869,33.066095,-75.47,44.294814,16533.047703,20161209_073843
1672,KTYX20161209_124358_V06,18,0.433,185.23,344.292699,32.247648,-75.40,44.271971,16123.824075,20161209_074358
1672,KTYX20161209_124912_V06,24,0.394,184.69,342.926509,32.175773,-75.41,44.274386,16087.886369,20161209_074912
1672,KTYX20161209_125426_V06,29,0.000,184.92,343.428224,32.209568,-75.41,44.273346,16104.784207,20161209_075426
1672,KTYX20161209_125941_V06,34,0.000,185.15,343.929940,32.243364,-75.40,44.272307,16121.682044,20161209_075941
1672,KTYX20161209_130455_V06,39,0.000,185.38,344.431656,32.277160,-75.40,44.271268,16138.579882,20161209_080455
1672,KTYX20161209_131009_V06,45,0.099,189.78,339.492853,33.578866,-75.43,44.251545,16789.432926,20161209_081009
1731,KTYX20161224_120817_V06,-26,0.425,231.10,334.000000,34.400000,-75.47,44.065685,17200.000000,20161224_070817
1731,KTYX20161224_121332_V06,-21,0.426,228.23,340.495504,39.453058,-75.43,44.078524,19726.528777,20161224_071332
1735,KTYX20161224_121332_V06,-21,-0.235,305.35,245.850000,26.750000,-76.02,43.731260,13375.000000,20161224_071332
1735,KTYX20161224_121844_V06,-16,0.000,305.35,245.850000,40.250000,-76.02,43.731260,20125.000000,20161224_071844
1735,KTYX20161224_122357_V06,-11,-0.529,308.73,247.505888,48.566351,-76.01,43.716062,24283.175717,20161224_072357
1760,KTYX20161226_122639_V06,-9,-0.126,48.05,258.150000,59.150000,-75.94,44.889226,29575.000000,20161226_072639
