track_id,filename,from_sunrise,det_score,x,y,r,lon,lat,radius,local_time
1,KFWS20160717_110649_V06,-28,0.968,439.57,213.660767,20.947052,-96.56,32.959831,10473.526001,20160717_060649
1,KFWS20160717_110958_V06,-25,0.859,440.06,211.768983,24.451130,-96.55,32.968344,12225.565190,20160717_060958
1,KFWS20160717_111307_V06,-21,0.895,442.39,206.012757,26.446328,-96.54,32.994219,13223.163770,20160717_061307
1,KFWS20160717_111617_V06,-18,0.857,442.35,205.447670,26.666889,-96.54,32.996768,13333.444619,20160717_061617
1,KFWS20160717_111926_V06,-15,0.860,442.08,207.621832,27.545724,-96.54,32.986975,13772.861788,20160717_061926
1,KFWS20160717_112236_V06,-12,0.735,440.25,207.743604,28.063033,-96.55,32.986485,14031.516589,20160717_062236
1,KFWS20160717_112545_V06,-9,0.818,442.98,204.853281,28.684271,-96.54,32.999427,14342.135498,20160717_062545
1,KFWS20160717_112854_V06,-6,0.897,440.38,206.787262,34.077038,-96.55,32.990792,17038.518881,20160717_062854
1,KFWS20160717_113203_V06,-2,0.838,438.65,205.138488,37.235941,-96.56,32.998280,18617.970276,20160717_063203
1,KFWS20160717_113513_V06,1,0.913,436.71,202.035305,39.681500,-96.57,33.012330,19840.749858,20160717_063513
1,KFWS20160717_113822_V06,4,0.817,437.76,199.198128,42.172139,-96.57,33.025088,21086.069280,20160717_063822
1,KFWS20160717_114131_V06,7,0.957,436.09,198.612636,44.556570,-96.57,33.027780,22278.285087,20160717_064131
1,KFWS20160717_114440_V06,10,0.940,440.56,196.146236,49.245563,-96.55,33.038758,24622.781369,20160717_064440
1,KFWS20160717_114750_V06,13,0.898,439.53,192.761577,52.292857,-96.56,33.054049,26146.428658,20160717_064750
1,KFWS20160717_115059_V06,16,0.808,438.65,189.018679,54.478386,-96.56,33.070951,27239.193244,20160717_065059
23,KFWS20160717_113822_V06,4,0.454,319.80,502.906128,15.473717,-97.20,31.657829,7736.858368,20160717_063822
23,KFWS20160717_114131_V06,7,0.536,319.98,502.808284,19.997969,-97.20,31.658269,9998.984543,20160717_064131
23,KFWS20160717_114440_V06,10,0.489,320.12,503.171243,23.875711,-97.20,31.656632,11937.855635,20160717_064440
23,KFWS20160717_114750_V06,13,0.168,319.97,501.468345,25.106421,-97.20,31.664311,12553.210653,20160717_064750
23,KFWS20160717_115059_V06,16,0.501,320.44,493.600336,28.852728,-97.19,31.699789,14426.364145,20160717_065059
23,KFWS20160717_115408_V06,20,0.533,318.35,488.192377,31.489704,-97.21,31.724184,15744.852169,20160717_065408
23,KFWS20160717_115717_V06,23,0.123,319.82,488.310877,34.061555,-97.20,31.723643,17030.777334,20160717_065717
22,KFWS20160717_113513_V06,1,0.175,297.44,172.132843,8.180725,-97.32,33.149266,4090.362549,20160717_063513
22,KFWS20160717_113822_V06,4,0.634,298.36,170.524418,12.001543,-97.31,33.156518,6000.771252,20160717_063822
22,KFWS20160717_114131_V06,7,0.063,302.18,165.770510,15.607601,-97.29,33.177950,7803.800264,20160717_064131
22,KFWS20160717_114440_V06,10,0.176,310.03,161.249158,16.629139,-97.25,33.198322,8314.569705,20160717_064440
22,KFWS20160717_114750_V06,13,0.149,313.53,159.209120,16.682605,-97.23,33.207510,8341.302407,20160717_064750
43,KFWS20160717_115717_V06,23,0.107,290.49,398.221527,5.029388,-97.35,32.129904,2514.694214,20160717_065717
43,KFWS20160717_120026_V06,26,0.153,290.79,398.145219,9.111191,-97.35,32.130248,4555.595456,20160717_070026
43,KFWS20160717_120336_V06,29,0.089,292.14,395.407814,11.044653,-97.34,32.142594,5522.326721,20160717_070336
43,KFWS20160717_120645_V06,32,0.062,301.01,394.263186,15.576539,-97.30,32.147762,7788.269600,20160717_070645
12,KFWS20160717_112236_V06,-12,0.130,390.89,104.342804,8.029312,-96.81,33.453927,4014.656067,20160717_062236
12,KFWS20160717_112545_V06,-9,0.059,391.16,104.221167,12.073719,-96.81,33.454470,6036.859706,20160717_062545
5,KFWS20160717_111307_V06,-21,0.080,99.02,94.346802,6.411663,-98.38,33.495296,3205.831528,20160717_061307
6,KFWS20160717_111307_V06,-21,0.065,531.51,240.259247,7.615067,-96.07,32.836049,3807.533264,20160717_061307
9,KFWS20160717_111617_V06,-18,0.065,423.87,88.822754,4.747971,-96.64,33.523077,2373.985291,20160717_061617
10,KFWS20160717_111617_V06,-18,0.055,280.24,43.642273,6.497391,-97.41,33.728466,3248.695374,20160717_061617
11,KFWS20160717_111926_V06,-15,0.477,397.20,70.621033,8.594543,-96.78,33.605806,4297.271729,20160717_061926
11,KFWS20160717_112236_V06,-12,0.065,393.15,51.052673,26.108047,-96.80,33.694105,13054.023743,20160717_062236
17,KFWS20160717_112545_V06,-9,0.070,527.32,232.489563,14.344299,-96.09,32.871293,7172.149658,20160717_062545
20,KFWS20160717_113203_V06,-2,0.066,285.45,53.668335,14.746506,-97.38,33.683291,7373.252869,20160717_063203
30,KFWS20160717_114131_V06,7,0.065,283.38,49.023254,12.391312,-97.39,33.704223,6195.655823,20160717_064131
33,KFWS20160717_114440_V06,10,0.068,324.10,66.383789,10.653503,-97.17,33.625928,5326.751709,20160717_064440
34,KFWS20160717_114440_V06,10,0.055,319.16,361.655823,2.283554,-97.20,32.294745,1141.777039,20160717_064440
50,KFWS20160717_120954_V06,35,0.106,283.68,52.887207,15.016434,-97.39,33.686806,7508.216858,20160717_070954
51,KFWS20160717_121613_V06,42,0.083,99.23,94.676422,7.061436,-98.38,33.493821,3530.717850,20160717_071613
53,KFWS20160717_123509_V06,61,0.050,76.54,353.234680,2.865608,-98.49,32.327152,1432.804108,20160717_073509
55,KFWS20160717_123819_V06,64,0.131,342.59,314.911163,13.413330,-97.08,32.505345,6706.665039,20160717_073819
58,KFWS20160717_125714_V06,83,0.092,99.65,92.509766,7.399551,-98.38,33.503606,3699.775696,20160717_075714
1,KFWS20160810_112213_V06,-27,0.362,448.43,237.518036,26.327820,-96.51,32.851987,13163.909912,20160810_062213
1,KFWS20160810_113140_V06,-18,0.539,446.92,231.057516,36.937555,-96.52,32.881163,18468.777606,20160810_063140
1,KFWS20160810_114106_V06,-8,0.946,437.16,222.111349,35.987383,-96.57,32.921809,17993.691560,20160810_064106
1,KFWS20160810_115033_V06,1,0.944,433.12,215.343092,40.824444,-96.59,32.952446,20412.222022,20160810_065033
1,KFWS20160810_115959_V06,10,0.825,434.62,210.968581,48.473895,-96.58,32.972122,24236.947666,20160810_065959
1,KFWS20160810_120926_V06,20,0.314,436.58,198.886330,59.734262,-96.57,33.026531,29867.130871,20160810_070926
3,KFWS20160810_113140_V06,-18,0.073,300.08,190.590271,4.661392,-97.30,33.066055,2330.696106,20160810_063140
3,KFWS20160810_114106_V06,-8,0.594,303.47,179.960303,15.253317,-97.28,33.113977,7626.658544,20160810_064106
3,KFWS20160810_115033_V06,1,0.657,310.43,164.778489,19.327626,-97.25,33.182410,9663.813148,20160810_065033
3,KFWS20160810_115959_V06,10,0.652,308.17,152.979207,20.499853,-97.26,33.235609,10249.926648,20160810_065959
3,KFWS20160810_120926_V06,20,0.203,309.17,153.160897,19.579846,-97.25,33.234788,9789.922765,20160810_070926
5,KFWS20160810_114106_V06,-8,0.864,330.61,356.425995,17.160706,-97.14,32.318262,8580.352783,20160810_064106
5,KFWS20160810_115033_V06,1,0.102,333.85,355.539586,27.815200,-97.12,32.322235,13907.599971,20160810_065033
5,KFWS20160810_115959_V06,10,0.146,343.47,343.756694,27.851506,-97.07,32.375279,13925.752853,20160810_065959
11,KFWS20160810_114106_V06,-8,0.135,419.94,127.658691,9.274292,-96.66,33.348118,4637.145996,20160810_064106
11,KFWS20160810_115033_V06,1,0.101,417.32,115.249203,27.017166,-96.67,33.404130,13508.583167,20160810_065033
22,KFWS20160810_120926_V06,20,0.091,409.75,256.834229,18.709595,-96.72,32.766034,9354.797363,20160810_070926
22,KFWS20160810_121853_V06,29,0.246,416.58,244.792962,31.438357,-96.68,32.820146,15719.178334,20160810_071853
10,KFWS20160810_114106_V06,-8,0.147,334.52,158.219208,6.371506,-97.12,33.211857,3185.752869,20160810_064106
16,KFWS20160810_114106_V06,-8,0.057,337.17,410.721436,5.206078,-97.11,32.073397,2603.038788,20160810_064106
19,KFWS20160810_115959_V06,10,0.076,435.14,78.260986,11.855011,-96.58,33.570351,5927.505493,20160810_065959
20,KFWS20160810_115959_V06,10,0.069,279.32,224.923279,13.376831,-97.41,32.911220,6688.415527,20160810_065959
23,KFWS20160810_120926_V06,20,0.083,135.40,151.224670,26.322371,-98.19,33.240429,13161.185265,20160810_070926
26,KFWS20160810_120926_V06,20,0.060,521.18,58.203308,36.215240,-96.11,33.657231,18107.620239,20160810_070926
28,KFWS20160810_124711_V06,58,0.263,253.80,83.449829,14.166798,-97.55,33.548816,7083.398819,20160810_074711
32,KFWS20160810_130604_V06,77,0.051,30.63,467.071198,44.793983,-98.73,31.811401,22396.991730,20160810_080604
2,KFWS20160914_120638_V06,-6,0.458,450.13,286.362457,8.274780,-96.50,32.631722,4137.390137,20160914_070638
2,KFWS20160914_120947_V06,-3,0.813,450.28,285.166133,12.823964,-96.50,32.637110,6411.982103,20160914_070947
2,KFWS20160914_121257_V06,0,0.950,450.19,281.794238,16.463091,-96.50,32.652315,8231.545503,20160914_071257
2,KFWS20160914_121606_V06,4,0.934,449.79,279.859312,18.570217,-96.50,32.661052,9285.108590,20160914_071606
2,KFWS20160914_121915_V06,7,0.864,449.48,279.537754,22.223881,-96.51,32.662513,11111.940607,20160914_071915
2,KFWS20160914_122224_V06,10,0.564,449.08,280.432449,24.047706,-96.51,32.658492,12023.853174,20160914_072224
2,KFWS20160914_122533_V06,13,0.462,440.15,277.386294,28.570289,-96.56,32.672517,14285.144655,20160914_072533
2,KFWS20160914_122843_V06,16,0.215,440.49,273.113505,33.961392,-96.55,32.691770,16980.696151,20160914_072843
2,KFWS20160914_123152_V06,19,-1.000,438.33,269.909968,38.625719,-96.57,32.706281,19312.859667,20160914_073152
2,KFWS20160914_123502_V06,23,0.153,423.34,256.307373,14.633972,-96.64,32.768051,7316.986084,20160914_073502
3,KFWS20160914_120638_V06,-6,0.111,424.37,227.115112,23.954712,-96.64,32.899631,11977.355957,20160914_070638
3,KFWS20160914_120947_V06,-3,0.075,424.62,226.383128,28.482849,-96.64,32.902924,14241.424717,20160914_070947
1,KFWS20160914_120329_V06,-9,0.075,423.66,218.470856,27.320969,-96.64,32.938621,13660.484314,20160914_070329
5,KFWS20160914_120638_V06,-6,0.081,260.36,443.736328,9.167953,-97.51,31.924509,4583.976746,20160914_070638
8,KFWS20160914_120947_V06,-3,0.085,384.63,336.788208,14.746693,-96.85,32.406106,7373.346329,20160914_070947
13,KFWS20160914_122843_V06,16,0.122,303.91,527.876953,11.588253,-97.28,31.545267,5794.126511,20160914_072843
14,KFWS20160914_122843_V06,16,0.090,432.96,215.920593,25.860428,-96.59,32.949847,12930.213928,20160914_072843
19,KFWS20160914_125359_V06,41,0.059,259.23,323.635223,24.906605,-97.52,32.466028,12453.302383,20160914_075359
1,KFWS20161001_120742_V06,-16,0.740,445.73,296.829437,14.954300,-96.53,32.584679,7477.149963,20161001_070742
1,KFWS20161001_121710_V06,-6,0.144,442.45,301.562955,21.968756,-96.54,32.563445,10984.378078,20161001_071710
2,KFWS20161001_120742_V06,-16,0.590,330.56,130.680084,7.681274,-97.14,33.336038,3840.637207,20161001_070742
7,KFWS20161001_120742_V06,-16,0.113,246.00,159.140594,5.287956,-97.59,33.207506,2643.978119,20161001_070742
7,KFWS20161001_121710_V06,-6,-1.000,246.00,159.140594,21.187956,-97.59,33.207506,10593.978119,20161001_071710
7,KFWS20161001_122637_V06,3,0.114,247.76,155.915314,4.501709,-97.58,33.222068,2250.854492,20161001_072637
13,KFWS20161001_123605_V06,13,0.056,96.22,460.639313,36.247280,-98.38,31.843848,18123.640060,20161001_073605
14,KFWS20161001_130430_V06,41,0.067,264.18,431.241394,15.169415,-97.49,31.980882,7584.707260,20161001_080430
1,KFWS20161009_120531_V06,-24,0.352,441.14,291.477295,9.722885,-96.55,32.608958,4861.442566,20161009_070531
1,KFWS20161009_121500_V06,-14,0.520,441.78,297.119039,14.690229,-96.55,32.583502,7345.114659,20161009_071500
1,KFWS20161009_122428_V06,-5,0.875,432.37,313.444905,22.276831,-96.60,32.510187,11138.415367,20161009_072428
1,KFWS20161009_123356_V06,4,0.354,428.28,324.955631,25.032662,-96.62,32.458410,12516.331191,20161009_073356
1,KFWS20161009_123707_V06,8,0.398,425.94,322.765681,23.451668,-96.63,32.468351,11725.833831,20161009_073707
1,KFWS20161009_124017_V06,11,0.386,423.17,326.468716,24.656293,-96.65,32.451733,12328.146595,20161009_074017
1,KFWS20161009_124327_V06,14,0.203,416.80,338.643738,28.873550,-96.68,32.397011,14436.775208,20161009_074327
1,KFWS20161009_124637_V06,17,0.062,416.17,338.953352,33.080592,-96.69,32.395632,16540.296136,20161009_074637
1,KFWS20161009_124948_V06,20,0.102,411.99,343.355694,34.303095,-96.71,32.375890,17151.547749,20161009_074948
27,KFWS20161009_124948_V06,20,0.071,100.86,92.523499,6.735619,-98.37,33.503600,3367.809296,20161009_074948
27,KFWS20161009_125916_V06,30,0.057,101.04,92.455861,14.885846,-98.37,33.503913,7442.923127,20161009_075916
31,KFWS20161009_133711_V06,68,0.055,139.29,172.900360,6.813049,-98.16,33.142860,3406.524658,20161009_083711
31,KFWS20161009_134639_V06,77,0.096,138.86,173.114487,14.035291,-98.17,33.141879,7017.645720,20161009_084639
5,KFWS20161009_120531_V06,-24,0.054,247.95,157.953827,2.146774,-97.58,33.212880,1073.387146,20161009_070531
7,KFWS20161009_121500_V06,-14,0.212,484.17,123.998260,5.156754,-96.31,33.362380,2578.376770,20161009_071500
8,KFWS20161009_121500_V06,-14,0.084,467.02,236.623993,13.276337,-96.41,32.855352,6638.168335,20161009_071500
9,KFWS20161009_122428_V06,-5,0.518,68.76,378.438293,6.695113,-98.53,32.213128,3347.556591,20161009_072428
10,KFWS20161009_122428_V06,-5,0.276,372.32,160.730164,8.703751,-96.91,33.200076,4351.875305,20161009_072428
12,KFWS20161009_122428_V06,-5,0.138,322.37,123.317230,8.183395,-97.18,33.369280,4091.697693,20161009_072428
15,KFWS20161009_122428_V06,-5,0.069,335.83,301.170349,7.641418,-97.11,32.567358,3820.709229,20161009_072428
16,KFWS20161009_122428_V06,-5,0.064,340.08,421.735016,5.408600,-97.09,32.023711,2704.299927,20161009_072428
18,KFWS20161009_123356_V06,4,0.067,433.03,299.450409,25.624969,-96.59,32.573262,12812.484741,20161009_073356
21,KFWS20161009_124017_V06,11,0.082,102.06,92.664551,5.726902,-98.37,33.503019,2863.451004,20161009_074017
21,KFWS20161009_124327_V06,14,-1.000,102.06,92.664551,10.496902,-98.37,33.503019,5248.451004,20161009_074327
21,KFWS20161009_124637_V06,17,0.094,101.99,94.328918,7.748417,-98.37,33.495513,3874.208450,20161009_074637
28,KFWS20161009_130845_V06,39,0.084,140.16,173.376953,6.809166,-98.16,33.140743,3404.582977,20161009_080845
30,KFWS20161009_133711_V06,68,0.245,282.43,55.684875,11.921646,-97.40,33.674189,5960.823059,20161009_083711
1,KFWS20161015_134954_V06,76,0.172,28.04,446.096436,42.366245,-98.74,31.905809,21183.122635,20161015_084954
1,KFWS20161015_135923_V06,86,0.197,29.52,444.399584,49.547977,-98.73,31.913548,24773.988723,20161015_085923
