track_id,filename,from_sunrise,det_score,x,y,r,lon,lat,radius,local_time
7,KDIX20190731_093853_V06,-17,0.816,115.64,392.768555,11.386684,-75.48,39.524202,5693.342209,20190731_053853
7,KDIX20190731_094314_V06,-12,0.881,114.88,393.948296,17.338618,-75.49,39.518849,8669.309175,20190731_054314
7,KDIX20190731_094735_V06,-8,0.883,115.43,393.597123,19.914492,-75.48,39.520460,9957.245953,20190731_054735
7,KDIX20190731_095155_V06,-4,0.843,117.80,393.353391,24.007443,-75.47,39.521685,12003.721423,20190731_055155
7,KDIX20190731_100033_V06,5,0.876,123.31,389.882589,35.131893,-75.44,39.537603,17565.946476,20190731_060033
7,KDIX20190731_100457_V06,9,0.890,125.48,389.818986,39.768008,-75.43,39.538001,19884.004068,20190731_060457
7,KDIX20190731_100938_V06,14,0.830,125.54,392.740976,42.738473,-75.43,39.524846,21369.236395,20190731_060938
7,KDIX20190731_101358_V06,18,0.805,124.15,396.323414,44.596682,-75.43,39.508643,22298.340829,20190731_061358
7,KDIX20190731_101818_V06,23,-1.000,122.93,400.328147,47.164340,-75.44,39.490546,23582.170161,20190731_061818
7,KDIX20190731_102238_V06,27,-1.000,121.95,403.531932,49.218467,-75.45,39.476069,24609.233627,20190731_062238
7,KDIX20190731_102657_V06,31,0.354,131.53,407.715302,47.493408,-75.39,39.457716,23746.704056,20190731_062657
7,KDIX20190731_103131_V06,36,0.273,131.79,432.413818,28.996346,-75.39,39.346507,14498.172760,20190731_063131
7,KDIX20190731_103556_V06,40,0.583,132.96,433.915519,33.127783,-75.38,39.339802,16563.891297,20190731_063556
7,KDIX20190731_104015_V06,45,-1.000,134.03,435.280702,39.051816,-75.37,39.333706,19525.908150,20190731_064015
7,KDIX20190731_104434_V06,49,0.053,146.82,436.841461,37.635523,-75.30,39.327272,18817.761582,20190731_064434
8,KDIX20190731_093853_V06,-17,0.475,205.49,443.405518,7.779213,-74.96,39.299828,3889.606476,20190731_053853
8,KDIX20190731_094314_V06,-12,0.819,207.81,441.868795,14.277901,-74.95,39.306812,7138.950303,20190731_054314
8,KDIX20190731_094735_V06,-8,0.917,210.84,442.418533,17.152139,-74.93,39.304416,8576.069254,20190731_054735
8,KDIX20190731_095155_V06,-4,0.886,214.18,442.914965,21.691541,-74.91,39.302266,10845.770395,20190731_055155
8,KDIX20190731_100033_V06,5,0.630,218.82,447.051546,28.752273,-74.88,39.283749,14376.136625,20190731_060033
8,KDIX20190731_100457_V06,9,0.326,221.60,446.510162,33.278963,-74.87,39.286252,16639.481531,20190731_060457
8,KDIX20190731_100938_V06,14,0.327,219.91,447.001990,36.095681,-74.88,39.283998,18047.840639,20190731_060938
8,KDIX20190731_101358_V06,18,0.072,221.99,444.243885,39.714160,-74.86,39.296467,19857.080247,20190731_061358
13,KDIX20190731_095155_V06,-4,0.755,14.57,406.137390,18.248760,-76.07,39.457065,9124.380112,20190731_055155
13,KDIX20190731_100033_V06,5,0.940,19.60,411.593712,25.539813,-76.04,39.432913,12769.906355,20190731_060033
13,KDIX20190731_100457_V06,9,0.955,24.97,408.684134,30.184946,-76.01,39.446449,15092.472949,20190731_060457
13,KDIX20190731_100938_V06,14,0.953,26.83,412.653689,35.163937,-76.00,39.428726,17581.968670,20190731_060938
13,KDIX20190731_101358_V06,18,0.873,29.28,409.815026,40.160638,-75.98,39.441701,20080.318851,20190731_061358
13,KDIX20190731_101818_V06,23,0.708,34.42,420.222963,41.947822,-75.95,39.395241,20973.910929,20190731_061818
13,KDIX20190731_102238_V06,27,0.260,38.97,426.393067,47.223307,-75.93,39.367810,23611.653502,20190731_062238
13,KDIX20190731_102657_V06,31,0.256,41.76,418.752067,50.351347,-75.91,39.402426,25175.673473,20190731_062657
3,KDIX20190731_092548_V06,-30,0.227,288.83,384.302429,2.773750,-74.48,39.567284,1386.875153,20190731_052548
3,KDIX20190731_093013_V06,-25,0.278,289.14,384.118430,8.764008,-74.47,39.568113,4382.004115,20190731_053013
3,KDIX20190731_093433_V06,-21,0.912,290.10,383.158602,10.860655,-74.47,39.572439,5430.327480,20190731_053433
3,KDIX20190731_093853_V06,-17,0.954,289.66,380.888457,13.011981,-74.47,39.582661,6505.990707,20190731_053853
3,KDIX20190731_094314_V06,-12,0.885,292.37,380.246377,17.176096,-74.46,39.585559,8588.047929,20190731_054314
3,KDIX20190731_094735_V06,-8,0.417,292.01,379.423687,20.956115,-74.46,39.589264,10478.057596,20190731_054735
3,KDIX20190731_095155_V06,-4,-1.000,292.11,378.634625,24.626338,-74.46,39.592817,12313.168831,20190731_055155
3,KDIX20190731_100033_V06,5,0.059,293.63,374.320879,45.273475,-74.45,39.612247,22636.737663,20190731_060033
18,KDIX20190731_101818_V06,23,0.645,132.31,408.417053,36.673828,-75.39,39.454594,18336.914062,20190731_061818
18,KDIX20190731_102238_V06,27,0.580,132.68,411.110407,40.467025,-75.38,39.442484,20233.512463,20190731_062238
11,KDIX20190731_094314_V06,-12,0.162,255.27,430.918152,2.356411,-74.67,39.357075,1178.205490,20190731_054314
16,KDIX20190731_100938_V06,14,0.164,326.00,412.125061,18.729141,-74.26,39.441904,9364.570618,20190731_060938
16,KDIX20190731_101358_V06,18,0.408,328.86,421.866882,15.970078,-74.24,39.398009,7985.038757,20190731_061358
16,KDIX20190731_101818_V06,23,0.058,331.88,428.499664,13.074188,-74.23,39.368111,6537.094116,20190731_061818
21,KDIX20190731_104015_V06,45,0.116,134.11,443.350281,28.117188,-75.37,39.297370,14058.593750,20190731_064015
16,KDIX20190811_100745_V06,2,0.811,19.58,436.108887,31.387075,-76.04,39.322533,15693.537712,20190811_060745
16,KDIX20190811_101453_V06,9,0.902,21.63,426.849943,34.348251,-76.03,39.364389,17174.125527,20190811_061453
16,KDIX20190811_102201_V06,17,0.885,27.68,426.083396,39.366203,-75.99,39.368326,19683.101630,20190811_062201
16,KDIX20190811_102909_V06,24,0.462,34.33,422.035440,43.904264,-75.95,39.387073,21952.132051,20190811_062909
16,KDIX20190811_103616_V06,31,0.264,41.91,434.582717,48.595157,-75.91,39.331157,24297.578501,20190811_063616
16,KDIX20190811_104324_V06,38,0.251,40.59,435.012282,49.061403,-75.92,39.329123,24530.701504,20190811_064324
16,KDIX20190811_105032_V06,45,0.447,37.18,438.321883,50.030211,-75.93,39.313961,25015.105408,20190811_065032
16,KDIX20190811_110449_V06,59,0.318,37.40,438.673144,45.675217,-75.93,39.312396,22837.608446,20190811_070449
7,KDIX20190811_094427_V06,-21,0.163,106.07,395.011261,2.561382,-75.54,39.513573,1280.691147,20190811_054427
7,KDIX20190811_095136_V06,-14,0.348,106.00,395.873167,11.855828,-75.54,39.509688,5927.913784,20190811_055136
7,KDIX20190811_100745_V06,2,0.908,110.15,403.113424,30.054083,-75.51,39.477319,15027.041350,20190811_060745
7,KDIX20190811_101453_V06,9,0.868,122.13,405.303035,40.885771,-75.44,39.468103,20442.885362,20190811_061453
7,KDIX20190811_102201_V06,17,0.770,126.41,407.268545,47.782792,-75.42,39.459472,23891.395958,20190811_062201
7,KDIX20190811_102909_V06,24,0.632,124.05,409.831038,51.739212,-75.43,39.447812,25869.606107,20190811_062909
7,KDIX20190811_103616_V06,31,0.294,124.72,414.196318,54.881841,-75.43,39.428189,27440.920582,20190811_063616
7,KDIX20190811_104324_V06,38,0.171,130.57,405.135864,45.453606,-75.40,39.469284,22726.802826,20190811_064324
1,KDIX20190811_093719_V06,-28,0.743,282.25,386.062378,5.822632,-74.51,39.559330,2911.315918,20190811_053719
1,KDIX20190811_094427_V06,-21,0.958,281.63,389.477131,11.682206,-74.52,39.543948,5841.102997,20190811_054427
1,KDIX20190811_095136_V06,-14,0.691,280.64,390.207742,15.615609,-74.52,39.540653,7807.804714,20190811_055136
1,KDIX20190811_100745_V06,2,0.475,279.43,411.528579,33.274952,-74.53,39.444627,16637.475955,20190811_060745
1,KDIX20190811_101453_V06,9,0.833,283.61,415.824299,30.875512,-74.51,39.425304,15437.756184,20190811_061453
1,KDIX20190811_102201_V06,17,-1.000,287.20,421.862127,30.600658,-74.49,39.398128,15300.328835,20190811_062201
1,KDIX20190811_102909_V06,24,0.287,311.97,405.291260,17.778366,-74.34,39.472758,8889.183044,20190811_062909
1,KDIX20190811_103616_V06,31,-1.000,311.97,405.291260,28.908366,-74.34,39.472758,14454.183044,20190811_063616
1,KDIX20190811_104324_V06,38,-1.000,311.97,405.291260,40.038366,-74.34,39.472758,20019.183044,20190811_064324
1,KDIX20190811_105032_V06,45,-1.000,311.97,405.291260,51.168366,-74.34,39.472758,25584.183044,20190811_065032
1,KDIX20190811_110449_V06,59,0.154,279.59,362.817245,59.330804,-74.53,39.663997,29665.401799,20190811_070449
6,KDIX20190811_094427_V06,-21,0.239,196.69,452.103210,7.967018,-75.01,39.260404,3983.509064,20190811_054427
6,KDIX20190811_095136_V06,-14,0.751,196.59,451.246059,13.503232,-75.01,39.264262,6751.616043,20190811_055136
6,KDIX20190811_100745_V06,2,0.383,204.02,456.629751,28.843107,-74.97,39.240231,14421.553710,20190811_060745
6,KDIX20190811_101453_V06,9,0.200,206.94,460.091856,37.985589,-74.95,39.224720,18992.794565,20190811_061453
6,KDIX20190811_102201_V06,17,0.169,210.35,463.416297,47.681390,-74.93,39.209839,23840.694780,20190811_062201
6,KDIX20190811_102909_V06,24,0.056,208.66,492.360413,33.529854,-74.94,39.079440,16764.926910,20190811_062909
11,KDIX20190811_095136_V06,-14,0.132,367.21,221.143036,12.872009,-74.02,40.301361,6436.004639,20190811_055136
11,KDIX20190811_100745_V06,2,0.512,382.23,200.176040,17.271845,-73.93,40.395436,8635.922594,20190811_060745
11,KDIX20190811_101453_V06,9,0.337,396.38,204.054638,25.655293,-73.84,40.377595,12827.646309,20190811_061453
11,KDIX20190811_102201_V06,17,0.285,404.71,209.239283,31.049648,-73.79,40.354001,15524.824157,20190811_062201
11,KDIX20190811_102909_V06,24,0.113,407.86,217.191987,36.989638,-73.78,40.318093,18494.819111,20190811_062909
18,KDIX20190811_100745_V06,2,0.617,79.99,180.943146,10.642960,-75.71,40.475817,5321.479797,20190811_060745
18,KDIX20190811_101453_V06,9,0.686,83.24,185.066033,21.839531,-75.69,40.457467,10919.765701,20190811_061453
18,KDIX20190811_102201_V06,17,0.689,87.94,192.409679,27.874947,-75.66,40.424707,13937.473615,20190811_062201
18,KDIX20190811_102909_V06,24,0.326,92.32,197.561830,33.758024,-75.63,40.401785,16879.011952,20190811_062909
18,KDIX20190811_103616_V06,31,-1.000,96.64,202.870036,39.649946,-75.61,40.378151,19824.973183,20190811_063616
18,KDIX20190811_104324_V06,38,0.105,92.85,200.192559,36.755584,-75.63,40.389974,18377.792013,20190811_064324
49,KDIX20190811_111157_V06,66,0.423,284.20,361.112671,49.989258,-74.50,39.671698,24994.628906,20190811_071157
49,KDIX20190811_111906_V06,74,0.275,284.91,364.443510,61.220724,-74.50,39.656701,30610.362114,20190811_071906
49,KDIX20190811_112614_V06,81,0.198,282.96,364.484350,63.518906,-74.51,39.656508,31759.452947,20190811_072614
49,KDIX20190811_113321_V06,88,0.130,278.44,366.818033,61.497700,-74.54,39.645973,30748.849906,20190811_073321
17,KDIX20190811_100745_V06,2,0.677,162.42,129.612183,11.960480,-75.23,40.711329,5980.239868,20190811_060745
17,KDIX20190811_101453_V06,9,0.446,164.47,131.395020,20.599888,-75.21,40.703386,10299.944052,20190811_061453
17,KDIX20190811_102201_V06,17,0.283,167.57,132.633192,20.431194,-75.19,40.697936,10215.597057,20190811_062201
8,KDIX20190811_094427_V06,-21,0.125,213.33,289.544678,7.714890,-74.92,39.992912,3857.444763,20190811_054427
8,KDIX20190811_095136_V06,-14,-1.000,213.33,289.544678,18.844890,-74.92,39.992912,9422.444763,20190811_055136
8,KDIX20190811_100745_V06,2,0.109,236.69,268.470012,26.820086,-74.78,40.088329,13410.042884,20190811_060745
15,KDIX20190811_100745_V06,2,0.814,311.84,124.941376,18.204498,-74.34,40.735179,9102.249146,20190811_060745
15,KDIX20190811_101453_V06,9,0.110,315.07,129.920934,29.569456,-74.32,40.712745,14784.727934,20190811_061453
3,KDIX20190811_093719_V06,-28,0.209,291.86,417.291992,13.683662,-74.46,39.418724,6841.831207,20190811_053719
12,KDIX20190811_095136_V06,-14,0.106,353.66,270.534973,14.704376,-74.10,40.079197,7352.188110,20190811_055136
23,KDIX20190811_100745_V06,2,0.106,101.27,509.142548,40.795803,-75.56,38.999350,20397.901535,20190811_060745
24,KDIX20190811_100745_V06,2,0.094,31.24,333.750092,25.864588,-75.98,39.784329,12932.293892,20190811_060745
29,KDIX20190811_100745_V06,2,0.054,365.26,175.010803,17.553909,-74.03,40.509120,8776.954651,20190811_060745
34,KDIX20190811_101453_V06,9,0.068,28.19,250.573883,26.376190,-76.01,40.158551,13188.095093,20190811_061453
37,KDIX20190811_102201_V06,17,0.380,287.64,405.832611,25.486168,-74.48,39.470319,12743.083954,20190811_062201
41,KDIX20190811_102909_V06,24,0.105,239.47,273.185577,25.041363,-74.77,40.067146,12520.681381,20190811_062909
43,KDIX20190811_103616_V06,31,0.223,86.16,191.574493,28.285988,-75.67,40.428354,14142.993927,20190811_063616
44,KDIX20190811_103616_V06,31,0.187,342.87,133.397461,12.694077,-74.16,40.696850,6347.038269,20190811_063616
45,KDIX20190811_103616_V06,31,0.078,350.49,193.795166,30.535767,-74.11,40.424795,15267.883301,20190811_063616
47,KDIX20190811_105032_V06,45,0.066,311.05,402.142944,23.024719,-74.35,39.486940,11512.359619,20190811_065032
50,KDIX20190811_111157_V06,66,0.054,251.74,128.322662,9.866852,-74.70,40.719626,4933.425903,20190811_071157
4,KDIX20190816_094204_V06,-28,0.119,279.22,387.127502,12.820183,-74.53,39.554516,6410.091400,20190816_054204
4,KDIX20190816_094857_V06,-22,-1.000,279.22,387.127502,22.360183,-74.53,39.554516,11180.091400,20190816_054857
4,KDIX20190816_100237_V06,-8,0.866,288.52,394.006301,22.816143,-74.48,39.523582,11408.071750,20190816_060237
4,KDIX20190816_100924_V06,-1,0.484,283.49,391.783494,39.825007,-74.51,39.533571,19912.503284,20190816_060924
4,KDIX20190816_101612_V06,6,0.850,277.57,393.025460,50.006555,-74.54,39.527944,25003.277533,20190816_061612
4,KDIX20190816_102301_V06,13,0.856,281.60,394.663100,55.428711,-74.52,39.520593,27714.355297,20190816_062301
4,KDIX20190816_103008_V06,20,0.410,294.54,392.710122,56.590297,-74.44,39.529434,28295.148586,20190816_063008
4,KDIX20190816_103716_V06,27,0.104,315.08,405.394572,56.549875,-74.32,39.472281,28274.937619,20190816_063716
9,KDIX20190816_100237_V06,-8,0.940,102.09,394.364319,18.328598,-75.56,39.516259,9164.299011,20190816_060237
9,KDIX20190816_100924_V06,-1,0.873,102.48,393.594943,26.619954,-75.56,39.519745,13309.976945,20190816_060924
9,KDIX20190816_101612_V06,6,0.852,99.60,396.695082,38.836582,-75.58,39.505619,19418.291063,20190816_061612
9,KDIX20190816_102301_V06,13,0.770,101.62,399.710001,43.983848,-75.56,39.492160,21991.923753,20190816_062301
9,KDIX20190816_103008_V06,20,0.785,114.34,411.696863,41.800055,-75.49,39.438897,20900.027619,20190816_063008
9,KDIX20190816_103716_V06,27,0.784,120.04,420.544954,41.407949,-75.46,39.399358,20703.974641,20190816_063716
9,KDIX20190816_104425_V06,34,0.710,119.21,437.981592,40.141833,-75.46,39.320794,20070.916515,20190816_064425
6,KDIX20190816_094204_V06,-28,0.055,275.48,385.868317,3.761917,-74.55,39.560162,1880.958557,20190816_054204
6,KDIX20190816_094857_V06,-22,-1.000,275.48,385.868317,13.301917,-74.55,39.560162,6650.958557,20190816_054857
6,KDIX20190816_100237_V06,-8,0.227,239.16,430.637044,17.548909,-74.76,39.358093,8774.454311,20190816_060237
6,KDIX20190816_100924_V06,-1,-1.000,222.71,450.913319,20.520609,-74.86,39.266447,10260.304293,20190816_060924
6,KDIX20190816_101612_V06,6,0.850,203.98,448.118304,27.674970,-74.97,39.278562,13837.485068,20190816_061612
6,KDIX20190816_102301_V06,13,0.540,201.43,444.999926,37.660669,-74.98,39.292534,18830.334472,20190816_062301
6,KDIX20190816_103008_V06,20,0.142,206.72,437.181986,51.636061,-74.95,39.327889,25818.030345,20190816_063008
12,KDIX20190816_100924_V06,-1,0.229,457.24,155.880798,7.765945,-73.48,40.592191,3882.972717,20190816_060924
12,KDIX20190816_101612_V06,6,0.567,458.36,153.586288,15.071696,-73.48,40.602469,7535.848207,20190816_061612
12,KDIX20190816_102301_V06,13,0.079,451.12,138.153445,27.642173,-73.52,40.672287,13821.086281,20190816_062301
25,KDIX20190816_103008_V06,20,0.649,20.24,395.458191,21.507051,-76.04,39.505615,10753.525734,20190816_063008
25,KDIX20190816_103716_V06,27,0.655,22.14,406.259218,33.933413,-76.03,39.457139,16966.706651,20190816_063716
25,KDIX20190816_104425_V06,34,0.561,26.76,415.126745,42.641753,-76.00,39.417585,21320.876314,20190816_064425
8,KDIX20190816_100237_V06,-8,0.944,198.24,447.586212,16.172821,-75.00,39.280793,8086.410522,20190816_060237
8,KDIX20190816_100924_V06,-1,0.923,196.36,447.075660,24.604699,-75.01,39.283036,12302.349446,20190816_060924
14,KDIX20190816_100924_V06,-1,0.121,364.08,184.816956,15.717148,-74.03,40.464989,7858.573914,20190816_060924
14,KDIX20190816_101612_V06,6,0.155,363.36,184.086877,25.350088,-74.04,40.468290,12675.043778,20190816_061612
18,KDIX20190816_101612_V06,6,0.669,146.61,509.423157,22.695917,-75.30,39.000397,11347.958565,20190816_061612
18,KDIX20190816_102301_V06,13,0.369,145.70,510.600381,33.820671,-75.30,38.995054,16910.335736,20190816_062301
11,KDIX20190816_100924_V06,-1,0.267,304.77,187.305664,6.360748,-74.38,40.454393,3180.374146,20190816_060924
27,KDIX20190816_103008_V06,20,0.069,244.54,277.948975,28.181522,-74.74,40.045783,14090.761185,20190816_063008
29,KDIX20190816_110737_V06,57,0.127,340.53,347.334534,13.372574,-74.17,39.733541,6686.286926,20190816_070737
31,KDIX20190816_112146_V06,71,0.069,278.70,213.409821,4.748810,-74.54,40.336787,2374.404907,20190816_072146
32,KDIX20190816_112146_V06,71,0.061,34.37,406.491882,54.128513,-75.95,39.457062,27064.256668,20190816_072146
33,KDIX20190816_112847_V06,78,0.077,338.83,154.668152,21.388168,-74.18,40.601127,10694.084167,20190816_072847
12,KDIX20190818_101835_V06,6,0.720,15.79,410.892334,21.429880,-76.06,39.435757,10714.940071,20190818_061835
12,KDIX20190818_102532_V06,13,0.939,19.65,411.590914,30.107955,-76.04,39.432930,15053.977662,20190818_062532
12,KDIX20190818_103239_V06,20,0.943,24.67,417.282433,34.468107,-76.01,39.407712,17234.053708,20190818_063239
12,KDIX20190818_103947_V06,27,0.877,31.47,418.384614,42.090690,-75.97,39.403289,21045.345203,20190818_063947
12,KDIX20190818_104655_V06,34,0.807,33.19,424.037871,47.560846,-75.96,39.377969,23780.422804,20190818_064655
12,KDIX20190818_110111_V06,49,0.820,35.72,418.815060,53.323794,-75.95,39.401681,26661.896853,20190818_070111
12,KDIX20190818_110820_V06,56,0.641,34.45,419.663094,53.712003,-75.95,39.397765,26856.001464,20190818_070820
12,KDIX20190818_111717_V06,65,0.091,32.65,420.196173,54.144937,-75.96,39.395225,27072.468456,20190818_071717
1,KDIX20190818_094354_V06,-29,0.839,284.71,381.053986,6.898666,-74.50,39.581897,3449.333191,20190818_054354
1,KDIX20190818_095055_V06,-22,0.949,285.42,380.984011,12.695928,-74.50,39.582215,6347.964101,20190818_055055
1,KDIX20190818_100448_V06,-8,0.946,294.12,381.150115,28.603118,-74.45,39.581493,14301.559217,20190818_060448
1,KDIX20190818_101143_V06,-1,0.927,295.22,384.095600,36.872036,-74.44,39.568230,18436.017968,20190818_061143
1,KDIX20190818_101835_V06,6,0.908,296.57,388.016106,45.742434,-74.43,39.550576,22871.216976,20190818_061835
1,KDIX20190818_102532_V06,13,0.648,288.50,384.554484,60.123570,-74.48,39.566147,30061.784768,20190818_062532
1,KDIX20190818_103239_V06,20,0.347,295.59,386.032107,65.688469,-74.44,39.559509,32844.234375,20190818_063239
7,KDIX20190818_100448_V06,-8,0.969,203.99,444.988037,14.018448,-74.97,39.292660,7009.223938,20190818_060448
7,KDIX20190818_101143_V06,-1,0.935,208.02,444.118860,22.876550,-74.94,39.296684,11438.275062,20190818_061143
7,KDIX20190818_101835_V06,6,0.945,209.53,442.301361,30.865774,-74.94,39.304910,15432.886761,20190818_061835
7,KDIX20190818_102532_V06,13,0.940,213.16,441.761457,39.814674,-74.91,39.307435,19907.336753,20190818_062532
7,KDIX20190818_103239_V06,20,0.770,219.17,444.947837,46.884427,-74.88,39.293232,23442.213720,20190818_063239
7,KDIX20190818_103947_V06,27,0.592,221.39,447.168464,53.774841,-74.87,39.283282,26887.420459,20190818_063947
7,KDIX20190818_104655_V06,34,0.055,220.67,436.783097,68.370392,-74.87,39.330037,34185.195790,20190818_064655
7,KDIX20190818_110111_V06,49,-1.000,220.50,419.593096,96.592096,-74.87,39.407448,48296.047932,20190818_070111
7,KDIX20190818_110820_V06,56,0.121,176.62,474.916870,35.695641,-75.12,39.157001,17847.820282,20190818_070820
8,KDIX20190818_100448_V06,-8,0.934,110.49,394.466278,17.914658,-75.51,39.516275,8957.328796,20190818_060448
8,KDIX20190818_101143_V06,-1,0.917,113.01,395.685312,25.876705,-75.50,39.510925,12938.352420,20190818_061143
8,KDIX20190818_101835_V06,6,0.846,115.13,394.333922,32.836233,-75.49,39.517126,16418.116358,20190818_061835
8,KDIX20190818_102532_V06,13,0.882,117.38,397.086316,40.910229,-75.47,39.504853,20455.114642,20190818_062532
8,KDIX20190818_103239_V06,20,0.897,118.47,399.247410,47.493635,-75.47,39.495179,23746.817533,20190818_063239
8,KDIX20190818_103947_V06,27,0.916,121.56,404.718835,54.290507,-75.45,39.470704,27145.253652,20190818_063947
8,KDIX20190818_104655_V06,34,0.525,118.78,413.158222,55.892526,-75.46,39.432555,27946.263125,20190818_064655
15,KDIX20190818_102532_V06,13,0.604,456.26,156.320709,12.404739,-73.49,40.590257,6202.369690,20190818_062532
15,KDIX20190818_103239_V06,20,0.774,457.91,155.831208,17.646291,-73.48,40.592383,8823.145598,20190818_063239
15,KDIX20190818_103947_V06,27,0.656,459.80,156.057220,16.708412,-73.47,40.591276,8354.206157,20190818_063947
17,KDIX20190818_103239_V06,20,0.160,86.23,178.247162,22.892803,-75.67,40.488359,11446.401596,20190818_063239
17,KDIX20190818_103947_V06,27,0.353,85.77,178.589843,30.598843,-75.67,40.486787,15299.421710,20190818_063947
17,KDIX20190818_104655_V06,34,0.170,84.77,181.506181,32.531874,-75.68,40.473593,16265.937098,20190818_064655
11,KDIX20190818_101835_V06,6,0.890,378.17,188.549103,10.799530,-73.95,40.447885,5399.765015,20190818_061835
11,KDIX20190818_102532_V06,13,0.074,378.93,188.906571,19.215307,-73.95,40.446258,9607.653414,20190818_062532
3,KDIX20190818_094354_V06,-29,0.144,274.78,396.026855,16.179863,-74.56,39.514408,8089.931488,20190818_054354
9,KDIX20190818_100448_V06,-8,0.102,385.64,327.470795,6.444580,-73.91,39.822154,3222.290039,20190818_060448
10,KDIX20190818_101143_V06,-1,0.117,251.81,422.693665,11.785263,-74.69,39.394068,5892.631531,20190818_061143
18,KDIX20190818_103947_V06,27,0.319,203.49,152.834381,15.814003,-74.98,40.608215,7907.001495,20190818_063947
19,KDIX20190818_103947_V06,27,0.266,153.94,117.947815,8.727165,-75.28,40.763483,4363.582611,20190818_063947
2,KDIX20190825_100329_V06,-15,0.780,88.82,406.035706,16.340649,-75.64,39.462910,8170.324326,20190825_060329
2,KDIX20190825_101037_V06,-8,0.924,81.48,408.930012,24.624353,-75.68,39.449417,12312.176530,20190825_061037
2,KDIX20190825_101744_V06,-1,0.888,76.28,410.291392,28.290511,-75.71,39.442950,14145.255350,20190825_061744
2,KDIX20190825_102452_V06,6,0.743,67.12,410.392867,39.939017,-75.76,39.441882,19969.508464,20190825_062452
2,KDIX20190825_103201_V06,14,0.523,54.07,404.601928,52.106673,-75.84,39.467045,26053.336631,20190825_063201
2,KDIX20190825_103909_V06,21,0.227,52.70,402.151167,57.256227,-75.85,39.477981,28628.113470,20190825_063909
14,KDIX20190825_101744_V06,-1,0.474,61.19,178.383484,15.544120,-75.82,40.486053,7772.059917,20190825_061744
14,KDIX20190825_102452_V06,6,0.600,55.29,180.795909,26.449363,-75.85,40.474766,13224.681670,20190825_062452
14,KDIX20190825_103201_V06,14,0.682,53.67,182.035172,25.519482,-75.86,40.469069,12759.740904,20190825_063201
14,KDIX20190825_103909_V06,21,0.528,52.01,180.672720,26.844301,-75.87,40.475080,13422.150431,20190825_063909
14,KDIX20190825_104618_V06,28,0.480,50.47,178.196066,28.744193,-75.88,40.486115,14372.096658,20190825_064618
14,KDIX20190825_110033_V06,42,0.051,40.02,202.926416,53.789042,-75.94,40.373989,26894.521146,20190825_070033
14,KDIX20190825_110742_V06,49,0.169,38.85,182.999390,38.079147,-75.95,40.463605,19039.573669,20190825_070742
3,KDIX20190825_100329_V06,-15,0.621,181.76,456.096436,16.032837,-75.10,39.241940,8016.418457,20190825_060329
3,KDIX20190825_101037_V06,-8,0.505,178.09,457.241188,24.097910,-75.12,39.236656,12048.955208,20190825_061037
3,KDIX20190825_101744_V06,-1,0.697,167.63,465.491169,33.071266,-75.18,39.199116,16535.633069,20190825_061744
3,KDIX20190825_102452_V06,6,0.557,165.52,463.327240,34.976634,-75.19,39.208779,17488.317000,20190825_062452
3,KDIX20190825_103201_V06,14,0.127,163.22,458.291869,37.831348,-75.20,39.231365,18915.673900,20190825_063201
13,KDIX20190825_101744_V06,-1,0.490,143.53,128.733551,11.885017,-75.34,40.714451,5942.508698,20190825_061744
13,KDIX20190825_102452_V06,6,0.717,138.26,130.709300,21.072836,-75.37,40.705304,10536.418117,20190825_062452
13,KDIX20190825_103201_V06,14,0.694,126.02,136.594285,27.363647,-75.44,40.678192,13681.823374,20190825_063201
13,KDIX20190825_103909_V06,21,0.807,129.74,134.747488,25.629446,-75.42,40.686699,12814.723041,20190825_063909
13,KDIX20190825_104618_V06,28,0.573,120.33,140.426962,34.490296,-75.47,40.660636,17245.148021,20190825_064618
9,KDIX20190825_101037_V06,-8,0.099,318.24,231.963165,4.469604,-74.30,40.253262,2234.802246,20190825_061037
9,KDIX20190825_101744_V06,-1,0.065,317.49,230.811231,11.346291,-74.31,40.258453,5673.145514,20190825_061744
9,KDIX20190825_102452_V06,6,-1.000,316.82,229.784963,18.686975,-74.31,40.263078,9343.487699,20190825_062452
9,KDIX20190825_103201_V06,14,0.068,310.46,199.472943,35.959906,-74.35,40.399593,17979.952918,20190825_063201
9,KDIX20190825_103909_V06,21,-1.000,306.94,183.553730,47.840965,-74.37,40.471283,23920.482368,20190825_063909
9,KDIX20190825_104618_V06,28,0.077,307.55,224.990692,14.992035,-74.37,40.284699,7496.017456,20190825_064618
1,KDIX20190825_094912_V06,-29,0.694,248.68,404.847778,25.914520,-74.71,39.474392,12957.260132,20190825_054912
1,KDIX20190825_100329_V06,-15,0.502,248.19,407.244499,35.854756,-74.71,39.463590,17927.378245,20190825_060329
1,KDIX20190825_101037_V06,-8,-1.000,247.94,408.407264,41.007841,-74.71,39.458350,20503.920696,20190825_061037
1,KDIX20190825_101744_V06,-1,0.055,233.12,433.627625,10.611778,-74.80,39.344513,5305.889130,20190825_061744
1,KDIX20190825_102452_V06,6,0.160,228.94,434.171760,19.275983,-74.82,39.341978,9637.991361,20190825_062452
24,KDIX20190825_103201_V06,14,0.075,273.34,406.574280,23.412209,-74.57,39.466897,11706.104279,20190825_063201
24,KDIX20190825_103909_V06,21,0.212,269.68,413.359214,37.244187,-74.59,39.436311,18622.093704,20190825_063909
24,KDIX20190825_104618_V06,28,0.077,263.91,378.128143,16.650528,-74.62,39.594916,8325.263977,20190825_064618
30,KDIX20190825_110742_V06,49,0.092,317.63,228.250519,2.641312,-74.31,40.269983,1320.655823,20190825_070742
30,KDIX20190825_111451_V06,56,0.249,317.74,228.285682,9.058407,-74.31,40.269824,4529.203327,20190825_071451
10,KDIX20190825_101037_V06,-8,0.080,273.86,395.429016,14.273254,-74.56,39.517094,7136.627197,20190825_061037
33,KDIX20190825_112200_V06,64,0.107,34.42,401.999207,55.923855,-75.95,39.477295,27961.927414,20190825_072200
34,KDIX20190825_112200_V06,64,0.063,363.50,196.287445,2.153122,-74.04,40.413352,1076.560974,20190825_072200
1,KDIX20190902_100151_V06,-25,0.245,199.73,445.741760,4.695374,-74.99,39.289143,2347.686768,20190902_060151
1,KDIX20190902_100610_V06,-20,0.627,199.90,443.806120,11.510966,-74.99,39.297866,5755.483076,20190902_060610
1,KDIX20190902_101030_V06,-16,0.834,199.85,436.461544,18.299927,-74.99,39.330940,9149.963664,20190902_061030
1,KDIX20190902_101450_V06,-12,0.864,205.39,431.955263,24.511890,-74.96,39.351392,12255.944776,20190902_061450
1,KDIX20190902_101817_V06,-8,0.717,211.72,431.297648,26.727894,-74.92,39.354522,13363.947001,20190902_061817
1,KDIX20190902_102133_V06,-5,0.563,213.78,432.647095,27.626164,-74.91,39.348497,13813.082018,20190902_062133
1,KDIX20190902_102448_V06,-2,0.610,219.09,432.033255,30.810067,-74.88,39.351391,15405.033527,20190902_062448
1,KDIX20190902_102804_V06,2,0.484,227.48,435.341608,30.613050,-74.83,39.336679,15306.525134,20190902_062804
1,KDIX20190902_103120_V06,5,0.409,231.36,437.763935,31.235151,-74.81,39.325850,15617.575652,20190902_063120
1,KDIX20190902_103437_V06,8,0.251,236.57,442.533234,30.418863,-74.78,39.304471,15209.431486,20190902_063437
1,KDIX20190902_103754_V06,11,0.136,236.84,444.772937,32.941192,-74.78,39.294389,16470.596211,20190902_063754
6,KDIX20190902_101030_V06,-16,0.439,302.80,380.651123,22.322594,-74.39,39.583744,11161.296844,20190902_061030
6,KDIX20190902_101450_V06,-12,0.419,304.02,379.714528,27.552669,-74.39,39.587961,13776.334596,20190902_061450
6,KDIX20190902_101817_V06,-8,0.482,309.03,378.516081,31.873282,-74.36,39.593348,15936.641243,20190902_061817
6,KDIX20190902_102133_V06,-5,0.360,311.47,374.252508,38.833136,-74.34,39.612542,19416.567899,20190902_062133
6,KDIX20190902_102448_V06,-2,0.266,316.19,373.669428,43.746378,-74.32,39.615148,21873.189036,20190902_062448
6,KDIX20190902_102804_V06,2,0.510,316.14,375.940624,49.687732,-74.32,39.604920,24843.866118,20190902_062804
6,KDIX20190902_103120_V06,5,0.734,319.96,376.104162,50.709160,-74.29,39.604164,25354.580012,20190902_063120
13,KDIX20190902_103437_V06,8,0.105,327.63,177.944489,8.712463,-74.25,40.496433,4356.231689,20190902_063437
13,KDIX20190902_103754_V06,11,0.091,327.16,176.561906,12.855646,-74.25,40.502662,6427.823175,20190902_063754
13,KDIX20190902_104110_V06,15,0.341,330.54,175.067352,9.084427,-74.23,40.509363,4542.213440,20190902_064110
4,KDIX20190902_100610_V06,-20,0.098,243.72,423.649200,4.751656,-74.74,39.389641,2375.827789,20190902_060610
9,KDIX20190902_101030_V06,-16,0.084,237.07,315.650024,4.164230,-74.78,39.875882,2082.115173,20190902_061030
10,KDIX20190902_102804_V06,2,0.077,312.67,176.186279,6.980331,-74.34,40.504440,3490.165710,20190902_062804
14,KDIX20190902_103754_V06,11,0.068,109.78,375.396637,27.322958,-75.52,39.602105,13661.478996,20190902_063754
16,KDIX20190902_104431_V06,18,0.109,300.07,351.297394,48.433479,-74.41,39.715936,24216.739655,20190902_064431
17,KDIX20190902_105424_V06,28,0.141,341.14,198.393951,4.380417,-74.17,40.404216,2190.208435,20190902_065424
1,KDIX20190910_100817_V06,-25,0.726,281.21,389.137451,8.159897,-74.52,39.545476,4079.948425,20190910_060817
1,KDIX20190910_101523_V06,-18,0.446,282.91,391.341855,16.119237,-74.51,39.535557,8059.618497,20190910_061523
1,KDIX20190910_102230_V06,-11,0.368,289.09,393.542141,21.751874,-74.47,39.525674,10875.937058,20190910_062230
1,KDIX20190910_102937_V06,-4,0.437,297.23,402.946839,23.816376,-74.43,39.483336,11908.187793,20190910_062937
1,KDIX20190910_103645_V06,3,0.172,293.01,411.366378,27.704452,-74.45,39.445413,13852.225951,20190910_063645
1,KDIX20190910_104351_V06,10,0.119,293.94,415.617180,29.501445,-74.45,39.426271,14750.722588,20190910_064351
1,KDIX20190910_105058_V06,17,-1.000,294.19,420.899995,31.785061,-74.44,39.402480,15892.530358,20190910_065058
1,KDIX20190910_110511_V06,32,0.480,280.21,378.321750,40.416111,-74.53,39.594178,20208.055258,20190910_070511
5,KDIX20190910_102230_V06,-11,0.495,277.61,385.317352,10.429718,-74.54,39.562658,5214.859009,20190910_062230
5,KDIX20190910_102937_V06,-4,0.672,277.51,385.490627,17.353117,-74.54,39.561877,8676.558588,20190910_062937
5,KDIX20190910_103645_V06,3,0.866,275.79,386.002601,17.430016,-74.55,39.559559,8715.007945,20190910_063645
5,KDIX20190910_104351_V06,10,0.839,280.03,382.942991,18.697756,-74.53,39.573366,9348.877957,20190910_064351
5,KDIX20190910_105058_V06,17,0.378,283.17,383.730135,19.132363,-74.51,39.569838,9566.181564,20190910_065058
5,KDIX20190910_110511_V06,32,-1.000,290.03,384.585879,20.256408,-74.47,39.566011,10128.203770,20190910_070511
5,KDIX20190910_111218_V06,39,-1.000,293.23,384.985226,20.780962,-74.45,39.564220,10390.480799,20190910_071218
5,KDIX20190910_111925_V06,46,0.277,305.47,378.994934,27.134941,-74.38,39.591199,13567.470357,20190910_071925
9,KDIX20190910_103645_V06,3,0.886,242.74,423.037018,13.058006,-74.74,39.392382,6529.003143,20190910_063645
9,KDIX20190910_104351_V06,10,0.934,243.93,422.743753,18.109866,-74.74,39.393722,9054.933066,20190910_064351
9,KDIX20190910_105058_V06,17,0.902,242.65,421.125157,24.786451,-74.74,39.400991,12393.225396,20190910_065058
9,KDIX20190910_110511_V06,32,-1.000,240.22,417.839837,38.963693,-74.76,39.415745,19481.846410,20190910_070511
9,KDIX20190910_111218_V06,39,0.074,246.11,435.222063,37.765822,-74.72,39.337561,18882.911123,20190910_071218
2,KDIX20190910_100817_V06,-25,0.170,123.19,48.138062,15.062969,-75.46,41.076269,7531.484604,20190910_060817
2,KDIX20190910_101523_V06,-18,0.507,125.41,48.588418,21.344166,-75.45,41.074360,10672.083083,20190910_061523
2,KDIX20190910_102230_V06,-11,0.077,122.92,54.581821,31.261887,-75.46,41.047246,15630.943496,20190910_062230
2,KDIX20190910_102937_V06,-4,-1.000,121.12,59.699909,40.693197,-75.47,41.024109,20346.598426,20190910_062937
2,KDIX20190910_103645_V06,3,0.088,145.32,43.340881,17.804321,-75.33,41.098976,8902.160645,20190910_063645
13,KDIX20190910_104351_V06,10,0.113,46.63,432.823120,59.446934,-75.88,39.339431,29723.466873,20190910_064351
13,KDIX20190910_105058_V06,17,0.429,47.70,435.129735,64.396526,-75.87,39.329124,32198.262890,20190910_065058
13,KDIX20190910_110511_V06,32,0.095,48.58,442.237982,61.814300,-75.87,39.297182,30907.150076,20190910_070511
14,KDIX20190910_104351_V06,10,0.085,326.15,183.424255,5.971252,-74.26,40.471771,2985.626221,20190910_064351
14,KDIX20190910_105058_V06,17,0.120,328.33,185.114875,15.755750,-74.24,40.464141,7877.874925,20190910_065058
14,KDIX20190910_110511_V06,32,0.144,346.15,187.924619,18.055158,-74.14,40.451291,9027.578815,20190910_070511
14,KDIX20190910_111218_V06,39,0.145,358.42,177.860992,9.826736,-74.07,40.496413,4913.368225,20190910_071218
20,KDIX20190910_110511_V06,32,0.342,98.70,380.726349,31.615318,-75.58,39.577471,15807.659149,20190910_070511
20,KDIX20190910_111218_V06,39,0.325,101.38,379.709483,36.856064,-75.57,39.582207,18428.031799,20190910_071218
7,KDIX20190910_102230_V06,-11,0.053,194.12,454.663757,6.022690,-75.02,39.248795,3011.344910,20190910_062230
12,KDIX20190910_103645_V06,3,0.063,208.30,283.260712,12.710457,-74.95,40.021075,6355.228424,20190910_063645
15,KDIX20190910_104351_V06,10,0.072,469.04,164.792816,16.108612,-73.41,40.551492,8054.306030,20190910_064351
15,KDIX20190910_105058_V06,17,0.076,476.22,157.301270,12.624329,-73.37,40.584849,6312.164307,20190910_065058
29,KDIX20190910_114046_V06,67,0.057,327.56,350.850433,21.192516,-74.25,39.717837,10596.258163,20190910_074046
1,KDIX20190914_102141_V06,-16,0.190,241.53,427.354370,4.001274,-74.75,39.372918,2000.637054,20190914_062141
1,KDIX20190914_102842_V06,-9,0.301,241.10,427.213136,11.393059,-74.75,39.373547,5696.529619,20190914_062842
1,KDIX20190914_103541_V06,-2,0.849,239.77,420.371293,12.269990,-74.76,39.404336,6134.994886,20190914_063541
1,KDIX20190914_104248_V06,5,0.897,235.78,415.094054,17.585177,-74.78,39.428030,8792.588488,20190914_064248
1,KDIX20190914_104954_V06,12,0.850,235.18,411.805895,26.847877,-74.79,39.442827,13423.938451,20190914_064954
1,KDIX20190914_110401_V06,27,0.337,247.90,412.755547,29.936677,-74.71,39.438767,14968.338539,20190914_070401
1,KDIX20190914_111108_V06,34,-1.000,253.58,413.051502,31.659693,-74.68,39.437516,15829.846583,20190914_071108
1,KDIX20190914_111815_V06,41,0.229,272.55,427.022339,14.324028,-74.57,39.374802,7162.014008,20190914_071815
3,KDIX20190914_103541_V06,-2,0.420,104.26,384.953064,7.899521,-75.55,39.558762,3949.760437,20190914_063541
3,KDIX20190914_104248_V06,5,0.951,103.15,377.173006,15.002530,-75.56,39.593731,7501.265097,20190914_064248
3,KDIX20190914_104954_V06,12,0.877,103.18,373.593430,23.485029,-75.56,39.609851,11742.514480,20190914_064954
3,KDIX20190914_110401_V06,27,0.110,106.49,354.841261,34.975334,-75.54,39.694478,17487.667016,20190914_070401
4,KDIX20190914_103541_V06,-2,0.319,281.42,374.276550,11.525688,-74.52,39.612402,5762.844086,20190914_063541
4,KDIX20190914_104248_V06,5,0.173,283.05,372.137162,19.834475,-74.51,39.622045,9917.237664,20190914_064248
4,KDIX20190914_104954_V06,12,0.236,283.63,357.198371,30.364354,-74.51,39.689323,15182.176772,20190914_064954
4,KDIX20190914_110401_V06,27,0.279,281.00,351.897334,38.726835,-74.52,39.713181,19363.417474,20190914_070401
7,KDIX20190914_103541_V06,-2,0.068,191.07,449.536041,12.072266,-75.04,39.271792,6036.132812,20190914_063541
7,KDIX20190914_104248_V06,5,0.743,193.28,442.748598,14.936507,-75.03,39.302429,7468.253690,20190914_064248
10,KDIX20190914_104248_V06,5,0.054,249.56,433.907410,16.184631,-74.70,39.343534,8092.315674,20190914_064248
1,KDIX20190920_103729_V06,-6,0.419,288.02,383.323425,4.133369,-74.48,39.571690,2066.684723,20190920_063729
1,KDIX20190920_104436_V06,1,0.150,290.42,382.165480,13.927283,-74.47,39.576912,6963.641295,20190920_064436
1,KDIX20190920_105143_V06,8,0.709,301.69,384.058950,15.494307,-74.40,39.568398,7747.153649,20190920_065143
1,KDIX20190920_110556_V06,22,0.277,268.76,429.106351,28.760563,-74.59,39.365384,14380.281475,20190920_070556
2,KDIX20190920_103729_V06,-6,0.340,250.28,426.003357,5.140350,-74.70,39.379141,2570.175171,20190920_063729
2,KDIX20190920_104436_V06,1,0.313,251.42,426.477335,15.150556,-74.69,39.377023,7575.278013,20190920_064436
2,KDIX20190920_105143_V06,8,0.096,247.56,423.626584,28.358772,-74.72,39.389804,14179.386219,20190920_065143
5,KDIX20190920_103729_V06,-6,0.084,324.03,189.107300,2.718750,-74.27,40.446198,1359.375000,20190920_063729
5,KDIX20190920_104436_V06,1,0.311,330.41,190.415881,9.804165,-74.23,40.440254,4902.082565,20190920_064436
5,KDIX20190920_105143_V06,8,0.265,348.33,195.922699,13.038898,-74.13,40.415247,6519.449002,20190920_065143
11,KDIX20190920_110556_V06,22,0.083,44.82,433.385040,59.523975,-75.89,39.336767,29761.987686,20190920_070556
12,KDIX20190920_111303_V06,30,0.142,375.88,191.706421,7.842682,-73.96,40.433722,3921.340942,20190920_071303
6,KDIX20190925_104716_V06,0,0.961,108.43,391.987305,12.148972,-75.53,39.527323,6074.485779,20190925_064716
6,KDIX20190925_110127_V06,14,0.950,114.06,404.011646,27.342951,-75.49,39.473489,13671.475276,20190925_070127
6,KDIX20190925_110834_V06,21,0.949,117.81,411.150881,35.984972,-75.47,39.441542,17992.485916,20190925_070834
6,KDIX20190925_111541_V06,28,0.941,122.13,417.233117,42.100057,-75.44,39.414381,21050.028617,20190925_071541
6,KDIX20190925_112247_V06,35,0.924,127.12,423.782661,47.245738,-75.41,39.385143,23622.868814,20190925_072247
6,KDIX20190925_112954_V06,42,0.956,129.51,426.916167,54.231581,-75.40,39.371151,27115.790702,20190925_072954
6,KDIX20190925_113701_V06,50,0.844,130.16,430.670822,60.670790,-75.40,39.354276,30335.394763,20190925_073701
6,KDIX20190925_114407_V06,57,0.672,135.09,430.748787,61.280682,-75.37,39.354165,30640.340771,20190925_074407
6,KDIX20190925_115114_V06,64,0.509,141.72,430.977618,64.571408,-75.33,39.353447,32285.703826,20190925_075114
12,KDIX20190925_110127_V06,14,0.591,85.93,175.604736,14.271393,-75.67,40.500236,7135.696411,20190925_070127
12,KDIX20190925_110834_V06,21,0.737,88.08,177.381925,21.325597,-75.66,40.492372,10662.798441,20190925_070834
12,KDIX20190925_111541_V06,28,0.297,90.03,180.409237,23.491777,-75.65,40.478866,11745.888314,20190925_071541
1,KDIX20190925_103303_V06,-14,0.115,158.14,298.164154,28.446747,-75.24,39.952236,14223.373413,20190925_063303
1,KDIX20190925_104009_V06,-7,0.053,158.61,298.138620,34.593024,-75.24,39.952370,17296.512134,20190925_064009
3,KDIX20190925_104009_V06,-7,0.250,329.31,337.051422,28.464382,-74.24,39.779963,14232.191086,20190925_064009
3,KDIX20190925_104716_V06,0,0.111,326.69,341.436767,37.255553,-74.26,39.760237,18627.776348,20190925_064716
4,KDIX20190925_104009_V06,-7,0.104,246.08,433.407471,5.097267,-74.72,39.345732,2548.633575,20190925_064009
4,KDIX20190925_104716_V06,0,-1.000,246.08,433.407471,16.227267,-74.72,39.345732,8113.633575,20190925_064716
4,KDIX20190925_110127_V06,14,0.283,296.60,405.923309,19.903238,-74.43,39.469931,9951.619159,20190925_070127
7,KDIX20190925_104716_V06,0,0.675,322.28,191.607208,12.502914,-74.28,40.434953,6251.457214,20190925_064716
7,KDIX20190925_110127_V06,14,0.069,329.42,199.668155,29.102015,-74.24,40.398602,14551.007554,20190925_070127
7,KDIX20190925_110834_V06,21,0.067,345.98,198.479797,21.139648,-74.14,40.403766,10569.824219,20190925_070834
7,KDIX20190925_111541_V06,28,-1.000,345.98,198.479797,32.269648,-74.14,40.403766,16134.824219,20190925_071541
7,KDIX20190925_112247_V06,35,0.116,360.89,204.450500,14.959610,-74.05,40.376644,7479.804993,20190925_072247
10,KDIX20190925_104716_V06,0,0.151,371.77,177.900696,19.559387,-73.99,40.495975,9779.693604,20190925_064716
10,KDIX20190925_110127_V06,14,0.421,374.04,181.770509,28.742417,-73.97,40.478501,14371.208630,20190925_070127
16,KDIX20190925_110834_V06,21,0.057,24.85,241.202026,27.674784,-76.03,40.200471,13837.391853,20190925_070834
16,KDIX20190925_111541_V06,28,0.427,25.76,244.114351,34.678395,-76.02,40.187435,17339.197572,20190925_071541
16,KDIX20190925_112247_V06,35,0.330,25.18,249.904785,29.085810,-76.02,40.161319,14542.904854,20190925_072247
16,KDIX20190925_112954_V06,42,0.106,23.87,251.749041,35.873485,-76.03,40.152909,17936.742614,20190925_072954
19,KDIX20190925_112247_V06,35,0.149,251.79,478.150177,17.564262,-74.69,39.144312,8782.131195,20190925_072247
19,KDIX20190925_112954_V06,42,0.074,249.57,481.524142,24.211386,-74.70,39.129085,12105.693128,20190925_072954
2,KDIX20190925_104009_V06,-7,0.463,289.76,412.271118,18.926216,-74.47,39.441330,9463.108063,20190925_064009
9,KDIX20190925_104716_V06,0,0.162,138.16,327.838715,6.043015,-75.36,39.817721,3021.507263,20190925_064716
13,KDIX20190925_110127_V06,14,0.069,238.23,474.152100,14.507776,-74.77,39.162102,7253.888130,20190925_070127
13,KDIX20190925_110834_V06,21,-1.000,238.23,474.152100,25.637776,-74.77,39.162102,12818.888130,20190925_070834
13,KDIX20190925_111541_V06,28,0.139,255.16,466.230469,20.871105,-74.67,39.198040,10435.552597,20190925_071541
22,KDIX20190925_114407_V06,57,0.077,32.37,419.651550,49.172310,-75.96,39.397655,24586.154938,20190925_074407
23,KDIX20190925_120528_V06,78,0.132,456.66,135.406281,25.846161,-73.48,40.684400,12923.080444,20190925_080528
1,KDIX20190930_104655_V06,-6,0.751,238.46,426.996887,5.587341,-74.77,39.374475,2793.670654,20190930_064655
1,KDIX20190930_105114_V06,-1,0.898,236.48,427.508434,9.870469,-74.78,39.372135,4935.234568,20190930_065114
1,KDIX20190930_105533_V06,3,0.945,231.91,429.039596,13.668354,-74.81,39.365151,6834.176886,20190930_065533
1,KDIX20190930_110411_V06,12,0.918,227.06,433.343272,21.719904,-74.83,39.345670,10859.952111,20190930_070411
1,KDIX20190930_110830_V06,16,0.868,225.87,435.100156,24.044798,-74.84,39.337732,12022.399081,20190930_070830
1,KDIX20190930_111248_V06,20,0.738,221.17,436.945441,28.800818,-74.87,39.329317,14400.408841,20190930_071248
1,KDIX20190930_111707_V06,25,0.289,219.26,439.294171,30.298308,-74.88,39.318695,15149.153849,20190930_071707
1,KDIX20190930_112127_V06,29,0.163,218.90,441.149652,28.727051,-74.88,39.310330,14363.525635,20190930_072127
4,KDIX20190930_104655_V06,-6,0.109,269.06,381.855774,5.162239,-74.59,39.578180,2581.119537,20190930_064655
4,KDIX20190930_105114_V06,-1,0.832,269.11,382.583785,9.205478,-74.59,39.574902,4602.738924,20190930_065114
4,KDIX20190930_105533_V06,3,0.852,268.30,384.321260,9.274762,-74.60,39.567070,4637.381157,20190930_065533
4,KDIX20190930_110411_V06,12,0.818,266.08,385.268027,15.129805,-74.61,39.562785,7564.902544,20190930_070411
4,KDIX20190930_110830_V06,16,0.097,265.32,386.011031,19.880338,-74.61,39.559431,9940.168891,20190930_070830
13,KDIX20190930_110411_V06,12,0.127,96.61,382.343353,12.852013,-75.59,39.570066,6426.006317,20190930_070411
13,KDIX20190930_110830_V06,16,0.250,96.23,381.785781,18.248999,-75.60,39.572554,9124.499360,20190930_070830
13,KDIX20190930_111248_V06,20,0.443,94.29,379.678036,19.373014,-75.61,39.581928,9686.506807,20190930_071248
13,KDIX20190930_111707_V06,25,0.068,91.49,376.629702,21.160034,-75.62,39.595485,10580.017117,20190930_071707
34,KDIX20190930_114301_V06,51,0.499,334.13,310.895081,8.059753,-74.21,39.897706,4029.876709,20190930_074301
34,KDIX20190930_114720_V06,55,0.160,332.78,311.291678,14.553468,-74.22,39.895933,7276.734176,20190930_074720
34,KDIX20190930_115139_V06,59,0.322,329.87,311.758946,16.366757,-74.24,39.893856,8183.378483,20190930_075139
34,KDIX20190930_120016_V06,68,0.115,318.70,305.921446,25.121547,-74.30,39.920223,12560.773600,20190930_080016
42,KDIX20190930_120937_V06,77,0.606,235.73,422.374878,7.923439,-74.78,39.395240,3961.719513,20190930_080937
42,KDIX20190930_121417_V06,82,0.754,235.94,421.700568,11.493595,-74.78,39.398280,5746.797273,20190930_081417
42,KDIX20190930_121856_V06,86,0.850,235.57,420.541463,11.001828,-74.79,39.403494,5500.913789,20190930_081856
43,KDIX20190930_120937_V06,77,0.217,269.34,378.397583,6.343452,-74.59,39.593756,3171.726227,20190930_080937
43,KDIX20190930_121417_V06,82,0.119,268.45,378.618492,13.332252,-74.59,39.592753,6666.126171,20190930_081417
43,KDIX20190930_121856_V06,86,0.263,263.26,377.109767,16.416408,-74.62,39.599496,8208.203989,20190930_081856
6,KDIX20190930_105114_V06,-1,0.261,309.31,190.037750,4.706116,-74.36,40.442081,2353.057861,20190930_065114
6,KDIX20190930_105533_V06,3,0.120,309.02,190.082296,9.782457,-74.36,40.441882,4891.228702,20190930_065533
7,KDIX20190930_105114_V06,-1,0.114,366.87,122.888367,43.058434,-74.02,40.743772,21529.216766,20190930_065114
7,KDIX20190930_105533_V06,3,0.090,367.76,122.596994,47.749039,-74.01,40.745066,23874.519319,20190930_065533
12,KDIX20190930_110411_V06,12,0.245,327.78,328.624603,21.033936,-74.25,39.817924,10516.967773,20190930_070411
12,KDIX20190930_110830_V06,16,0.119,327.62,328.162066,25.749987,-74.25,39.820009,12874.993486,20190930_070830
12,KDIX20190930_111248_V06,20,0.308,331.43,325.142548,17.606766,-74.23,39.833573,8803.382874,20190930_071248
12,KDIX20190930_111707_V06,25,0.156,331.36,325.227324,23.285008,-74.23,39.833192,11642.504182,20190930_071707
12,KDIX20190930_112127_V06,29,0.117,338.30,327.427795,12.639557,-74.19,39.823211,6319.778442,20190930_072127
22,KDIX20190930_112127_V06,29,0.125,271.85,418.240997,20.564224,-74.57,39.414344,10282.112122,20190930_072127
22,KDIX20190930_112546_V06,33,0.254,271.94,419.854219,26.392927,-74.57,39.407079,13196.463462,20190930_072546
27,KDIX20190930_112546_V06,33,0.346,297.19,198.315430,37.042801,-74.43,40.404821,18521.400452,20190930_072546
27,KDIX20190930_113005_V06,38,0.059,295.41,198.795196,44.394413,-74.44,40.402658,22197.206478,20190930_073005
27,KDIX20190930_113424_V06,42,0.115,301.03,176.762268,14.546341,-74.41,40.501870,7273.170471,20190930_073424
39,KDIX20190930_115139_V06,59,0.052,287.02,197.103516,13.139786,-74.49,40.410254,6569.892883,20190930_075139
39,KDIX20190930_120016_V06,68,0.073,290.37,190.966665,25.075714,-74.47,40.437898,12537.856827,20190930_080016
41,KDIX20190930_120016_V06,68,0.056,359.99,199.317871,12.169785,-74.06,40.399772,6084.892273,20190930_080016
41,KDIX20190930_120457_V06,72,0.116,359.40,199.585007,17.792044,-74.06,40.398579,8896.021936,20190930_080457
41,KDIX20190930_120937_V06,77,0.052,355.26,205.077393,15.468460,-74.09,40.373919,7734.230042,20190930_080937
9,KDIX20190930_105533_V06,3,0.226,267.70,292.650421,77.805115,-74.60,39.979882,38902.557373,20190930_065533
16,KDIX20190930_111248_V06,20,0.195,220.52,243.526489,15.515656,-74.88,40.200305,7757.827759,20190930_071248
17,KDIX20190930_111248_V06,20,0.174,355.23,184.855774,44.236038,-74.09,40.464972,22118.019104,20190930_071248
21,KDIX20190930_111248_V06,20,0.062,294.93,304.899506,31.955185,-74.44,39.924873,15977.592468,20190930_071248
31,KDIX20190930_113842_V06,46,0.197,287.58,404.159546,7.804565,-74.48,39.477853,3902.282715,20190930_073842
31,KDIX20190930_114301_V06,51,-1.000,287.58,404.159546,15.754565,-74.48,39.477853,7877.282715,20190930_074301
31,KDIX20190930_114720_V06,55,0.053,284.00,409.480408,5.854240,-74.50,39.453876,2927.120209,20190930_074720
32,KDIX20190930_113842_V06,46,0.063,381.95,129.430298,32.939636,-73.93,40.713980,16469.818115,20190930_073842
40,KDIX20190930_120016_V06,68,0.066,383.76,144.456451,25.812866,-73.92,40.646281,12906.433105,20190930_080016
44,KDIX20190930_120937_V06,77,0.182,241.08,461.403625,8.191002,-74.75,39.219566,4095.500946,20190930_080937
3,KDIX20191006_111501_V06,17,0.182,360.89,304.510712,15.367691,-74.05,39.926080,7683.845520,20191006_071501
3,KDIX20191006_112155_V06,23,0.389,359.86,303.081936,22.194445,-74.06,39.932533,11097.222446,20191006_072155
4,KDIX20191006_113555_V06,37,0.478,282.38,416.936554,4.916351,-74.51,39.420289,2458.175659,20191006_073555
4,KDIX20191006_114245_V06,44,0.109,286.47,416.487017,12.689511,-74.49,39.422332,6344.755590,20191006_074245
2,KDIX20191006_110050_V06,2,0.101,348.05,317.716522,7.201111,-74.13,39.866819,3600.555420,20191006_070050
7,KDIX20191006_113555_V06,37,0.056,198.10,88.294678,38.129829,-75.02,40.898636,19064.914703,20191006_073555
7,KDIX20191006_114245_V06,44,0.063,205.16,95.586945,26.841011,-74.97,40.866013,13420.505524,20191006_074245
16,KDIX20191008_111426_V06,14,0.154,344.61,342.071472,5.414169,-74.15,39.757190,2707.084656,20191008_071426
16,KDIX20191008_111845_V06,18,0.613,343.82,342.581676,10.881821,-74.16,39.754903,5440.910378,20191008_071845
16,KDIX20191008_112304_V06,23,0.651,343.20,344.583042,11.820756,-74.16,39.745899,5910.377873,20191008_072304
16,KDIX20191008_112723_V06,27,0.316,338.80,347.146284,15.443598,-74.18,39.734409,7721.798933,20191008_072723
16,KDIX20191008_113142_V06,31,0.674,332.74,352.991443,17.631701,-74.22,39.708150,8815.850494,20191008_073142
16,KDIX20191008_113600_V06,36,0.383,329.81,354.241464,20.143673,-74.24,39.702547,10071.836303,20191008_073600
16,KDIX20191008_114019_V06,40,0.443,323.27,359.643406,21.590731,-74.28,39.678272,10795.365588,20191008_074019
16,KDIX20191008_114438_V06,44,0.307,318.73,355.216850,22.203274,-74.30,39.698234,11101.636866,20191008_074438
22,KDIX20191008_112304_V06,23,0.058,161.12,309.260101,28.738129,-75.22,39.902396,14369.064331,20191008_072304
22,KDIX20191008_112723_V06,27,-1.000,161.12,309.260101,35.098129,-75.22,39.902396,17549.064331,20191008_072723
22,KDIX20191008_113142_V06,31,0.199,161.92,310.233155,35.148762,-75.22,39.898047,17574.380946,20191008_073142
22,KDIX20191008_113600_V06,36,0.303,160.12,314.817459,32.929183,-75.23,39.877330,16464.591401,20191008_073600
22,KDIX20191008_114019_V06,40,-1.000,159.30,317.574837,32.251566,-75.23,39.864880,16125.782940,20191008_074019
22,KDIX20191008_114438_V06,44,0.129,150.88,313.467267,41.647426,-75.28,39.883016,20823.712875,20191008_074438
22,KDIX20191008_114857_V06,48,0.229,166.83,329.145966,26.886997,-75.19,39.813080,13443.498611,20191008_074857
22,KDIX20191008_115330_V06,53,0.092,166.43,330.954331,32.774031,-75.19,39.804921,16387.015690,20191008_075330
30,KDIX20191008_114019_V06,40,0.216,339.80,194.721436,6.078476,-74.18,40.420769,3039.237976,20191008_074019
30,KDIX20191008_114438_V06,44,0.151,340.15,194.919706,11.677883,-74.17,40.419872,5838.941260,20191008_074438
30,KDIX20191008_114857_V06,48,0.137,338.40,192.533132,13.958635,-74.18,40.430638,6979.317342,20191008_074857
30,KDIX20191008_115330_V06,53,0.206,345.83,193.950439,4.831024,-74.14,40.424163,2415.512085,20191008_075330
46,KDIX20191008_120828_V06,68,0.065,343.61,194.198364,2.412445,-74.15,40.423076,1206.222534,20191008_080828
46,KDIX20191008_121247_V06,72,0.091,344.17,194.535202,9.096928,-74.15,40.421552,4548.463885,20191008_081247
46,KDIX20191008_121705_V06,77,0.099,350.87,201.521389,15.437818,-74.11,40.390000,7718.908828,20191008_081705
2,KDIX20191008_103524_V06,-25,0.140,226.86,343.196777,31.703419,-74.84,39.751629,15851.709366,20191008_063524
2,KDIX20191008_103943_V06,-21,0.052,225.59,341.897914,38.354410,-74.85,39.757451,19177.205078,20191008_063943
8,KDIX20191008_110116_V06,1,0.115,239.14,237.515259,1.991776,-74.77,40.227761,995.887756,20191008_070116
8,KDIX20191008_110535_V06,5,0.064,238.57,237.899011,7.785678,-74.77,40.226022,3892.839160,20191008_070535
35,KDIX20191008_114019_V06,40,0.056,210.60,258.982086,22.559952,-74.94,40.130462,11279.975891,20191008_074019
35,KDIX20191008_114438_V06,44,0.107,210.07,259.406017,27.582672,-74.94,40.128539,13791.335920,20191008_074438
42,KDIX20191008_115330_V06,53,0.437,302.29,144.120026,12.804611,-74.40,40.648846,6402.305603,20191008_075330
42,KDIX20191008_120409_V06,64,0.741,299.37,137.908726,15.053146,-74.41,40.676814,7526.572861,20191008_080409
1,KDIX20191008_103105_V06,-29,0.050,330.97,318.596680,8.037277,-74.23,39.863055,4018.638611,20191008_063105
18,KDIX20191008_111426_V06,14,0.072,459.43,55.605713,52.015350,-73.46,41.043535,26007.675171,20191008_071426
20,KDIX20191008_111845_V06,18,0.069,223.89,247.039001,11.303932,-74.86,40.184566,5651.966095,20191008_071845
23,KDIX20191008_112723_V06,27,0.088,150.67,314.799652,43.409599,-75.28,39.877008,21704.799652,20191008_072723
24,KDIX20191008_112723_V06,27,0.082,91.13,506.640930,34.657749,-75.62,39.010017,17328.874588,20191008_072723
27,KDIX20191008_113142_V06,31,0.074,214.80,270.445312,30.344208,-74.91,40.078953,15172.103882,20191008_073142
28,KDIX20191008_113600_V06,36,0.061,213.03,237.068665,15.756821,-74.92,40.229198,7878.410339,20191008_073600
32,KDIX20191008_114019_V06,40,0.181,310.81,144.551331,16.725510,-74.35,40.646887,8362.754822,20191008_074019
40,KDIX20191008_114857_V06,48,0.084,209.33,503.938904,22.666382,-74.93,39.027311,11333.190918,20191008_074857
1,KDIX20191014_110448_V06,-2,0.203,340.71,331.878815,4.321686,-74.17,39.803140,2160.842896,20191014_070448
1,KDIX20191014_110916_V06,3,0.524,340.81,332.811332,10.165495,-74.17,39.798939,5082.747634,20191014_070916
1,KDIX20191014_111344_V06,7,0.459,342.68,332.769455,12.805620,-74.16,39.799105,6402.810247,20191014_071344
1,KDIX20191014_111812_V06,12,0.794,343.71,332.360366,14.826112,-74.16,39.800934,7413.055763,20191014_071812
1,KDIX20191014_112245_V06,16,0.748,341.27,331.397603,19.887467,-74.17,39.805300,9943.733345,20191014_072245
1,KDIX20191014_112704_V06,21,0.603,341.80,330.153435,22.130057,-74.17,39.810896,11065.028415,20191014_072704
3,KDIX20191014_110448_V06,-2,0.080,310.97,185.996002,1.775635,-74.35,40.460275,887.817383,20191014_070448
6,KDIX20191014_120138_V06,55,0.059,108.58,452.143555,15.504581,-75.52,39.256445,7752.290726,20191014_080138
8,KDIX20191014_121434_V06,68,0.056,359.16,294.585083,1.936050,-74.06,39.970807,968.025208,20191014_081434
3,KDIX20191019_111050_V06,-2,0.938,104.61,393.499786,12.105080,-75.55,39.520296,6052.539825,20191019_071050
3,KDIX20191019_111746_V06,5,0.937,107.06,394.770977,20.335062,-75.53,39.514712,10167.530757,20191019_071746
3,KDIX20191019_112452_V06,12,0.940,109.25,397.226678,29.463704,-75.52,39.503777,14731.852115,20191019_072452
3,KDIX20191019_113159_V06,19,0.901,106.91,401.112551,40.171668,-75.53,39.486147,20085.833946,20191019_073159
3,KDIX20191019_113906_V06,27,0.183,104.02,400.906202,48.477580,-75.55,39.486912,24238.789858,20191019_073906
4,KDIX20191019_111050_V06,-2,0.084,324.21,518.153503,68.496246,-74.27,38.964396,34248.123169,20191019_071050
4,KDIX20191019_111746_V06,5,0.083,325.73,517.301754,76.362451,-74.26,38.968221,38181.225654,20191019_071746
4,KDIX20191019_112452_V06,12,0.079,320.46,517.952759,67.570404,-74.29,38.965324,33785.202026,20191019_072452
1,KDIX20191019_110349_V06,-9,0.430,243.33,425.045227,8.190117,-74.74,39.383348,4095.058441,20191019_070349
5,KDIX20191019_111050_V06,-2,0.059,220.47,308.659271,44.112747,-74.88,39.907013,22056.373596,20191019_071050
8,KDIX20191019_113159_V06,19,0.067,200.25,298.866455,22.953186,-74.99,39.950575,11476.593018,20191019_073159
9,KDIX20191019_122146_V06,69,0.050,286.23,388.157440,12.708328,-74.49,39.549913,6354.164124,20191019_082146
9,KDIX20191019_122853_V06,76,0.062,290.06,391.327698,7.724281,-74.47,39.535649,3862.140656,20191019_082853
