track_id,filename,from_sunrise,det_score,x,y,r,lon,lat,radius,local_time
7,KLSX20171003_115739_V06,-3,0.360,383.19,237.097900,9.024689,-90.20,38.981218,4512.344360,20171003_065739
7,KLSX20171003_120722_V06,7,0.052,380.68,228.780029,19.410583,-90.22,39.018738,9705.291560,20171003_070722
4,KLSX20171003_114757_V06,-13,0.068,358.11,299.308380,19.993500,-90.35,38.701528,9996.749878,20171003_064757
4,KLSX20171003_115739_V06,-3,-1.000,358.11,299.308380,35.893500,-90.35,38.701528,17946.749878,20171003_065739
4,KLSX20171003_120722_V06,7,0.118,365.51,307.956970,7.531647,-90.31,38.662445,3765.823364,20171003_070722
11,KLSX20171003_124613_V06,46,0.383,335.33,455.015320,19.263161,-90.48,38.000469,9631.580353,20171003_074613
11,KLSX20171007_120005_V06,-4,0.066,386.31,255.297180,5.858856,-90.19,38.899176,2929.428101,20171007_070005
11,KLSX20171007_120317_V06,-1,0.195,386.93,253.928339,10.221723,-90.18,38.905326,5110.861328,20171007_070317
11,KLSX20171007_120629_V06,2,0.906,394.56,245.757499,15.259180,-90.14,38.941930,7629.589757,20171007_070629
18,KLSX20171007_120629_V06,2,0.209,368.88,302.504089,21.354156,-90.29,38.686941,10677.078247,20171007_070629
18,KLSX20171007_120941_V06,5,0.134,367.57,301.298651,26.206722,-90.29,38.692396,13103.360983,20171007_070941
18,KLSX20171007_121254_V06,8,0.065,366.69,295.768467,29.291566,-90.30,38.717321,14645.782756,20171007_071254
4,KLSX20171007_113740_V06,-27,0.138,202.44,305.781250,23.527702,-91.24,38.671507,11763.851166,20171007_063740
5,KLSX20171007_113740_V06,-27,0.100,266.68,415.809387,4.940926,-90.87,38.177093,2470.462799,20171007_063740
9,KLSX20171007_114405_V06,-20,0.077,354.19,309.792633,6.176178,-90.37,38.654368,3088.088989,20171007_064405
10,KLSX20171007_115028_V06,-14,0.076,368.68,301.285278,14.656876,-90.29,38.692435,7328.437805,20171007_065028
12,KLSX20171007_120005_V06,-4,0.051,267.34,206.946960,1.558090,-90.87,39.117844,779.045105,20171007_070005
14,KLSX20171007_120317_V06,-1,0.140,332.34,337.302490,19.354076,-90.50,38.530726,9677.038193,20171007_070317
24,KLSX20171007_122543_V06,21,0.116,347.59,315.713257,15.040390,-90.41,38.627796,7520.195007,20171007_072543
3,KLSX20171009_115854_V06,-8,0.366,344.64,170.755371,4.614090,-90.42,39.280708,2307.044983,20171009_065854
3,KLSX20171009_120838_V06,2,0.394,345.26,172.473201,11.943592,-90.42,39.272963,5971.795792,20171009_070838
3,KLSX20171009_121820_V06,12,0.231,350.40,177.163354,14.873702,-90.39,39.251770,7436.851187,20171009_071820
3,KLSX20171009_122804_V06,22,0.191,358.70,171.324591,27.316517,-90.34,39.277937,13658.258291,20171009_072804
1,KLSX20171009_114910_V06,-17,0.479,356.70,320.969177,30.380177,-90.36,38.603989,15190.088272,20171009_064910
1,KLSX20171009_115854_V06,-8,0.128,362.38,319.278565,36.905968,-90.32,38.611508,18452.983853,20171009_065854
1,KLSX20171009_120838_V06,2,-1.000,368.26,317.529655,44.753338,-90.29,38.619277,22376.668936,20171009_070838
1,KLSX20171009_121820_V06,12,0.061,366.07,304.868633,48.535703,-90.30,38.676345,24267.851318,20171009_071820
5,KLSX20171009_120838_V06,2,0.663,190.37,97.739075,14.265694,-91.32,39.608093,7132.846832,20171009_070838
5,KLSX20171009_121820_V06,12,0.070,193.43,95.844887,22.113439,-91.30,39.616719,11056.719650,20171009_071820
5,KLSX20171009_122804_V06,22,0.121,200.22,81.831184,26.625139,-91.26,39.680027,13312.569512,20171009_072804
6,KLSX20171009_120838_V06,2,0.276,117.94,163.331024,5.327400,-91.74,39.309686,2663.700104,20171009_070838
6,KLSX20171009_121820_V06,12,0.090,110.55,171.105027,21.096777,-91.78,39.274286,10548.388749,20171009_071820
21,KLSX20171009_124732_V06,41,0.092,424.46,517.259399,54.526398,-89.98,37.718104,27263.198853,20171009_074732
21,KLSX20171009_125715_V06,51,0.381,419.59,514.200898,57.546380,-90.00,37.732046,28773.190102,20171009_075715
23,KLSX20171009_130659_V06,60,0.064,352.61,334.447662,27.669621,-90.38,38.543342,13834.810257,20171009_080659
23,KLSX20171009_131643_V06,70,0.167,351.65,336.084144,36.143938,-90.39,38.535985,18071.969088,20171009_081643
22,KLSX20171009_130659_V06,60,0.082,309.41,356.894897,31.630177,-90.63,38.442611,15815.088272,20171009_080659
22,KLSX20171009_131643_V06,70,-1.000,309.41,356.894897,47.530177,-90.63,38.442611,23765.088272,20171009_081643
22,KLSX20171009_132626_V06,80,0.071,294.10,377.429711,55.937637,-90.72,38.350123,27968.818375,20171009_082626
2,KLSX20171009_114910_V06,-17,0.062,345.65,390.834167,27.458702,-90.42,38.289457,13729.351044,20171009_064910
7,KLSX20171009_120838_V06,2,0.272,312.09,139.184814,20.748169,-90.61,39.423153,10374.084473,20171009_070838
13,KLSX20171009_120838_V06,2,0.117,227.65,131.765717,7.121742,-91.10,39.455835,3560.871124,20171009_070838
14,KLSX20171009_120838_V06,2,0.078,539.92,271.557068,14.261230,-89.30,38.818847,7130.615234,20171009_070838
16,KLSX20171009_121820_V06,12,0.353,42.57,189.787781,17.606901,-92.17,39.185819,8803.450584,20171009_071820
17,KLSX20171009_121820_V06,12,0.080,56.77,422.102539,68.240730,-92.07,38.140641,34120.365143,20171009_071820
17,KLSX20171009_122804_V06,22,-1.000,56.77,422.102539,84.140730,-92.07,38.140641,42070.365143,20171009_072804
17,KLSX20171009_123748_V06,31,0.060,75.63,365.285950,58.706593,-91.97,38.397761,29353.296280,20171009_073748
20,KLSX20171009_124732_V06,41,0.198,23.87,275.221588,14.427908,-92.27,38.799699,7213.953972,20171009_074732
24,KLSX20171009_131643_V06,70,0.397,491.29,459.540680,32.737190,-89.59,37.975166,16368.595123,20171009_081643
