track_id,filename,from_sunrise,det_score,x,y,r,lon,lat,radius,local_time
36,KLSX20130810_110126_V06,-11,0.078,60.93,335.788269,14.411558,-92.05,38.529649,7205.779076,20130810_060126
36,KLSX20130810_110619_V06,-6,0.864,61.90,336.725482,17.742827,-92.05,38.525493,8871.413400,20130810_060619
36,KLSX20130810_111113_V06,-1,0.880,61.07,339.995951,20.340834,-92.05,38.510709,10170.416829,20130810_061113
36,KLSX20130810_111608_V06,4,0.832,54.08,345.072836,27.431623,-92.09,38.487368,13715.811429,20130810_061608
36,KLSX20130810_112101_V06,9,0.865,53.27,345.294612,31.674778,-92.10,38.486313,15837.388807,20130810_062101
36,KLSX20130810_112612_V06,14,0.654,46.28,349.927681,41.082334,-92.14,38.464957,20541.166903,20130810_062612
36,KLSX20130810_113105_V06,19,0.381,53.44,350.897535,40.163599,-92.10,38.461092,20081.799333,20130810_063105
36,KLSX20130810_113600_V06,24,0.479,60.76,348.794495,34.209641,-92.05,38.471064,17104.820251,20130810_063600
1,KLSX20130810_104647_V06,-26,0.972,265.54,154.058289,9.963623,-90.88,39.356020,4981.811523,20130810_054647
1,KLSX20130810_105141_V06,-21,0.960,264.90,156.466536,16.137967,-90.89,39.345168,8068.983251,20130810_055141
1,KLSX20130810_105635_V06,-16,0.927,266.18,160.247403,22.203141,-90.88,39.328153,11101.570388,20130810_055635
1,KLSX20130810_110126_V06,-11,0.904,263.78,166.971728,29.889414,-90.89,39.297845,14944.706899,20130810_060126
1,KLSX20130810_110619_V06,-6,0.779,265.07,167.589689,33.388884,-90.89,39.295075,16694.442151,20130810_060619
1,KLSX20130810_111113_V06,-1,0.668,263.72,166.236679,31.596044,-90.89,39.301155,15798.021838,20130810_061113
1,KLSX20130810_111608_V06,4,-1.000,262.82,165.439363,30.984064,-90.90,39.304736,15492.031985,20130810_061608
1,KLSX20130810_112101_V06,9,-1.000,261.92,164.642047,30.372084,-90.90,39.308318,15186.042133,20130810_062101
1,KLSX20130810_112612_V06,14,-1.000,261.01,163.844731,29.760105,-90.91,39.311898,14880.052280,20130810_062612
1,KLSX20130810_113105_V06,19,-1.000,260.11,163.047415,29.148125,-90.91,39.315479,14574.062427,20130810_063105
1,KLSX20130810_113600_V06,24,0.052,261.77,174.600662,33.478750,-90.90,39.263466,16739.374865,20130810_063600
2,KLSX20130810_104647_V06,-26,0.371,396.96,271.751160,6.261871,-90.12,38.824793,3130.935669,20130810_054647
2,KLSX20130810_105141_V06,-21,0.478,397.64,272.016240,11.872064,-90.12,38.823580,5936.032056,20130810_055141
2,KLSX20130810_105635_V06,-16,0.319,394.53,272.974577,13.161385,-90.14,38.819349,6580.692714,20130810_055635
2,KLSX20130810_110126_V06,-11,0.070,394.74,274.830450,14.087663,-90.14,38.810985,7043.831485,20130810_060126
2,KLSX20130810_110619_V06,-6,0.085,400.95,277.054716,16.359368,-90.10,38.800795,8179.683826,20130810_060619
23,KLSX20130810_105635_V06,-16,0.164,334.04,195.221283,19.834274,-90.49,39.170640,9917.137146,20130810_055635
23,KLSX20130810_110126_V06,-11,0.108,334.38,196.238206,27.232919,-90.48,39.166057,13616.459297,20130810_060126
23,KLSX20130810_110619_V06,-6,0.186,335.84,199.208059,29.729884,-90.48,39.152667,14864.942185,20130810_060619
23,KLSX20130810_111113_V06,-1,0.153,336.00,199.044316,29.301155,-90.47,39.153403,14650.577480,20130810_061113
23,KLSX20130810_111608_V06,4,0.188,339.98,199.629312,28.655402,-90.45,39.150725,14327.700980,20130810_061608
24,KLSX20130810_105635_V06,-16,0.159,219.54,253.220856,4.280075,-91.15,38.908666,2140.037537,20130810_055635
24,KLSX20130810_110126_V06,-11,0.205,219.18,254.044540,10.904108,-91.15,38.904948,5452.054033,20130810_060126
24,KLSX20130810_110619_V06,-6,0.100,218.20,258.509640,13.773711,-91.15,38.884815,6886.855711,20130810_060619
24,KLSX20130810_111113_V06,-1,0.054,218.39,262.971338,15.494128,-91.15,38.864725,7747.063782,20130810_061113
24,KLSX20130810_111608_V06,4,0.071,217.68,264.182555,14.869877,-91.16,38.859253,7434.938408,20130810_061608
10,KLSX20130810_105141_V06,-21,0.378,290.35,199.992584,2.519119,-90.74,39.149304,1259.559631,20130810_055141
10,KLSX20130810_105635_V06,-16,0.614,289.20,201.496895,9.155513,-90.75,39.142525,4577.756323,20130810_055635
10,KLSX20130810_110126_V06,-11,0.724,286.96,204.847510,9.631936,-90.76,39.127427,4815.968209,20130810_060126
10,KLSX20130810_110619_V06,-6,0.205,285.44,207.641593,11.304480,-90.77,39.114837,5652.240247,20130810_060619
10,KLSX20130810_111113_V06,-1,-1.000,283.82,210.468806,12.982086,-90.78,39.102097,6491.043149,20130810_061113
10,KLSX20130810_111608_V06,4,-1.000,282.20,213.296018,14.659692,-90.79,39.089356,7329.846052,20130810_061608
10,KLSX20130810_112101_V06,9,0.080,276.86,228.385665,29.631791,-90.82,39.021364,14815.895719,20130810_062101
3,KLSX20130810_104647_V06,-26,0.264,308.87,51.989075,15.145599,-90.63,39.815840,7572.799683,20130810_054647
3,KLSX20130810_105141_V06,-21,0.257,309.07,53.627929,24.779863,-90.63,39.808459,12389.931283,20130810_055141
3,KLSX20130810_105635_V06,-16,0.618,317.43,53.515156,27.351928,-90.58,39.808935,13675.964117,20130810_055635
3,KLSX20130810_110126_V06,-11,0.283,317.14,56.699092,33.537812,-90.58,39.794598,16768.905996,20130810_060126
8,KLSX20130810_105141_V06,-21,0.617,225.72,322.288086,5.070847,-91.11,38.597724,2535.423279,20130810_055141
8,KLSX20130810_105635_V06,-16,0.618,225.91,322.925671,9.454721,-91.11,38.594856,4727.360344,20130810_055635
8,KLSX20130810_110126_V06,-11,0.710,224.84,325.645652,9.419532,-91.11,38.582582,4709.766167,20130810_060126
8,KLSX20130810_110619_V06,-6,0.118,226.46,328.875446,10.241508,-91.10,38.568069,5120.754153,20130810_060619
11,KLSX20130810_105141_V06,-21,0.260,255.72,333.988007,4.517086,-90.94,38.545526,2258.543015,20130810_055141
11,KLSX20130810_105635_V06,-16,0.094,255.82,333.832720,13.192361,-90.94,38.546227,6596.180749,20130810_055635
11,KLSX20130810_110126_V06,-11,0.230,247.01,330.078936,20.892492,-90.99,38.563014,10446.245999,20130810_060126
11,KLSX20130810_110619_V06,-6,0.301,244.52,335.673387,22.552085,-91.00,38.537778,11276.042457,20130810_060619
9,KLSX20130810_105141_V06,-21,0.585,464.19,94.496948,11.165627,-89.73,39.620541,5582.813263,20130810_055141
9,KLSX20130810_105635_V06,-16,0.118,464.76,94.922594,18.386172,-89.72,39.618598,9193.085950,20130810_055635
9,KLSX20130810_110126_V06,-11,0.459,466.13,99.805639,24.431852,-89.72,39.596544,12215.925876,20130810_060126
9,KLSX20130810_110619_V06,-6,-1.000,467.30,103.681767,30.769430,-89.71,39.579034,15384.714945,20130810_060619
9,KLSX20130810_111113_V06,-1,0.062,464.00,123.079741,38.122292,-89.73,39.491840,19061.145789,20130810_061113
29,KLSX20130810_110126_V06,-11,0.439,174.39,319.200317,23.898621,-91.40,38.610184,11949.310303,20130810_060126
29,KLSX20130810_110619_V06,-6,0.636,174.58,321.236902,29.834837,-91.40,38.601019,14917.418323,20130810_060619
29,KLSX20130810_111113_V06,-1,0.717,175.78,325.666813,28.580945,-91.40,38.581109,14290.472731,20130810_061113
29,KLSX20130810_111608_V06,4,0.713,175.24,325.122584,29.136820,-91.40,38.583541,14568.409878,20130810_061608
29,KLSX20130810_112101_V06,9,-1.000,175.04,325.571454,29.605690,-91.40,38.581512,14802.845168,20130810_062101
29,KLSX20130810_112612_V06,14,0.060,183.77,325.893188,24.789055,-91.35,38.580359,12394.527435,20130810_062612
40,KLSX20130810_110619_V06,-6,0.103,106.60,311.745453,5.665413,-91.79,38.640710,2832.706451,20130810_060619
40,KLSX20130810_111113_V06,-1,0.559,106.14,311.871915,11.889446,-91.80,38.640115,5944.722997,20130810_061113
40,KLSX20130810_111608_V06,4,0.341,104.00,314.871694,16.366134,-91.81,38.626487,8183.066805,20130810_061608
40,KLSX20130810_112101_V06,9,0.121,101.04,320.268040,21.110598,-91.82,38.602019,10555.299064,20130810_062101
43,KLSX20130810_111113_V06,-1,0.615,211.71,83.180481,19.589760,-91.20,39.674263,9794.879913,20130810_061113
43,KLSX20130810_111608_V06,4,0.433,212.35,81.994332,26.160058,-91.19,39.679621,13080.028793,20130810_061608
43,KLSX20130810_112101_V06,9,0.454,215.15,80.498635,26.586194,-91.18,39.686426,13293.096830,20130810_062101
43,KLSX20130810_112612_V06,14,0.117,220.15,81.121936,26.509764,-91.15,39.683738,13254.882129,20130810_062612
43,KLSX20130810_113105_V06,19,-1.000,224.38,81.163181,26.962794,-91.12,39.683647,13481.397011,20130810_063105
43,KLSX20130810_113600_V06,24,0.096,224.08,69.107422,15.924934,-91.13,39.737930,7962.467194,20130810_063600
4,KLSX20130810_104647_V06,-26,0.072,347.94,255.734222,17.085037,-90.41,38.897939,8542.518616,20130810_054647
4,KLSX20130810_105141_V06,-21,0.193,346.68,256.400182,23.111998,-90.41,38.894956,11555.999034,20130810_055141
4,KLSX20130810_105635_V06,-16,0.441,343.64,256.238068,20.373245,-90.43,38.895725,10186.622620,20130810_055635
4,KLSX20130810_110126_V06,-11,0.230,344.95,256.650770,26.086885,-90.42,38.893850,13043.442615,20130810_060126
19,KLSX20130810_105635_V06,-16,0.471,360.49,373.616638,4.855804,-90.34,38.366790,2427.902222,20130810_055635
19,KLSX20130810_110126_V06,-11,0.087,360.66,373.665179,12.598131,-90.34,38.366569,6299.065401,20130810_060126
27,KLSX20130810_105635_V06,-16,0.073,381.14,312.019958,7.611206,-90.22,38.643822,3805.603027,20130810_055635
27,KLSX20130810_110126_V06,-11,0.121,379.84,312.569302,14.789994,-90.22,38.641377,7394.997231,20130810_060126
44,KLSX20130810_111113_V06,-1,0.103,127.14,408.173157,12.812140,-91.67,38.207468,6406.069756,20130810_061113
44,KLSX20130810_111608_V06,4,0.114,127.13,407.875844,19.142724,-91.67,38.208807,9571.362015,20130810_061608
48,KLSX20130810_111608_V06,4,0.060,397.58,355.548584,15.406624,-90.12,38.447350,7703.311920,20130810_061608
48,KLSX20130810_112101_V06,9,0.139,399.38,353.658627,23.067524,-90.11,38.455813,11533.761937,20130810_062101
48,KLSX20130810_112612_V06,14,-1.000,400.82,352.134468,30.784379,-90.11,38.462637,15392.189370,20130810_062612
48,KLSX20130810_113105_V06,19,0.080,401.72,346.846008,16.498100,-90.10,38.486432,8249.050140,20130810_063105
52,KLSX20130810_112101_V06,9,0.106,486.16,317.540161,16.585938,-89.61,38.615000,8292.968750,20130810_062101
52,KLSX20130810_112612_V06,14,0.078,485.72,317.662563,22.515772,-89.62,38.614472,11257.885935,20130810_062612
55,KLSX20130810_112612_V06,14,0.158,351.87,416.414062,25.335228,-90.39,38.174149,12667.613983,20130810_062612
55,KLSX20130810_113105_V06,19,0.279,351.89,416.725728,31.466025,-90.39,38.172745,15733.012338,20130810_063105
58,KLSX20130810_113105_V06,19,0.147,228.56,109.799500,15.035233,-91.10,39.554777,7517.616272,20130810_063105
58,KLSX20130810_113600_V06,24,0.074,229.06,109.522775,20.904795,-91.10,39.556033,10452.397332,20130810_063600
60,KLSX20130810_113105_V06,19,0.070,305.51,122.497375,16.155273,-90.65,39.498322,8077.636719,20130810_063105
60,KLSX20130810_113600_V06,24,0.119,305.85,123.235249,21.897811,-90.65,39.494998,10948.905639,20130810_063600
69,KLSX20130810_123503_V06,83,0.053,314.82,203.343658,2.372589,-90.60,39.134193,1186.294556,20130810_073503
69,KLSX20130810_123958_V06,87,0.097,314.80,205.251947,9.008172,-90.60,39.125599,4504.085986,20130810_073958
15,KLSX20130810_105141_V06,-21,0.126,430.61,131.840607,8.198822,-89.92,39.453801,4099.411011,20130810_055141
26,KLSX20130810_105635_V06,-16,0.090,335.99,148.769073,10.421463,-90.47,39.379825,5210.731506,20130810_055635
32,KLSX20130810_110126_V06,-11,0.135,375.32,340.400696,3.140289,-90.25,38.516120,1570.144653,20130810_060126
41,KLSX20130810_110619_V06,-6,0.083,122.06,220.610535,14.167698,-91.71,39.051952,7083.848953,20130810_060619
45,KLSX20130810_111113_V06,-1,0.088,289.37,136.259857,28.266617,-90.74,39.436331,14133.308411,20130810_061113
46,KLSX20130810_111608_V06,4,0.139,349.31,132.459015,14.753098,-90.40,39.453115,7376.548767,20130810_061608
51,KLSX20130810_112101_V06,9,0.150,390.18,98.078003,14.377647,-90.16,39.607127,7188.823700,20130810_062101
53,KLSX20130810_112101_V06,9,0.087,291.84,49.240906,33.425842,-90.73,39.828217,16712.921143,20130810_062101
56,KLSX20130810_112612_V06,14,0.064,476.86,543.689697,31.506191,-89.68,37.596864,15753.095627,20130810_062612
62,KLSX20130810_113600_V06,24,0.162,298.55,374.952637,15.607079,-90.69,38.361285,7803.539276,20130810_063600
66,KLSX20130810_114054_V06,28,0.453,236.02,422.278198,31.444420,-91.05,38.147538,15722.209930,20130810_064054
67,KLSX20130810_114054_V06,28,0.112,445.60,360.137878,8.211365,-89.85,38.425039,4105.682373,20130810_064054
68,KLSX20130810_115042_V06,38,0.058,305.58,248.771759,15.987289,-90.65,38.929619,7993.644714,20130810_065042
1,KLSX20131012_115942_V06,-10,0.298,349.36,302.009216,4.922745,-90.40,38.689496,2461.372375,20131012_065942
1,KLSX20131012_120435_V06,-5,0.072,349.64,301.858006,10.987113,-90.40,38.690173,5493.556565,20131012_070435
4,KLSX20131012_120926_V06,0,0.174,244.11,95.985718,9.292114,-91.01,39.617270,4646.057129,20131012_070926
4,KLSX20131012_121416_V06,5,0.072,246.05,99.861074,15.247845,-91.00,39.599849,7623.922645,20131012_071416
5,KLSX20131012_120926_V06,0,0.076,331.16,223.377258,8.573639,-90.50,39.043859,4286.819458,20131012_070926
5,KLSX20131012_121416_V06,5,0.087,334.74,221.159319,14.399553,-90.48,39.053815,7199.776694,20131012_071416
6,KLSX20131012_121416_V06,5,0.064,246.11,133.754822,27.297211,-91.00,39.447212,13648.605347,20131012_071416
7,KLSX20131012_121906_V06,10,0.074,139.50,222.008331,30.874594,-91.61,39.046497,15437.296867,20131012_071906
3,KLSX20131019_120222_V06,-14,0.121,362.54,223.192108,11.611115,-90.32,39.044274,5805.557251,20131019_070222
3,KLSX20131019_121143_V06,-5,0.644,369.19,226.162002,22.830304,-90.28,39.030774,11415.151913,20131019_071143
3,KLSX20131019_122055_V06,4,0.415,386.97,237.133691,28.404255,-90.18,38.980965,14202.127521,20131019_072055
3,KLSX20131019_123003_V06,14,0.263,390.13,260.330912,27.066553,-90.16,38.876409,13533.276351,20131019_073003
3,KLSX20131019_123906_V06,23,0.126,398.49,275.628946,27.081504,-90.12,38.807286,13540.751888,20131019_073906
3,KLSX20131019_124807_V06,32,0.124,402.83,290.480310,26.031713,-90.09,38.740273,13015.856728,20131019_074807
1,KLSX20131019_120222_V06,-14,0.581,348.56,303.196808,7.924973,-90.40,38.684158,3962.486267,20131019_070222
1,KLSX20131019_121143_V06,-5,0.145,339.00,299.768783,23.493783,-90.46,38.699717,11746.891368,20131019_071143
1,KLSX20131019_122055_V06,4,0.068,329.44,300.010662,27.631277,-90.51,38.698720,13815.638373,20131019_072055
7,KLSX20131019_123906_V06,23,0.142,331.34,164.419891,18.995193,-90.50,39.309385,9497.596741,20131019_073906
8,KLSX20131019_125711_V06,41,0.084,364.51,177.736298,14.860413,-90.31,39.248958,7430.206299,20131019_075711
9,KLSX20131019_125711_V06,41,0.058,161.08,49.920471,21.077995,-91.49,39.822375,10538.997650,20131019_075711
13,KLSX20131027_122455_V06,0,0.564,330.19,112.711304,14.929260,-90.51,39.542267,7464.630127,20131027_072455
13,KLSX20131027_122954_V06,5,0.807,334.94,112.966334,22.774051,-90.48,39.541074,11387.025483,20131027_072954
13,KLSX20131027_123928_V06,15,0.922,340.37,125.468505,25.447909,-90.45,39.484712,12723.954397,20131027_073928
13,KLSX20131027_124846_V06,24,0.602,350.85,128.704484,36.817334,-90.39,39.470001,18408.666941,20131027_074846
4,KLSX20131027_120613_V06,-18,0.136,355.57,365.414185,5.188110,-90.36,38.403816,2594.055176,20131027_070613
4,KLSX20131027_121535_V06,-9,0.138,354.64,358.910882,19.340617,-90.37,38.433124,9670.308736,20131027_071535
4,KLSX20131027_122455_V06,0,0.160,326.30,349.220560,36.201817,-90.53,38.477094,18100.908535,20131027_072455
4,KLSX20131027_122954_V06,5,0.098,314.58,354.541931,32.436928,-90.60,38.453192,16218.463898,20131027_072954
3,KLSX20131027_120613_V06,-18,0.150,244.04,377.921997,5.821083,-91.00,38.347471,2910.541534,20131027_070613
3,KLSX20131027_121535_V06,-9,0.066,244.34,376.783787,14.578414,-91.00,38.352603,7289.206934,20131027_071535
8,KLSX20131027_121535_V06,-9,0.668,407.55,344.438660,20.468094,-90.07,38.497103,10234.046936,20131027_071535
8,KLSX20131027_122455_V06,0,0.060,410.05,345.574483,27.849861,-90.05,38.491911,13924.930563,20131027_072455
14,KLSX20131027_122455_V06,0,0.405,359.31,234.147461,25.187134,-90.34,38.994990,12593.566895,20131027_072455
14,KLSX20131027_122954_V06,5,0.061,356.51,233.559941,31.334811,-90.36,38.997682,15667.405750,20131027_072954
18,KLSX20131027_122455_V06,0,0.058,287.79,124.221863,36.745247,-90.75,39.490539,18372.623444,20131027_072455
18,KLSX20131027_122954_V06,5,0.065,290.34,125.705155,43.846447,-90.74,39.483867,21923.223316,20131027_072954
1,KLSX20131027_115650_V06,-28,0.081,320.09,247.729218,20.942108,-90.57,38.934261,10471.054077,20131027_065650
2,KLSX20131027_115650_V06,-28,0.058,395.66,254.431061,14.194565,-90.13,38.902836,7097.282410,20131027_065650
2,KLSX20131027_120613_V06,-18,-1.000,395.66,254.431061,30.094565,-90.13,38.902836,15047.282410,20131027_070613
2,KLSX20131027_121535_V06,-9,0.171,398.40,252.800659,15.475510,-90.12,38.910103,7737.754822,20131027_071535
6,KLSX20131027_120613_V06,-18,0.078,349.79,303.914307,4.926346,-90.40,38.680910,2463.172913,20131027_070613
16,KLSX20131027_122455_V06,0,0.138,284.29,348.929626,10.341717,-90.77,38.478467,5170.858383,20131027_072455
21,KLSX20131027_132517_V06,61,0.103,316.54,360.410004,20.776794,-90.59,38.426752,10388.397217,20131027_082517
1,KLSX20131104_121516_V06,-18,0.090,358.84,281.775421,2.056564,-90.34,38.780485,1028.282166,20131104_061516
1,KLSX20131104_122014_V06,-13,0.099,358.73,281.377052,8.609659,-90.34,38.782281,4304.829262,20131104_062014
1,KLSX20131104_122510_V06,-8,0.193,357.25,289.215615,16.544570,-90.35,38.747000,8272.285015,20131104_062510
1,KLSX20131104_123007_V06,-3,0.086,360.17,292.875604,17.776793,-90.34,38.730467,8888.396590,20131104_063007
1,KLSX20131104_123945_V06,6,0.112,360.74,308.925988,27.864371,-90.33,38.658166,13932.185335,20131104_063945
1,KLSX20131104_124441_V06,11,0.188,356.92,319.387445,27.453187,-90.36,38.611109,13726.593266,20131104_064441
2,KLSX20131104_121516_V06,-18,0.070,342.88,315.108154,15.456375,-90.44,38.630582,7728.187561,20131104_061516
2,KLSX20131104_122014_V06,-13,0.335,346.02,311.528641,20.823298,-90.42,38.646665,10411.648983,20131104_062014
2,KLSX20131104_122510_V06,-8,0.172,346.95,317.201649,23.877169,-90.41,38.621100,11938.584657,20131104_062510
2,KLSX20131104_123007_V06,-3,0.623,357.55,309.284217,27.374960,-90.35,38.656605,13687.480151,20131104_063007
4,KLSX20131104_122014_V06,-13,0.142,341.51,227.670044,1.966019,-90.44,39.024418,983.009338,20131104_062014
4,KLSX20131104_122510_V06,-8,0.067,341.56,227.792020,8.878335,-90.44,39.023868,4439.167407,20131104_062510
4,KLSX20131104_123007_V06,-3,0.080,343.07,224.539080,14.016136,-90.43,39.038500,7008.067919,20131104_063007
4,KLSX20131104_123945_V06,6,0.134,350.30,215.537438,24.311827,-90.39,39.078946,12155.913620,20131104_063945
9,KLSX20131104_122510_V06,-8,0.132,390.05,248.036652,2.689392,-90.16,38.931783,1344.696045,20131104_062510
9,KLSX20131104_123007_V06,-3,0.765,387.11,242.338868,10.620889,-90.18,38.957519,5310.444547,20131104_063007
