track_id,filename,from_sunrise,det_score,x,y,r,lon,lat,radius,local_time
1,KLIX20181019_114822_V06,-16,0.194,228.01,294.937775,8.903587,-90.20,30.358966,4451.793671,20181019_064822
1,KLIX20181019_120748_V06,3,0.053,202.26,304.092412,17.440674,-90.33,30.317225,8720.337161,20181019_070748
1,KLIX20181019_121730_V06,13,-1.000,188.93,308.831870,22.120365,-90.40,30.295562,11060.182565,20181019_071730
1,KLIX20181019_122713_V06,23,-1.000,175.60,313.571328,26.800056,-90.47,30.273862,13400.027969,20181019_072713
1,KLIX20181019_123654_V06,32,0.204,182.02,325.530943,26.819479,-90.44,30.220082,13409.739707,20181019_073654
1,KLIX20181019_124637_V06,42,0.090,173.84,352.931436,27.699458,-90.48,30.096293,13849.729158,20181019_074637
3,KLIX20181019_120748_V06,3,0.178,335.44,331.239441,18.085831,-89.64,30.195641,9042.915344,20181019_070748
3,KLIX20181019_121730_V06,13,0.099,335.93,331.214906,27.016453,-89.64,30.195748,13508.226636,20181019_071730
10,KLIX20181019_131548_V06,71,0.065,32.94,433.350769,54.587807,-91.21,29.727910,27293.903351,20181019_081548
5,KLIX20181030_120037_V06,-12,0.157,106.63,379.721497,6.079144,-90.83,29.973257,3039.571762,20181030_070037
5,KLIX20181030_120617_V06,-6,0.540,107.43,378.405690,14.175829,-90.82,29.979223,7087.914522,20181030_070617
5,KLIX20181030_121156_V06,-1,0.798,110.04,377.305794,17.200457,-90.81,29.984287,8600.228703,20181030_071156
5,KLIX20181030_121735_V06,5,-1.000,112.64,376.027478,21.841374,-90.80,29.990153,10920.686926,20181030_071735
5,KLIX20181030_122315_V06,11,0.056,90.35,378.763066,22.671734,-90.91,29.976906,11335.867163,20181030_072315
5,KLIX20181030_122854_V06,16,0.871,73.03,368.935929,29.805752,-91.00,30.020451,14902.876107,20181030_072854
5,KLIX20181030_123434_V06,22,0.790,71.34,368.902665,33.812745,-91.01,30.020522,16906.372714,20181030_073434
5,KLIX20181030_124014_V06,28,0.787,72.71,369.921568,33.227227,-91.00,30.015991,16613.613332,20181030_074014
5,KLIX20181030_124553_V06,33,0.295,73.86,364.791025,39.848989,-91.00,30.039184,19924.494338,20181030_074553
5,KLIX20181030_125133_V06,39,0.208,70.16,377.702490,39.735323,-91.02,29.980779,19867.661739,20181030_075133
5,KLIX20181030_130252_V06,50,0.393,66.47,390.197845,33.992805,-91.03,29.924249,16996.402740,20181030_080252
5,KLIX20181030_130830_V06,56,0.153,70.78,393.371918,29.119293,-91.01,29.910139,14559.646606,20181030_080830
9,KLIX20181030_120617_V06,-6,0.618,172.47,369.713867,14.700722,-90.49,30.020564,7350.360870,20181030_070617
9,KLIX20181030_121156_V06,-1,0.801,169.93,373.004472,24.289211,-90.50,30.005655,12144.605695,20181030_071156
9,KLIX20181030_121735_V06,5,0.855,171.16,373.408423,30.701554,-90.49,30.003865,15350.776974,20181030_071735
9,KLIX20181030_122315_V06,11,0.888,172.65,371.175576,34.590919,-90.49,30.013975,17295.459256,20181030_072315
9,KLIX20181030_122854_V06,16,0.926,172.97,369.621427,40.043246,-90.48,30.020993,20021.622939,20181030_072854
9,KLIX20181030_123434_V06,22,0.792,176.91,363.740627,43.863049,-90.46,30.047619,21931.524399,20181030_073434
9,KLIX20181030_124014_V06,28,0.535,177.84,360.585102,49.209736,-90.46,30.061875,24604.868025,20181030_074014
9,KLIX20181030_124553_V06,33,0.604,174.34,362.162386,51.147237,-90.48,30.054672,25573.618514,20181030_074553
9,KLIX20181030_125133_V06,39,0.552,170.64,364.520159,55.647110,-90.50,30.043941,27823.555158,20181030_075133
10,KLIX20181030_120617_V06,-6,0.452,170.50,455.797058,6.063118,-90.49,29.632236,3031.558990,20181030_070617
10,KLIX20181030_121156_V06,-1,0.394,170.67,455.704518,12.386233,-90.49,29.632658,6193.116458,20181030_071156
10,KLIX20181030_121735_V06,5,0.830,168.97,453.283610,14.915184,-90.50,29.643533,7457.591839,20181030_071735
10,KLIX20181030_122315_V06,11,0.916,168.41,452.324744,18.763201,-90.50,29.647843,9381.600400,20181030_072315
10,KLIX20181030_122854_V06,16,0.906,168.76,449.542238,24.160358,-90.50,29.660403,12080.179024,20181030_072854
10,KLIX20181030_123434_V06,22,0.947,168.05,448.999282,27.618445,-90.51,29.662833,13809.222500,20181030_073434
10,KLIX20181030_124014_V06,28,0.928,171.05,449.211312,30.337466,-90.49,29.661957,15168.732921,20181030_074014
10,KLIX20181030_124553_V06,33,0.935,169.95,446.705644,30.555703,-90.50,29.673229,15277.851339,20181030_074553
10,KLIX20181030_125133_V06,39,0.052,167.28,442.410937,35.476502,-90.51,29.692529,17738.251064,20181030_075133
11,KLIX20181030_120617_V06,-6,0.363,18.07,259.623444,12.448089,-91.29,30.510531,6224.044323,20181030_070617
11,KLIX20181030_121156_V06,-1,0.844,19.87,260.543578,21.250042,-91.28,30.506487,10625.021194,20181030_071156
11,KLIX20181030_121735_V06,5,0.869,24.00,257.115623,28.292842,-91.26,30.522183,14146.420825,20181030_071735
11,KLIX20181030_122315_V06,11,0.638,27.16,252.133491,28.949251,-91.25,30.544830,14474.625282,20181030_072315
11,KLIX20181030_122854_V06,16,0.358,29.76,264.222698,39.914756,-91.23,30.490460,19957.377868,20181030_072854
11,KLIX20181030_123434_V06,22,0.057,34.45,258.840424,40.359810,-91.21,30.514992,20179.905178,20181030_073434
6,KLIX20181030_120037_V06,-12,0.116,344.29,326.425232,8.336060,-89.60,30.217282,4168.029785,20181030_070037
6,KLIX20181030_120617_V06,-6,0.383,345.89,325.856539,15.809088,-89.59,30.219832,7904.544098,20181030_070617
6,KLIX20181030_121156_V06,-1,0.767,350.50,323.566071,20.163776,-89.56,30.230117,10081.887769,20181030_071156
6,KLIX20181030_121735_V06,5,0.211,352.30,324.336243,25.500214,-89.55,30.226624,12750.107093,20181030_071735
8,KLIX20181030_120617_V06,-6,0.870,67.38,375.097626,8.065479,-91.03,29.992395,4032.739639,20181030_070617
8,KLIX20181030_121156_V06,-1,0.891,68.48,374.785080,14.426104,-91.03,29.993857,7213.052000,20181030_071156
8,KLIX20181030_121735_V06,5,0.856,68.00,369.513087,19.090778,-91.03,30.017611,9545.388895,20181030_071735
8,KLIX20181030_122315_V06,11,0.630,70.36,365.561370,24.845429,-91.02,30.035545,12422.714300,20181030_072315
12,KLIX20181030_120617_V06,-6,0.324,108.60,471.386292,11.574995,-90.81,29.559897,5787.497520,20181030_070617
12,KLIX20181030_121156_V06,-1,0.151,109.66,469.636523,17.159694,-90.81,29.567831,8579.847064,20181030_071156
12,KLIX20181030_121735_V06,5,0.112,108.59,459.697898,21.056464,-90.81,29.612617,10528.232147,20181030_071735
12,KLIX20181030_122315_V06,11,-1.000,107.90,451.225624,25.549754,-90.82,29.650803,12774.876888,20181030_072315
12,KLIX20181030_122854_V06,16,-1.000,107.32,444.165397,29.294162,-90.82,29.682625,14647.080839,20181030_072854
12,KLIX20181030_123434_V06,22,-1.000,106.62,435.693124,33.787451,-90.82,29.720810,16893.725581,20181030_073434
12,KLIX20181030_124014_V06,28,-1.000,105.93,427.220850,38.280741,-90.83,29.758996,19140.370322,20181030_074014
12,KLIX20181030_124553_V06,33,0.067,110.16,439.562817,37.574298,-90.81,29.703495,18787.149169,20181030_074553
12,KLIX20181030_125133_V06,39,0.232,117.24,450.199463,29.893213,-90.77,29.655789,14946.606636,20181030_075133
37,KLIX20181030_130252_V06,50,0.066,243.68,357.749634,26.805374,-90.12,30.075872,13402.687073,20181030_080252
37,KLIX20181030_130830_V06,56,0.257,244.52,358.026386,34.251784,-90.11,30.074634,17125.892024,20181030_080830
37,KLIX20181030_131410_V06,62,0.108,242.86,354.863998,39.090568,-90.12,30.088878,19545.284139,20181030_081410
37,KLIX20181030_131949_V06,67,-1.000,241.87,352.779727,43.594047,-90.13,30.098267,21797.023288,20181030_081949
37,KLIX20181030_132529_V06,73,0.122,250.07,351.829353,41.891508,-90.08,30.102645,20945.754122,20181030_082529
37,KLIX20181030_133108_V06,79,0.403,255.93,392.014282,8.233994,-90.05,29.921449,4116.996765,20181030_083108
37,KLIX20181030_133647_V06,84,0.163,254.96,391.904388,14.353658,-90.06,29.921935,7176.829080,20181030_083647
16,KLIX20181030_120617_V06,-6,0.113,32.91,325.449921,15.150021,-91.21,30.214527,7575.010300,20181030_070617
16,KLIX20181030_121156_V06,-1,0.143,34.43,324.270403,21.502647,-91.20,30.219929,10751.323306,20181030_071156
16,KLIX20181030_121735_V06,5,0.076,34.23,315.223538,30.172714,-91.21,30.260717,15086.356773,20181030_071735
28,KLIX20181030_123434_V06,22,0.072,34.32,399.991608,37.385460,-91.20,29.878435,18692.729950,20181030_073434
28,KLIX20181030_124014_V06,28,0.066,36.54,404.783800,47.098619,-91.19,29.856942,23549.309552,20181030_074014
28,KLIX20181030_124553_V06,33,0.072,42.06,419.705612,49.891083,-91.16,29.789940,24945.541335,20181030_074553
1,KLIX20181030_114339_V06,-29,0.446,309.66,347.700562,22.447224,-89.78,30.121515,11223.611832,20181030_064339
1,KLIX20181030_114919_V06,-23,0.058,308.59,347.483500,29.424456,-89.78,30.122496,14712.228199,20181030_064919
3,KLIX20181030_114339_V06,-29,0.187,392.18,553.954224,37.168728,-89.35,29.190310,18584.363937,20181030_064339
3,KLIX20181030_114919_V06,-23,0.158,390.97,553.638735,44.333941,-89.36,29.191755,22166.970625,20181030_064919
3,KLIX20181030_120037_V06,-12,-1.000,389.07,553.142966,58.092134,-89.37,29.194026,29046.066848,20181030_070037
3,KLIX20181030_120617_V06,-6,0.051,412.18,548.517212,48.551258,-89.25,29.214423,24275.629044,20181030_070617
22,KLIX20181030_121735_V06,5,0.426,112.49,375.950439,13.946003,-90.80,29.990495,6973.001480,20181030_071735
22,KLIX20181030_122315_V06,11,0.052,115.00,376.823047,21.234588,-90.78,29.986655,10617.294213,20181030_072315
39,KLIX20181030_131410_V06,62,0.134,111.49,431.278381,33.675640,-90.80,29.740912,16837.820053,20181030_081410
39,KLIX20181030_131949_V06,67,-1.000,111.49,431.278381,41.625640,-90.80,29.740912,20812.820053,20181030_081949
39,KLIX20181030_132529_V06,73,0.162,124.92,420.249441,45.568031,-90.73,29.791156,22784.015498,20181030_082529
2,KLIX20181030_114339_V06,-29,0.230,485.27,357.503357,27.665100,-88.86,30.073779,13832.550049,20181030_064339
4,KLIX20181030_114919_V06,-23,0.220,190.54,378.121185,20.346924,-90.39,29.983083,10173.461914,20181030_064919
7,KLIX20181030_120037_V06,-12,0.089,17.54,263.850067,16.036350,-91.30,30.491441,8018.175125,20181030_070037
20,KLIX20181030_121156_V06,-1,0.059,317.42,107.506256,4.356674,-89.73,31.204779,2178.337097,20181030_071156
24,KLIX20181030_121735_V06,5,0.103,78.54,402.135803,10.989624,-90.97,29.870971,5494.812012,20181030_071735
25,KLIX20181030_122315_V06,11,0.127,97.02,496.824951,26.057610,-90.87,29.444692,13028.804779,20181030_072315
27,KLIX20181030_122854_V06,16,0.268,104.14,456.118652,22.380270,-90.84,29.628585,11190.135002,20181030_072854
29,KLIX20181030_123434_V06,22,0.069,323.03,338.118073,16.170025,-89.71,30.164690,8085.012436,20181030_073434
30,KLIX20181030_123434_V06,22,0.066,394.10,321.061981,16.342133,-89.34,30.240760,8171.066284,20181030_073434
31,KLIX20181030_123434_V06,22,0.064,398.12,386.486725,28.062645,-89.32,29.945592,14031.322479,20181030_073434
32,KLIX20181030_124014_V06,28,0.114,410.03,209.272766,11.036865,-89.25,30.744600,5518.432617,20181030_074014
35,KLIX20181030_125133_V06,39,0.053,284.29,510.227203,15.932568,-89.91,29.388395,7966.283798,20181030_075133
40,KLIX20181030_132529_V06,73,0.053,225.29,313.827240,24.992912,-90.21,30.273729,12496.456146,20181030_082529
40,KLIX20181030_133108_V06,79,0.087,228.50,310.407623,21.250763,-90.20,30.289201,10625.381470,20181030_083108
44,KLIX20181030_133108_V06,79,0.056,309.54,344.698975,20.884579,-89.78,30.135053,10442.289352,20181030_083108
1,KLIX20181111_121949_V06,-2,0.127,361.28,235.390808,9.888245,-89.51,30.627678,4944.122314,20181111_061949
1,KLIX20181111_122932_V06,8,0.134,348.08,217.228649,26.013841,-89.57,30.709740,13006.920418,20181111_062932
2,KLIX20181111_122932_V06,8,0.073,338.06,168.639526,19.196930,-89.63,30.928963,9598.464966,20181111_062932
3,KLIX20181111_122932_V06,8,0.062,273.02,256.204834,10.715073,-89.97,30.534119,5357.536316,20181111_062932
5,KLIX20181111_122932_V06,8,0.050,320.77,197.502808,6.642227,-89.72,30.798898,3321.113586,20181111_062932
6,KLIX20181111_123914_V06,18,0.086,186.13,238.878082,18.310570,-90.42,30.610993,9155.284882,20181111_063914
7,KLIX20181111_123914_V06,18,0.064,334.61,316.218811,27.091675,-89.65,30.263395,13545.837402,20181111_063914
8,KLIX20181111_124857_V06,27,0.087,168.89,317.242920,14.951729,-90.51,30.257125,7475.864410,20181111_064857
9,KLIX20181111_124857_V06,27,0.078,156.40,266.601898,28.991028,-90.57,30.485165,14495.513916,20181111_064857
12,KLIX20181113_133219_V06,69,0.067,294.59,88.014740,22.462906,-89.85,31.292707,11231.452942,20181113_073219
13,KLIX20181113_133756_V06,74,0.084,308.55,70.148254,21.649048,-89.78,31.373273,10824.523926,20181113_073756
6,KLIX20181118_120754_V06,-20,0.101,340.44,330.643677,10.898117,-89.62,30.198289,5449.058533,20181118_060754
6,KLIX20181118_121334_V06,-14,0.893,338.29,329.250984,12.696464,-89.63,30.204588,6348.231970,20181118_061334
6,KLIX20181118_121914_V06,-8,0.851,339.05,319.306518,22.029223,-89.62,30.249434,11014.611740,20181118_061914
6,KLIX20181118_122453_V06,-3,0.747,338.72,317.015962,25.010231,-89.62,30.259768,12505.115327,20181118_062453
6,KLIX20181118_123034_V06,3,0.352,337.33,313.906350,26.366940,-89.63,30.273804,13183.469873,20181118_063034
6,KLIX20181118_123614_V06,9,0.093,342.67,298.039954,38.408444,-89.60,30.345322,19204.222025,20181118_063614
6,KLIX20181118_124154_V06,14,0.078,350.75,293.829185,41.595471,-89.56,30.364236,20797.735324,20181118_064154
14,KLIX20181118_121914_V06,-8,0.581,166.74,365.763672,10.906639,-90.52,30.038227,5453.319550,20181118_061914
14,KLIX20181118_122453_V06,-3,0.890,166.06,364.493542,15.892902,-90.52,30.043937,7946.451086,20181118_062453
14,KLIX20181118_123034_V06,3,0.803,165.31,363.965221,22.036602,-90.52,30.046299,11018.300950,20181118_063034
14,KLIX20181118_123614_V06,9,0.660,168.70,361.697330,24.302203,-90.51,30.056620,12151.101693,20181118_063614
14,KLIX20181118_124154_V06,14,0.915,171.47,361.071734,27.578825,-90.49,30.059516,13789.412252,20181118_064154
14,KLIX20181118_124733_V06,20,0.889,179.20,358.777065,30.972834,-90.45,30.070064,15486.416873,20181118_064733
14,KLIX20181118_125313_V06,26,0.817,183.10,358.754690,35.588837,-90.43,30.070260,17794.418702,20181118_065313
14,KLIX20181118_130433_V06,37,0.118,213.07,376.185883,17.010277,-90.28,29.992266,8505.138397,20181118_070433
22,KLIX20181118_121914_V06,-8,0.061,105.50,461.151123,4.731060,-90.83,29.605941,2365.530014,20181118_061914
22,KLIX20181118_122453_V06,-3,0.746,105.15,459.744354,13.038839,-90.83,29.612272,6519.419417,20181118_062453
22,KLIX20181118_123034_V06,3,0.699,101.56,450.378008,24.059341,-90.85,29.654374,12029.670545,20181118_063034
22,KLIX20181118_123614_V06,9,0.271,95.76,450.772442,29.572015,-90.88,29.652357,14786.007350,20181118_063614
22,KLIX20181118_124154_V06,14,0.101,102.10,453.726633,29.695458,-90.85,29.639292,14847.728836,20181118_064154
22,KLIX20181118_124733_V06,20,0.740,100.11,451.804330,35.046165,-90.86,29.647882,17523.082488,20181118_064733
17,KLIX20181118_121914_V06,-8,0.166,63.02,374.157166,7.385455,-91.05,29.996426,3692.727566,20181118_061914
17,KLIX20181118_122453_V06,-3,0.630,62.04,374.156316,13.959510,-91.06,29.996383,6979.755060,20181118_062453
17,KLIX20181118_123034_V06,3,0.752,58.19,373.294223,17.289813,-91.08,30.000081,8644.906250,20181118_063034
17,KLIX20181118_123614_V06,9,0.627,57.41,373.509278,23.645458,-91.08,29.999072,11822.728783,20181118_063614
17,KLIX20181118_124154_V06,14,0.452,55.70,371.419921,27.878979,-91.09,30.008409,13939.489337,20181118_064154
17,KLIX20181118_124733_V06,20,-1.000,53.86,369.572593,33.186296,-91.10,30.016648,16593.148045,20181118_064733
17,KLIX20181118_125313_V06,26,0.635,56.18,369.674919,39.567884,-91.09,30.016304,19783.941763,20181118_065313
10,KLIX20181118_121334_V06,-14,0.083,170.00,454.906799,5.811661,-90.50,29.636239,2905.830383,20181118_061334
10,KLIX20181118_121914_V06,-8,0.831,168.93,453.006836,14.407974,-90.50,29.644780,7203.986833,20181118_061914
10,KLIX20181118_122453_V06,-3,0.949,169.14,454.111371,18.910514,-90.50,29.639804,9455.256844,20181118_062453
10,KLIX20181118_123034_V06,3,0.251,165.47,449.405548,28.383110,-90.52,29.660930,14191.554991,20181118_063034
10,KLIX20181118_123614_V06,9,0.471,158.10,448.766280,37.768000,-90.56,29.663606,18883.999923,20181118_063614
1,KLIX20181118_120213_V06,-25,0.338,386.19,346.707764,15.458042,-89.38,30.125237,7729.021072,20181118_060213
1,KLIX20181118_120754_V06,-20,0.280,385.45,346.880760,21.097064,-89.38,30.124470,10548.532103,20181118_060754
7,KLIX20181118_120754_V06,-20,0.083,241.12,273.883423,23.161385,-90.13,30.454102,11580.692291,20181118_060754
7,KLIX20181118_121334_V06,-14,0.128,239.83,272.480343,29.503578,-90.14,30.460415,14751.789219,20181118_061334
7,KLIX20181118_121914_V06,-8,0.207,233.72,271.582977,19.768356,-90.17,30.464382,9884.178162,20181118_061914
26,KLIX20181118_123034_V06,3,0.173,429.66,234.678467,25.736923,-89.15,30.629533,12868.461609,20181118_063034
26,KLIX20181118_123614_V06,9,0.153,426.71,235.996231,33.021369,-89.16,30.623669,16510.684738,20181118_063614
18,KLIX20181118_121914_V06,-8,0.131,159.65,439.249359,4.213806,-90.55,29.706577,2106.903076,20181118_061914
18,KLIX20181118_122453_V06,-3,-1.000,159.65,439.249359,12.163806,-90.55,29.706577,6081.903076,20181118_062453
18,KLIX20181118_123034_V06,3,-1.000,159.65,439.249359,21.703806,-90.55,29.706577,10851.903076,20181118_063034
18,KLIX20181118_123614_V06,9,-1.000,159.65,439.249359,31.243806,-90.55,29.706577,15621.903076,20181118_063614
18,KLIX20181118_124154_V06,14,0.143,162.75,455.434113,30.085573,-90.53,29.633663,15042.786649,20181118_064154
29,KLIX20181118_123614_V06,9,0.271,86.83,494.563049,26.025852,-90.92,29.454464,13012.926102,20181118_063614
29,KLIX20181118_124154_V06,14,0.155,85.17,494.447912,31.937906,-90.93,29.454911,15968.953236,20181118_064154
30,KLIX20181118_123614_V06,9,0.060,216.99,391.984497,20.088310,-90.26,29.921076,10044.155121,20181118_063614
30,KLIX20181118_124154_V06,14,0.097,216.48,392.624752,26.467725,-90.26,29.918179,13233.862488,20181118_064154
39,KLIX20181118_132325_V06,56,0.052,280.91,298.089691,21.515518,-89.92,30.345248,10757.759094,20181118_072325
39,KLIX20181118_132904_V06,62,0.066,279.95,297.363353,28.057101,-89.93,30.348520,14028.550716,20181118_072904
2,KLIX20181118_120213_V06,-25,0.066,440.73,523.545288,23.547691,-89.10,29.326337,11773.845673,20181118_060213
3,KLIX20181118_120213_V06,-25,0.052,204.69,222.851410,24.312630,-90.32,30.683676,12156.314850,20181118_060213
4,KLIX20181118_120213_V06,-25,0.051,238.48,390.550201,2.709457,-90.14,29.927863,1354.728699,20181118_060213
9,KLIX20181118_121334_V06,-14,0.102,202.54,369.850830,2.287926,-90.33,30.020641,1143.962860,20181118_061334
20,KLIX20181118_121914_V06,-8,0.072,272.06,426.030914,21.467564,-89.97,29.768132,10733.781815,20181118_061914
25,KLIX20181118_123034_V06,3,0.194,210.91,396.993134,25.560814,-90.29,29.898377,12780.406952,20181118_063034
35,KLIX20181118_125313_V06,26,0.160,22.89,255.721283,25.787256,-91.27,30.528407,12893.628120,20181118_065313
36,KLIX20181118_130433_V06,37,0.239,373.71,199.684814,24.617493,-89.44,30.788536,12308.746338,20181118_070433
38,KLIX20181118_130433_V06,37,0.059,161.74,326.264984,30.412468,-90.54,30.216236,15206.233978,20181118_070433
40,KLIX20181118_132904_V06,62,0.125,189.46,388.159973,24.746681,-90.40,29.937780,12373.340607,20181118_072904
40,KLIX20181118_133444_V06,67,0.108,212.39,389.385132,12.232193,-90.28,29.932720,6116.096497,20181118_073444
