track_id,filename,from_sunrise,det_score,x,y,r,lon,lat,radius,local_time
6,KGWX20160724_103846_V06,-21,0.836,300.52,488.714294,9.166893,-88.33,33.045938,4583.446503,20160724_053846
6,KGWX20160724_104238_V06,-17,0.916,302.08,488.528154,13.433060,-88.32,33.046777,6716.529963,20160724_054238
6,KGWX20160724_104631_V06,-13,0.923,302.98,487.263364,18.208026,-88.31,33.052478,9104.013155,20160724_054631
6,KGWX20160724_105029_V06,-9,0.936,304.06,487.345433,21.305712,-88.31,33.052107,10652.856020,20160724_055029
6,KGWX20160724_105422_V06,-5,0.936,303.25,486.902188,25.597667,-88.31,33.054106,12798.833563,20160724_055422
6,KGWX20160724_105814_V06,-1,0.929,302.54,486.119444,29.272467,-88.32,33.057636,14636.233604,20160724_055814
6,KGWX20160724_110208_V06,3,0.922,302.69,485.913171,33.546685,-88.31,33.058566,16773.342444,20160724_060208
6,KGWX20160724_110603_V06,7,0.928,303.76,485.320719,38.301229,-88.31,33.061236,19150.614623,20160724_060603
6,KGWX20160724_110957_V06,10,0.932,304.07,484.412589,44.217426,-88.31,33.065330,22108.712773,20160724_060957
6,KGWX20160724_111401_V06,15,0.792,304.48,485.003929,49.670536,-88.30,33.062663,24835.267755,20160724_061401
6,KGWX20160724_111813_V06,19,0.251,304.20,484.232660,54.406460,-88.31,33.066141,27203.229887,20160724_061813
11,KGWX20160724_104238_V06,-17,0.605,443.57,116.756134,7.638290,-87.55,34.720143,3819.145203,20160724_054238
11,KGWX20160724_104631_V06,-13,0.697,441.83,114.256200,14.356288,-87.55,34.731470,7178.143782,20160724_054631
11,KGWX20160724_105029_V06,-9,0.956,439.98,107.000887,19.803667,-87.56,34.764231,9901.833339,20160724_055029
11,KGWX20160724_105422_V06,-5,0.369,437.67,100.319267,27.572907,-87.58,34.794422,13786.453729,20160724_055422
11,KGWX20160724_105814_V06,-1,0.801,440.41,102.751830,28.135396,-87.56,34.783367,14067.698214,20160724_055814
11,KGWX20160724_110208_V06,3,0.903,445.63,102.252652,30.440817,-87.53,34.785436,15220.408706,20160724_060208
11,KGWX20160724_110603_V06,7,0.750,447.08,100.626863,35.237627,-87.53,34.792712,17618.813272,20160724_060603
11,KGWX20160724_110957_V06,10,0.416,446.80,98.845455,40.092486,-87.53,34.800751,20046.242953,20160724_060957
7,KGWX20160724_103846_V06,-21,0.101,275.88,335.610443,5.331940,-88.46,33.736077,2665.969849,20160724_053846
7,KGWX20160724_104238_V06,-17,0.906,277.66,335.539252,10.001110,-88.45,33.736407,5000.555133,20160724_054238
7,KGWX20160724_104631_V06,-13,0.586,278.98,331.814266,13.439676,-88.44,33.753206,6719.837977,20160724_054631
7,KGWX20160724_105029_V06,-9,0.787,278.82,330.812564,17.061659,-88.44,33.757721,8530.829723,20160724_055029
7,KGWX20160724_105422_V06,-5,0.114,278.74,329.819560,18.461997,-88.44,33.762196,9230.998282,20160724_055422
7,KGWX20160724_105814_V06,-1,0.301,277.15,329.118652,17.813849,-88.45,33.765348,8906.924305,20160724_055814
8,KGWX20160724_103846_V06,-21,0.081,240.13,342.082642,2.594933,-88.65,33.706546,1297.466278,20160724_053846
8,KGWX20160724_104238_V06,-17,0.074,240.18,342.109683,8.814720,-88.65,33.706425,4407.360085,20160724_054238
8,KGWX20160724_104631_V06,-13,0.211,242.57,344.348052,12.628567,-88.64,33.696368,6314.283513,20160724_054631
8,KGWX20160724_105029_V06,-9,0.052,240.77,339.082351,15.763288,-88.65,33.720080,7881.644159,20160724_055029
8,KGWX20160724_105422_V06,-5,0.330,239.57,337.486968,15.229266,-88.65,33.727255,7614.633197,20160724_055422
17,KGWX20160724_105029_V06,-9,0.227,251.10,397.644348,4.271736,-88.59,33.456219,2135.868073,20160724_055029
18,KGWX20160724_105029_V06,-9,0.069,259.50,404.156250,10.498997,-88.55,33.426951,5249.498367,20160724_055029
20,KGWX20160724_105422_V06,-5,0.090,379.99,337.580750,6.896099,-87.90,33.726508,3448.049545,20160724_055422
21,KGWX20160724_111813_V06,19,0.147,231.76,404.850494,14.432625,-88.70,33.423467,7216.312408,20160724_061813
22,KGWX20160724_111813_V06,19,0.082,160.11,438.549225,29.651596,-89.08,33.269804,14825.798035,20160724_061813
1,KGWX20160801_103939_V06,-26,0.947,304.83,490.905884,24.356588,-88.30,33.036055,12178.294182,20160801_053939
1,KGWX20160801_104847_V06,-17,0.890,311.27,492.053346,33.770092,-88.27,33.030869,16885.045794,20160801_054847
1,KGWX20160801_105756_V06,-8,0.677,310.11,486.224369,49.004100,-88.27,33.057151,24502.050203,20160801_055756
1,KGWX20160801_110706_V06,2,0.141,308.24,485.370698,63.679836,-88.28,33.061004,31839.917875,20160801_060706
14,KGWX20160801_113431_V06,29,0.295,89.66,366.860413,44.993252,-89.46,33.590059,22496.625900,20160801_063431
14,KGWX20160801_114340_V06,38,0.085,87.13,371.429063,57.769634,-89.48,33.569340,28884.816765,20160801_064340
14,KGWX20160801_115247_V06,47,0.390,80.51,370.157614,59.227841,-89.51,33.574734,29613.920576,20160801_065247
14,KGWX20160801_120150_V06,56,-1.000,74.56,369.754403,62.481279,-89.54,33.576239,31240.639607,20160801_070150
14,KGWX20160801_121055_V06,65,0.150,82.58,382.036458,66.272867,-89.50,33.521297,33136.433359,20160801_071055
14,KGWX20160801_122000_V06,75,0.085,116.81,351.388947,30.070892,-89.32,33.661057,15035.446167,20160801_072000
2,KGWX20160801_103939_V06,-26,0.630,279.34,339.316498,9.582012,-88.44,33.719389,4791.006088,20160801_053939
2,KGWX20160801_104847_V06,-17,0.546,277.85,337.695713,16.578929,-88.45,33.726687,8289.464496,20160801_054847
2,KGWX20160801_105756_V06,-8,0.163,272.63,339.513017,19.581496,-88.48,33.718465,9790.747770,20160801_055756
16,KGWX20160801_114340_V06,38,0.150,151.16,371.163635,19.612854,-89.13,33.573265,9806.427002,20160801_064340
16,KGWX20160801_115247_V06,47,0.132,150.82,376.057802,31.047266,-89.13,33.551191,15523.632889,20160801_065247
16,KGWX20160801_120150_V06,56,0.105,120.87,361.657088,32.363892,-89.29,33.614946,16181.945992,20160801_070150
16,KGWX20160801_121055_V06,65,0.053,146.79,401.686737,50.257401,-89.15,33.435518,25128.700256,20160801_071055
16,KGWX20160801_122000_V06,75,0.096,150.22,402.539191,57.934924,-89.13,33.431798,28967.461928,20160801_072000
8,KGWX20160801_104847_V06,-17,0.277,290.17,431.474976,9.836220,-88.38,33.303976,4918.109894,20160801_054847
12,KGWX20160801_110706_V06,2,0.097,184.70,168.756897,24.904503,-88.96,34.486655,12452.251434,20160801_060706
13,KGWX20160801_112521_V06,20,0.061,448.82,99.232361,27.160149,-87.52,34.798935,13580.074310,20160801_062521
15,KGWX20160801_113431_V06,29,0.156,404.65,60.746277,25.073395,-87.76,34.973739,12536.697388,20160801_063431
18,KGWX20160801_115247_V06,47,0.076,130.99,507.275604,33.676357,-89.23,32.958932,16838.178635,20160801_065247
19,KGWX20160801_120150_V06,56,0.103,153.41,46.980774,29.952902,-89.13,35.034499,14976.450920,20160801_070150
20,KGWX20160801_120150_V06,56,0.055,222.74,372.202637,12.076439,-88.74,33.570488,6038.219452,20160801_070150
21,KGWX20160801_121055_V06,65,0.174,399.61,74.015747,32.980705,-87.78,34.914061,16490.352631,20160801_071055
