track_id,filename,from_sunrise,det_score,x,y,r,lon,lat,radius,local_time
14,KMLB20170829_104311_V06,-16,0.297,251.77,195.645233,5.235420,-80.90,28.583647,2617.710114,20170829_064311
14,KMLB20170829_104623_V06,-13,0.366,252.20,195.455650,9.785377,-80.90,28.584506,4892.688602,20170829_064623
14,KMLB20170829_104935_V06,-10,0.485,255.37,193.767683,12.485695,-80.88,28.592149,6242.847398,20170829_064935
14,KMLB20170829_105247_V06,-7,0.378,258.44,189.268537,15.652155,-80.87,28.612472,7826.077622,20170829_065247
14,KMLB20170829_105600_V06,-3,0.091,260.24,188.811629,17.039210,-80.86,28.614547,8519.605018,20170829_065600
14,KMLB20170829_110224_V06,3,0.118,259.42,185.833960,23.355143,-80.86,28.627974,11677.571262,20170829_070224
14,KMLB20170829_110536_V06,6,0.372,262.22,183.225884,25.190634,-80.85,28.639761,12595.317002,20170829_070536
7,KMLB20170829_103958_V06,-20,0.324,293.61,388.794189,6.588348,-80.69,27.712426,3294.174194,20170829_063958
7,KMLB20170829_104311_V06,-16,0.253,293.82,388.264211,11.491065,-80.69,27.714817,5745.532565,20170829_064311
7,KMLB20170829_104623_V06,-13,0.759,297.84,385.794588,15.182895,-80.67,27.725963,7591.447652,20170829_064623
7,KMLB20170829_104935_V06,-10,0.758,299.51,388.194444,17.737573,-80.66,27.715136,8868.786568,20170829_064935
7,KMLB20170829_105247_V06,-7,0.603,300.60,384.674732,17.718714,-80.65,27.731017,8859.356830,20170829_065247
7,KMLB20170829_105600_V06,-3,0.763,300.69,382.148978,17.361919,-80.65,27.742413,8680.959343,20170829_065600
23,KMLB20170829_104935_V06,-10,0.142,178.89,254.255554,5.605919,-81.27,28.318055,2802.959442,20170829_064935
23,KMLB20170829_105247_V06,-7,-1.000,178.89,254.255554,10.375919,-81.27,28.318055,5187.959442,20170829_065247
23,KMLB20170829_105600_V06,-3,0.088,181.36,253.309668,12.525059,-81.26,28.322378,6262.529567,20170829_065600
23,KMLB20170829_110224_V06,3,0.388,182.45,250.073071,19.877737,-81.25,28.337005,9938.868554,20170829_070224
23,KMLB20170829_110536_V06,6,0.577,182.45,248.802526,25.194432,-81.25,28.342737,12597.216211,20170829_070536
23,KMLB20170829_110848_V06,9,0.539,186.14,249.273564,27.756051,-81.24,28.340693,13878.025507,20170829_070848
23,KMLB20170829_111201_V06,13,0.070,189.88,249.714393,29.411672,-81.22,28.338783,14705.836031,20170829_071201
38,KMLB20170829_110848_V06,9,0.099,52.53,368.049988,25.578995,-81.91,27.800281,12789.497375,20170829_070848
38,KMLB20170829_111201_V06,13,0.144,54.10,368.161635,30.943772,-81.90,27.799850,15471.885835,20170829_071201
38,KMLB20170829_111514_V06,16,0.169,58.11,365.120856,32.665501,-81.88,27.813752,16332.750399,20170829_071514
38,KMLB20170829_111827_V06,19,0.391,65.28,361.156230,32.978071,-81.85,27.831959,16489.035376,20170829_071827
38,KMLB20170829_112139_V06,22,0.588,66.01,361.250930,37.454550,-81.84,27.831564,18727.275087,20170829_072139
38,KMLB20170829_112451_V06,25,-1.000,68.73,359.958687,40.551115,-81.83,27.837513,20275.557612,20170829_072451
38,KMLB20170829_112804_V06,29,0.090,80.40,344.665192,30.673824,-81.77,27.907004,15336.912155,20170829_072804
8,KMLB20170829_103958_V06,-20,0.319,285.31,345.388947,14.920231,-80.73,27.908252,7460.115433,20170829_063958
8,KMLB20170829_104311_V06,-16,0.589,283.91,341.839323,20.125098,-80.74,27.924264,10062.548836,20170829_064311
8,KMLB20170829_104623_V06,-13,0.272,286.60,336.668225,22.858787,-80.72,27.947603,11429.393634,20170829_064623
8,KMLB20170829_104935_V06,-10,0.340,288.22,332.002235,22.307763,-80.71,27.968659,11153.881628,20170829_064935
8,KMLB20170829_105247_V06,-7,0.180,288.04,339.816711,19.909149,-80.72,27.933400,9954.574585,20170829_065247
8,KMLB20170829_105600_V06,-3,0.397,287.83,341.312350,25.443691,-80.72,27.926652,12721.845690,20170829_065600
8,KMLB20170829_110224_V06,3,-1.000,287.60,342.943956,34.083192,-80.72,27.919290,17041.595987,20170829_070224
8,KMLB20170829_110536_V06,6,0.089,290.86,347.308716,30.122047,-80.70,27.899603,15061.023712,20170829_070536
8,KMLB20170829_110848_V06,9,0.144,290.43,346.775261,34.359270,-80.70,27.902009,17179.635153,20170829_070848
31,KMLB20170829_110224_V06,3,0.117,287.42,421.242126,2.527451,-80.72,27.566007,1263.725281,20170829_070224
31,KMLB20170829_110536_V06,6,0.205,287.34,421.372824,6.519888,-80.72,27.565417,3259.943879,20170829_070536
31,KMLB20170829_110848_V06,9,0.169,287.40,422.455040,9.144604,-80.72,27.560534,4572.301870,20170829_070848
31,KMLB20170829_111201_V06,13,0.091,285.79,422.165142,10.884032,-80.73,27.561838,5442.016189,20170829_071201
20,KMLB20170829_104935_V06,-10,0.478,165.61,337.852295,25.460850,-81.34,27.940578,12730.424881,20170829_064935
20,KMLB20170829_105247_V06,-7,0.322,167.19,338.733304,30.023110,-81.33,27.936643,15011.555141,20170829_065247
20,KMLB20170829_105600_V06,-3,0.546,179.85,342.761362,29.800430,-81.26,27.918770,14900.214894,20170829_065600
21,KMLB20170829_104935_V06,-10,0.228,280.85,248.457428,13.489334,-80.75,28.345569,6744.667053,20170829_064935
21,KMLB20170829_105247_V06,-7,0.278,280.97,248.076512,17.820940,-80.75,28.347288,8910.469819,20170829_065247
21,KMLB20170829_105600_V06,-3,0.113,282.24,245.198536,21.477527,-80.75,28.360277,10738.763694,20170829_065600
40,KMLB20170829_110848_V06,9,0.082,283.38,204.107849,7.329407,-80.74,28.545663,3664.703369,20170829_070848
40,KMLB20170829_111201_V06,13,0.156,284.48,204.483578,12.765823,-80.73,28.543972,6382.911701,20170829_071201
40,KMLB20170829_111514_V06,16,0.706,290.63,206.521456,13.075915,-80.70,28.534792,6537.957683,20170829_071514
15,KMLB20170829_104311_V06,-16,0.203,278.95,247.516144,12.887970,-80.76,28.349809,6443.984985,20170829_064311
15,KMLB20170829_104623_V06,-13,0.215,278.67,248.094521,16.874265,-80.76,28.347198,8437.132392,20170829_064623
49,KMLB20170829_111827_V06,19,0.063,287.45,347.024414,29.382374,-80.72,27.900879,14691.186905,20170829_071827
49,KMLB20170829_112139_V06,22,0.084,287.45,347.454666,33.894171,-80.72,27.898937,16947.085300,20170829_072139
49,KMLB20170829_112451_V06,25,0.056,295.54,346.221924,25.268135,-80.68,27.904512,12634.067535,20170829_072451
53,KMLB20170829_114407_V06,45,0.070,150.10,181.814972,25.138779,-81.42,28.644119,12569.389343,20170829_074407
53,KMLB20170829_114719_V06,48,0.217,150.86,181.867067,29.264427,-81.42,28.643905,14632.213268,20170829_074719
53,KMLB20170829_115031_V06,51,0.287,158.98,186.055603,22.644768,-81.38,28.625235,11322.383881,20170829_075031
60,KMLB20170829_115344_V06,54,0.288,289.53,533.231323,14.010755,-80.71,27.060684,7005.377293,20170829_075344
60,KMLB20170829_120009_V06,61,0.135,288.07,531.322944,21.157324,-80.71,27.069292,10578.662006,20170829_080009
10,KMLB20170829_103958_V06,-20,0.200,207.85,159.403809,6.900490,-81.13,28.746556,3450.244904,20170829_063958
16,KMLB20170829_104311_V06,-16,0.102,293.47,403.059753,13.698631,-80.69,27.648058,6849.315643,20170829_064311
36,KMLB20170829_110848_V06,9,0.370,108.22,286.961060,22.989975,-81.63,28.168412,11494.987488,20170829_070848
52,KMLB20170829_114407_V06,45,0.102,285.86,357.280975,5.746902,-80.73,27.854598,2873.451233,20170829_074407
56,KMLB20170829_114719_V06,48,0.120,338.76,349.057770,15.201046,-80.46,27.891578,7600.522995,20170829_074719
62,KMLB20170829_121924_V06,80,0.271,370.70,322.081024,19.172318,-80.30,28.012964,9586.158752,20170829_081924
4,KMLB20170920_105255_V06,-18,0.204,294.96,367.738220,4.994240,-80.68,27.807432,2497.119904,20170920_065255
4,KMLB20170920_105607_V06,-14,0.051,296.55,369.997610,11.357178,-80.67,27.797239,5678.589193,20170920_065607
4,KMLB20170920_110233_V06,-8,0.211,285.15,371.185014,20.924184,-80.73,27.791861,10462.092184,20170920_070233
4,KMLB20170920_110545_V06,-5,0.176,281.21,371.569070,22.361752,-80.75,27.790116,11180.876235,20170920_070545
21,KMLB20170920_112812_V06,18,0.146,291.36,372.971863,12.187233,-80.70,27.783813,6093.616486,20170920_072812
21,KMLB20170920_113125_V06,21,-1.000,291.36,372.971863,16.957233,-80.70,27.783813,8478.616486,20170920_073125
21,KMLB20170920_113437_V06,24,-1.000,291.36,372.971863,21.727233,-80.70,27.783813,10863.616486,20170920_073437
21,KMLB20170920_113749_V06,27,0.102,288.05,382.399859,23.569959,-80.72,27.741267,11784.979668,20170920_073749
21,KMLB20170920_114102_V06,31,0.083,284.40,392.938905,29.221845,-80.73,27.693706,14610.922555,20170920_074102
1,KMLB20170920_104318_V06,-27,0.088,302.35,239.944855,5.397751,-80.64,28.384009,2698.875427,20170920_064318
1,KMLB20170920_104630_V06,-24,0.094,302.32,240.134336,9.752700,-80.64,28.383154,4876.350139,20170920_064630
15,KMLB20170920_110857_V06,-2,0.135,28.27,452.628052,38.676849,-82.03,27.417528,19338.424683,20170920_070857
15,KMLB20170920_111210_V06,2,0.186,30.04,455.974511,45.459244,-82.02,27.402519,22729.622111,20170920_071210
3,KMLB20170920_104943_V06,-21,0.056,221.56,200.106964,2.659927,-81.06,28.563153,1329.963684,20170920_064943
7,KMLB20170920_105607_V06,-14,0.129,273.66,333.489410,18.730293,-80.79,27.961897,9365.146637,20170920_065607
7,KMLB20170920_110233_V06,-8,-1.000,273.66,333.489410,28.270293,-80.79,27.961897,14135.146637,20170920_070233
7,KMLB20170920_110545_V06,-5,0.062,279.71,348.008240,19.175217,-80.76,27.896416,9587.608337,20170920_070545
9,KMLB20170920_105607_V06,-14,0.062,301.66,243.823151,7.611176,-80.65,28.366512,3805.587769,20170920_065607
10,KMLB20170920_105607_V06,-14,0.058,329.81,391.397827,3.205460,-80.50,27.700599,1602.729797,20170920_065607
11,KMLB20170920_110233_V06,-8,0.139,160.74,273.126984,8.175598,-81.36,28.232469,4087.799072,20170920_070233
16,KMLB20170920_110857_V06,-2,0.065,226.97,162.275635,2.313171,-81.03,28.733902,1156.585693,20170920_070857
19,KMLB20170920_111523_V06,5,0.118,286.39,372.850983,12.961456,-80.72,27.784348,6480.728149,20170920_071523
25,KMLB20170920_114102_V06,31,0.098,321.94,408.308289,14.259583,-80.54,27.624336,7129.791260,20170920_074102
27,KMLB20170920_114727_V06,37,0.237,244.01,360.667236,10.602982,-80.94,27.839044,5301.490784,20170920_074727
29,KMLB20170920_115039_V06,40,0.443,229.84,363.249359,7.172249,-81.01,27.827225,3586.124420,20170920_075039
32,KMLB20170920_122245_V06,72,0.199,338.80,300.812134,13.467834,-80.46,28.109254,6733.917236,20170920_082245
33,KMLB20170920_123223_V06,82,0.070,281.03,374.106384,21.817749,-80.75,27.778667,10908.874512,20170920_083223
10,KMLB20171107_112213_V06,-16,0.067,218.86,505.416992,2.621124,-81.06,27.185594,1310.562134,20171107_062213
10,KMLB20171107_112708_V06,-11,0.504,217.75,505.487362,10.234453,-81.07,27.185259,5117.226720,20171107_062708
10,KMLB20171107_113203_V06,-6,0.640,215.93,505.001571,13.756029,-81.08,27.187423,6878.014691,20171107_063203
10,KMLB20171107_113657_V06,-2,0.766,215.22,505.748288,18.175982,-81.08,27.184043,9087.991192,20171107_063657
10,KMLB20171107_114152_V06,3,0.857,215.95,506.356667,23.139999,-81.08,27.181309,11569.999557,20171107_064152
10,KMLB20171107_114646_V06,8,0.904,213.58,512.130170,28.631256,-81.09,27.155220,14315.628025,20171107_064646
10,KMLB20171107_115141_V06,13,0.936,213.48,514.292185,32.223258,-81.09,27.145462,16111.629206,20171107_065141
10,KMLB20171107_120131_V06,23,0.930,209.46,515.579410,40.508355,-81.11,27.139588,20254.177606,20171107_070131
10,KMLB20171107_120625_V06,28,0.898,207.45,515.566193,45.081453,-81.12,27.139614,22540.726634,20171107_070625
10,KMLB20171107_121120_V06,33,0.816,204.42,508.628194,43.205864,-81.14,27.170867,21602.931892,20171107_071120
10,KMLB20171107_121614_V06,38,0.331,201.50,508.517596,42.795434,-81.15,27.171314,21397.716993,20171107_071614
12,KMLB20171107_112708_V06,-11,0.255,156.09,83.597656,4.585388,-81.39,29.087353,2292.694092,20171107_062708
12,KMLB20171107_113203_V06,-6,0.952,156.37,85.377348,8.977630,-81.39,29.079333,4488.814789,20171107_063203
12,KMLB20171107_113657_V06,-2,0.967,155.29,89.387981,13.534338,-81.40,29.061211,6767.169039,20171107_063657
12,KMLB20171107_114152_V06,3,0.949,157.71,91.230955,18.843047,-81.38,29.052965,9421.523574,20171107_064152
12,KMLB20171107_114646_V06,8,0.950,158.21,94.000677,24.720998,-81.38,29.040484,12360.498767,20171107_064646
12,KMLB20171107_115141_V06,13,0.833,156.24,97.561203,30.207097,-81.39,29.024368,15103.548654,20171107_065141
12,KMLB20171107_120131_V06,23,0.927,163.25,102.285926,38.819067,-81.36,29.003244,19409.533559,20171107_070131
12,KMLB20171107_120625_V06,28,0.812,163.19,102.181187,44.538431,-81.36,29.003715,22269.215491,20171107_070625
12,KMLB20171107_121120_V06,33,0.417,160.05,103.081643,47.673016,-81.37,28.999570,23836.508238,20171107_071120
12,KMLB20171107_121614_V06,38,0.181,155.13,102.890983,56.758103,-81.40,29.000295,28379.051264,20171107_071614
11,KMLB20171107_112213_V06,-16,0.066,285.90,356.197693,4.452240,-80.73,27.859486,2226.119995,20171107_062213
11,KMLB20171107_112708_V06,-11,0.061,286.15,355.908329,10.931275,-80.72,27.860792,5465.637705,20171107_062708
11,KMLB20171107_113203_V06,-6,0.138,288.79,358.360790,12.889117,-80.71,27.849733,6444.558711,20171107_063203
11,KMLB20171107_113657_V06,-2,0.078,294.27,361.879835,13.302278,-80.68,27.833864,6651.139023,20171107_063657
11,KMLB20171107_114152_V06,3,0.464,287.30,372.307335,21.147827,-80.72,27.786803,10573.913687,20171107_064152
11,KMLB20171107_114646_V06,8,-1.000,284.26,380.395798,26.904882,-80.73,27.750300,13452.440888,20171107_064646
11,KMLB20171107_115141_V06,13,0.177,271.15,375.017678,37.036177,-80.80,27.774511,18518.088590,20171107_065141
14,KMLB20171107_112708_V06,-11,0.084,241.01,198.048523,4.637085,-80.96,28.572695,2318.542480,20171107_062708
14,KMLB20171107_113203_V06,-6,0.173,240.76,199.358025,12.378438,-80.96,28.566784,6189.218861,20171107_063203
14,KMLB20171107_113657_V06,-2,0.305,236.63,202.052626,18.432880,-80.98,28.554579,9216.440226,20171107_063657
14,KMLB20171107_114152_V06,3,-1.000,232.87,204.767203,26.061343,-81.00,28.542286,13030.671683,20171107_064152
14,KMLB20171107_114646_V06,8,0.121,235.35,209.101387,27.321344,-80.98,28.522763,13660.672068,20171107_064646
3,KMLB20171107_111719_V06,-21,0.201,293.52,420.392212,2.609459,-80.69,27.569853,1304.729462,20171107_061719
3,KMLB20171107_112213_V06,-16,0.156,292.67,420.018586,9.492321,-80.69,27.571538,4746.160634,20171107_062213
20,KMLB20171107_113657_V06,-2,0.108,293.09,192.550842,5.564621,-80.69,28.597824,2782.310486,20171107_063657
20,KMLB20171107_114152_V06,3,0.281,293.99,192.688039,11.041723,-80.69,28.597206,5520.861315,20171107_064152
20,KMLB20171107_114646_V06,8,0.095,296.24,195.742828,4.975006,-80.67,28.583427,2487.503052,20171107_064646
20,KMLB20171107_115141_V06,13,0.275,296.84,195.944136,10.639906,-80.67,28.582519,5319.953066,20171107_065141
29,KMLB20171107_115141_V06,13,0.058,319.87,119.248077,19.189545,-80.55,28.928484,9594.772339,20171107_065141
29,KMLB20171107_120131_V06,23,0.263,319.50,121.850898,26.429086,-80.55,28.916744,13214.542970,20171107_070131
1,KMLB20171107_111224_V06,-26,0.182,304.40,79.024597,21.817802,-80.63,29.109975,10908.901215,20171107_061224
1,KMLB20171107_111719_V06,-21,0.054,317.05,92.653259,8.377823,-80.57,29.048468,4188.911438,20171107_061719
2,KMLB20171107_111224_V06,-26,0.169,329.75,397.053589,5.709427,-80.50,27.675080,2854.713440,20171107_061224
19,KMLB20171107_113203_V06,-6,0.057,176.23,389.306091,41.924179,-81.28,27.708685,20962.089539,20171107_063203
25,KMLB20171107_114152_V06,3,0.065,95.62,406.782257,9.161217,-81.69,27.627361,4580.608368,20171107_064152
31,KMLB20171107_121614_V06,38,0.060,151.27,486.886627,13.138859,-81.41,27.267766,6569.429398,20171107_071614
32,KMLB20171107_122603_V06,48,0.079,282.79,360.604797,20.574562,-80.74,27.839592,10287.281036,20171107_072603
33,KMLB20171107_124046_V06,62,0.056,266.86,199.659882,16.511353,-80.82,28.565652,8255.676270,20171107_074046
34,KMLB20171107_124540_V06,67,0.174,281.08,361.478943,21.759960,-80.75,27.835642,10879.980087,20171107_074540
35,KMLB20171107_124540_V06,67,0.164,232.89,171.923584,28.105808,-81.00,28.690457,14052.904129,20171107_074540
36,KMLB20171107_125034_V06,72,0.090,156.76,58.933533,30.339874,-81.39,29.198630,15169.937134,20171107_075034
3,KMLB20171121_113708_V06,-12,0.274,274.82,349.740906,8.305122,-80.78,27.888577,4152.561188,20171121_063708
3,KMLB20171121_114021_V06,-9,0.371,274.23,348.553688,12.286599,-80.79,27.893931,6143.299321,20171121_064021
3,KMLB20171121_114333_V06,-6,-1.000,273.88,347.841358,16.583484,-80.79,27.897143,8291.742200,20171121_064333
3,KMLB20171121_114645_V06,-3,-1.000,273.53,347.129027,20.880370,-80.79,27.900356,10440.185080,20171121_064645
3,KMLB20171121_114958_V06,0,-1.000,273.17,346.416696,25.177256,-80.79,27.903568,12588.627960,20171121_064958
3,KMLB20171121_115311_V06,4,0.062,272.54,345.936042,28.851428,-80.79,27.905733,14425.714059,20171121_065311
3,KMLB20171121_115623_V06,7,0.073,251.35,335.761871,24.547405,-80.90,27.951486,12273.702621,20171121_065623
3,KMLB20171121_120319_V06,14,0.078,241.48,331.211281,33.485100,-80.95,27.971918,16742.549859,20171121_070319
3,KMLB20171121_120646_V06,17,0.057,229.90,324.590759,27.554932,-81.01,28.001648,13777.465820,20171121_070646
19,KMLB20171121_122053_V06,31,0.096,255.33,337.840271,18.556656,-80.88,27.942144,9278.327942,20171121_072053
19,KMLB20171121_122435_V06,35,0.087,254.65,337.365996,24.502707,-80.88,27.944278,12251.353660,20171121_072435
19,KMLB20171121_122818_V06,39,0.096,250.53,331.989374,27.870361,-80.91,27.968499,13935.180527,20171121_072818
19,KMLB20171121_123215_V06,43,0.056,265.96,327.625488,8.259048,-80.83,27.988310,4129.524231,20171121_073215
1,KMLB20171121_113355_V06,-16,0.124,165.05,299.418610,2.045944,-81.34,28.113964,1022.972107,20171121_063355
1,KMLB20171121_113708_V06,-12,0.558,163.91,299.067838,7.774995,-81.35,28.115517,3887.497480,20171121_063708
16,KMLB20171121_121343_V06,24,0.055,249.83,335.966888,15.572689,-80.91,27.950547,7786.344528,20171121_071343
16,KMLB20171121_121711_V06,28,0.187,250.31,336.116368,21.663811,-80.91,27.949877,10831.905501,20171121_071711
8,KMLB20171121_114021_V06,-9,0.176,315.39,385.899261,2.418587,-80.58,27.725469,1209.293365,20171121_064021
11,KMLB20171121_115311_V06,4,0.081,224.83,318.735138,29.060802,-81.04,28.027998,14530.401230,20171121_065311
17,KMLB20171121_121711_V06,28,0.109,270.33,325.808838,4.900009,-80.81,27.996533,2450.004578,20171121_071711
18,KMLB20171203_115313_V06,-5,0.056,11.96,385.845215,9.641772,-82.11,27.717964,4820.886135,20171203_065313
18,KMLB20171203_120303_V06,5,0.720,15.85,381.835629,18.869460,-82.10,27.736261,9434.730016,20171203_070303
18,KMLB20171203_120757_V06,9,0.848,21.22,383.282811,22.401151,-82.07,27.730015,11200.575543,20171203_070757
18,KMLB20171203_121251_V06,14,0.944,23.75,380.797489,25.044832,-82.06,27.741359,12522.415981,20171203_071251
18,KMLB20171203_121746_V06,19,0.927,25.40,382.297828,27.822553,-82.05,27.734675,13911.276531,20171203_071746
18,KMLB20171203_122240_V06,24,0.861,27.20,386.669785,34.869345,-82.04,27.715044,17434.672438,20171203_072240
18,KMLB20171203_122735_V06,29,0.846,29.09,376.210073,32.341642,-82.03,27.762328,16170.820966,20171203_072735
18,KMLB20171203_123230_V06,34,-1.000,30.96,368.098022,31.287349,-82.02,27.799019,15643.674252,20171203_073230
18,KMLB20171203_123724_V06,39,0.855,33.82,372.545076,34.717646,-82.00,27.779101,17358.822927,20171203_073724
18,KMLB20171203_124219_V06,44,-1.000,36.23,371.300724,36.115662,-81.99,27.784834,18057.831138,20171203_074219
18,KMLB20171203_124714_V06,49,-1.000,38.64,370.056372,37.513679,-81.98,27.790567,18756.839349,20171203_074714
18,KMLB20171203_125208_V06,54,-1.000,41.06,368.812019,38.911695,-81.97,27.796298,19455.847560,20171203_075208
18,KMLB20171203_130157_V06,63,0.050,44.04,389.036930,60.287725,-81.95,27.705199,30143.862483,20171203_080157
18,KMLB20171203_130651_V06,68,0.217,38.28,391.004410,57.679793,-81.98,27.696043,28839.896345,20171203_080651
18,KMLB20171203_131146_V06,73,0.054,44.71,395.400085,61.661911,-81.95,27.676524,30830.955251,20171203_081146
5,KMLB20171203_114325_V06,-15,0.878,223.88,505.096741,10.416561,-81.04,27.187112,5208.280563,20171203_064325
5,KMLB20171203_114819_V06,-10,0.834,223.72,504.137775,18.574630,-81.04,27.191437,9287.315229,20171203_064819
5,KMLB20171203_115313_V06,-5,0.789,220.77,500.787261,25.879888,-81.05,27.206513,12939.943918,20171203_065313
5,KMLB20171203_120303_V06,5,0.966,216.72,508.223454,35.891267,-81.07,27.172897,17945.633436,20171203_070303
5,KMLB20171203_120757_V06,9,0.932,220.96,509.081799,41.149688,-81.05,27.169088,20574.844232,20171203_070757
5,KMLB20171203_121251_V06,14,0.922,221.26,511.780616,46.482598,-81.05,27.156914,23241.298831,20171203_071251
5,KMLB20171203_121746_V06,19,0.929,214.89,510.268995,53.031620,-81.08,27.163639,26515.809782,20171203_071746
5,KMLB20171203_122240_V06,24,0.890,212.72,507.326038,56.891933,-81.09,27.176884,28445.966379,20171203_072240
5,KMLB20171203_122735_V06,29,0.793,212.31,504.833377,60.905011,-81.10,27.188124,30452.505699,20171203_072735
5,KMLB20171203_123230_V06,34,0.632,215.43,502.935675,63.437368,-81.08,27.196737,31718.684098,20171203_073230
5,KMLB20171203_123724_V06,39,-1.000,217.80,500.914997,66.263942,-81.07,27.205892,33131.970782,20171203_073724
5,KMLB20171203_124219_V06,44,0.408,188.30,475.663239,48.434120,-81.22,27.319303,24217.060089,20171203_074219
5,KMLB20171203_124714_V06,49,0.562,185.10,471.710317,54.643390,-81.23,27.337072,27321.695239,20171203_074714
5,KMLB20171203_125208_V06,54,0.190,182.01,463.531469,53.886358,-81.25,27.373909,26943.178911,20171203_075208
2,KMLB20171203_113830_V06,-20,0.157,166.85,303.103668,6.057823,-81.33,28.097384,3028.911591,20171203_063830
2,KMLB20171203_114325_V06,-15,0.952,168.12,304.132405,12.966882,-81.33,28.092774,6483.441148,20171203_064325
2,KMLB20171203_114819_V06,-10,0.967,168.88,306.324263,18.547213,-81.32,28.082904,9273.606709,20171203_064819
2,KMLB20171203_115313_V06,-5,0.139,172.01,309.416748,24.031527,-81.31,28.069029,12015.763293,20171203_065313
2,KMLB20171203_120303_V06,5,0.158,183.93,303.495131,24.105447,-81.24,28.096019,12052.723254,20171203_070303
12,KMLB20171203_114819_V06,-10,0.609,156.86,84.246765,8.150146,-81.39,29.084447,4075.073242,20171203_064819
12,KMLB20171203_115313_V06,-5,-1.000,156.86,84.246765,16.100146,-81.39,29.084447,8050.073242,20171203_065313
12,KMLB20171203_120303_V06,5,-1.000,156.86,84.246765,32.000146,-81.39,29.084447,16000.073242,20171203_070303
12,KMLB20171203_120757_V06,9,-1.000,156.86,84.246765,38.360146,-81.39,29.084447,19180.073242,20171203_070757
12,KMLB20171203_121251_V06,14,-1.000,156.86,84.246765,46.310146,-81.39,29.084447,23155.073242,20171203_071251
12,KMLB20171203_121746_V06,19,0.053,161.48,96.514336,42.694986,-81.37,29.029233,21347.492777,20171203_071746
12,KMLB20171203_122240_V06,24,0.062,158.59,99.217904,49.485237,-81.38,29.016960,24742.618285,20171203_072240
12,KMLB20171203_122735_V06,29,-1.000,156.98,102.127278,55.652162,-81.39,29.003791,27826.080844,20171203_072735
12,KMLB20171203_123230_V06,34,0.056,156.52,106.461663,55.414164,-81.39,28.984226,27707.082219,20171203_073230
6,KMLB20171203_114325_V06,-15,0.212,279.87,344.430206,6.776501,-80.76,27.912560,3388.250351,20171203_064325
6,KMLB20171203_114819_V06,-10,0.266,281.41,345.155025,14.697365,-80.75,27.909295,7348.682654,20171203_064819
6,KMLB20171203_115313_V06,-5,-1.000,282.66,345.739557,22.623869,-80.74,27.906662,11311.934511,20171203_065313
6,KMLB20171203_120303_V06,5,0.087,271.62,372.978495,28.900054,-80.80,27.783714,14450.026762,20171203_070303
1,KMLB20171203_112842_V06,-30,0.067,232.85,205.633575,16.554276,-81.00,28.538377,8277.137756,20171203_062842
10,KMLB20171203_114325_V06,-15,0.051,297.47,123.815308,5.969879,-80.67,28.907918,2984.939575,20171203_064325
15,KMLB20171203_114819_V06,-10,0.085,30.77,445.075531,36.087654,-82.02,27.451728,18043.827057,20171203_064819
15,KMLB20171203_115313_V06,-5,0.367,21.11,428.449585,32.353413,-82.07,27.526243,16176.706314,20171203_065313
19,KMLB20171203_115313_V06,-5,0.052,271.66,227.613861,8.810226,-80.80,28.439565,4405.113220,20171203_065313
20,KMLB20171203_120303_V06,5,0.220,104.15,407.477997,12.285492,-81.65,27.624541,6142.745972,20171203_070303
21,KMLB20171203_120303_V06,5,0.085,172.49,337.530945,9.089027,-81.30,27.942197,4544.513702,20171203_070303
25,KMLB20171203_120757_V06,9,0.051,292.48,129.369598,19.645874,-80.69,28.882856,9822.937012,20171203_070757
26,KMLB20171203_121746_V06,19,0.080,221.51,384.521851,27.033432,-81.05,27.731129,13516.716003,20171203_071746
27,KMLB20171203_121746_V06,19,0.059,83.28,269.289307,18.839798,-81.76,28.247172,9419.898987,20171203_071746
29,KMLB20171203_122240_V06,24,0.107,192.09,372.974915,9.676773,-81.20,27.782714,4838.386536,20171203_072240
30,KMLB20171203_122240_V06,24,0.054,291.43,377.293060,3.903290,-80.70,27.764316,1951.644897,20171203_072240
32,KMLB20171203_122735_V06,29,0.066,138.32,494.795898,34.594315,-81.47,27.231705,17297.157288,20171203_072735
32,KMLB20171203_123230_V06,34,-1.000,138.32,494.795898,42.544315,-81.47,27.231705,21272.157288,20171203_073230
32,KMLB20171203_123724_V06,39,0.083,191.64,489.463562,54.908089,-81.20,27.257101,27454.044342,20171203_073724
38,KMLB20171203_124219_V06,44,0.056,288.84,372.712402,14.961037,-80.71,27.784979,7480.518341,20171203_074219
39,KMLB20171203_124714_V06,49,0.126,21.33,328.172485,13.771511,-82.07,27.978639,6885.755539,20171203_074714
41,KMLB20171203_125208_V06,54,0.055,115.89,392.391205,57.522968,-81.59,27.693026,28761.484146,20171203_075208
42,KMLB20171203_130157_V06,63,0.074,290.33,423.345337,15.790268,-80.70,27.556523,7895.133972,20171203_080157
3,KMLB20171214_120615_V06,0,0.258,287.42,393.792908,20.851601,-80.72,27.689860,10425.800323,20171214_070615
3,KMLB20171214_121557_V06,9,0.283,291.91,388.891883,30.299182,-80.70,27.711983,15149.591157,20171214_071557
3,KMLB20171214_122540_V06,19,0.217,298.02,372.020443,31.959485,-80.66,27.788112,15979.742287,20171214_072540
1,KMLB20171214_114648_V06,-20,0.240,163.40,304.363220,8.772179,-81.35,28.091613,4386.089325,20171214_064648
2,KMLB20171214_114648_V06,-20,0.171,300.75,374.848358,39.126556,-80.65,27.775353,19563.278198,20171214_064648
4,KMLB20171214_120615_V06,0,0.172,256.62,239.894470,24.697430,-80.88,28.384058,12348.714828,20171214_070615
8,KMLB20171217_120726_V06,0,0.124,256.63,248.112122,26.721497,-80.88,28.346984,13360.748291,20171217_070726
8,KMLB20171217_121708_V06,10,0.143,254.54,249.441280,39.412543,-80.89,28.340969,19706.271711,20171217_071708
8,KMLB20171217_122652_V06,19,-1.000,252.77,250.569811,50.997961,-80.90,28.335862,25498.980275,20171217_072652
8,KMLB20171217_123634_V06,29,0.060,245.25,263.485400,67.148033,-80.93,28.277520,33574.016370,20171217_073634
10,KMLB20171217_121708_V06,10,0.391,147.68,448.174744,21.513086,-81.42,27.442336,10756.543159,20171217_071708
10,KMLB20171217_122652_V06,19,0.832,141.78,438.678321,30.632142,-81.45,27.485013,15316.071094,20171217_072652
10,KMLB20171217_123634_V06,29,0.124,125.40,430.714758,33.165150,-81.54,27.520436,16582.575246,20171217_073634
1,KMLB20171217_113816_V06,-29,0.116,154.40,309.024872,7.843895,-81.40,28.070342,3921.947479,20171217_063816
1,KMLB20171217_114759_V06,-20,0.157,157.68,308.525033,15.661820,-81.38,28.072686,7830.910020,20171217_064759
4,KMLB20171217_114759_V06,-20,0.423,350.63,425.729401,5.751419,-80.40,27.545535,2875.709534,20171217_064759
7,KMLB20171217_120726_V06,0,0.426,279.81,345.081055,26.365410,-80.76,27.909623,13182.704926,20171217_070726
18,KMLB20171217_124617_V06,39,0.082,287.21,184.514587,7.809921,-80.72,28.634068,3904.960632,20171217_074617
19,KMLB20171217_130542_V06,58,0.093,280.50,384.053284,15.341095,-80.75,27.733785,7670.547485,20171217_080542
20,KMLB20171217_132509_V06,78,0.088,263.72,221.753693,15.215008,-80.84,28.465955,7607.503891,20171217_082509
1,KMLB20171222_115148_V06,-19,0.525,276.53,340.925659,8.181549,-80.77,27.928359,4090.774536,20171222_065148
1,KMLB20171222_120137_V06,-9,0.358,278.53,344.065641,19.698098,-80.76,27.914200,9849.049210,20171222_070137
1,KMLB20171222_120631_V06,-4,0.677,283.44,347.509539,25.497333,-80.74,27.898679,12748.666269,20171222_070631
1,KMLB20171222_121125_V06,1,0.803,280.99,348.437332,28.099712,-80.75,27.894484,14049.855982,20171222_071125
1,KMLB20171222_121621_V06,6,0.880,277.58,353.796406,29.513896,-80.77,27.870292,14756.948032,20171222_071621
1,KMLB20171222_122115_V06,11,0.914,275.83,359.458117,29.399387,-80.78,27.844739,14699.693541,20171222_072115
1,KMLB20171222_122609_V06,16,0.638,272.11,366.087074,28.848240,-80.80,27.814811,14424.120040,20171222_072609
1,KMLB20171222_123104_V06,21,0.130,267.61,357.647452,27.014334,-80.82,27.852865,13507.167050,20171222_073104
1,KMLB20171222_123559_V06,25,0.132,279.87,354.456157,30.009129,-80.76,27.867324,15004.564421,20171222_073559
9,KMLB20171222_120631_V06,-4,0.302,163.56,312.447083,12.515465,-81.35,28.055146,6257.732391,20171222_070631
9,KMLB20171222_121125_V06,1,0.796,163.65,310.835001,15.737851,-81.35,28.062421,7868.925562,20171222_071125
9,KMLB20171222_121621_V06,6,0.822,163.19,308.918552,15.801928,-81.35,28.071056,7900.964071,20171222_071621
9,KMLB20171222_122115_V06,11,0.847,162.13,312.180544,22.048183,-81.36,28.056311,11024.091293,20171222_072115
9,KMLB20171222_122609_V06,16,0.878,159.93,312.304113,27.596344,-81.37,28.055696,13798.172171,20171222_072609
9,KMLB20171222_123104_V06,21,0.689,160.54,307.376521,29.553010,-81.36,28.077944,14776.504813,20171222_073104
15,KMLB20171222_123104_V06,21,0.212,183.82,463.378967,13.957954,-81.24,27.374637,6978.977203,20171222_073104
15,KMLB20171222_123559_V06,25,0.444,183.79,462.574122,18.201228,-81.24,27.378268,9100.613880,20171222_073559
15,KMLB20171222_124053_V06,30,0.575,183.67,464.878730,19.416358,-81.24,27.367866,9708.178853,20171222_074053
3,KMLB20171222_115148_V06,-19,0.228,300.46,399.302948,4.273048,-80.65,27.665013,2136.524200,20171222_065148
3,KMLB20171222_120137_V06,-9,0.081,301.19,378.193834,23.351240,-80.65,27.760258,11675.620206,20171222_070137
6,KMLB20171222_115148_V06,-19,0.067,321.12,357.538116,6.237503,-80.55,27.853415,3118.751526,20171222_065148
8,KMLB20171222_115148_V06,-19,0.066,352.58,430.137817,2.547478,-80.39,27.525625,1273.738861,20171222_065148
10,KMLB20171222_120631_V06,-4,0.157,269.66,230.031525,6.413620,-80.81,28.428647,3206.809998,20171222_070631
24,KMLB20171222_124549_V06,35,0.155,290.41,383.006927,20.303406,-80.70,27.738533,10151.702881,20171222_074549
30,KMLB20171222_132506_V06,75,0.374,266.23,329.934692,14.044418,-80.83,27.977893,7022.209167,20171222_082506
33,KMLB20171222_133455_V06,84,0.090,267.79,346.001770,11.867275,-80.82,27.905410,5933.637619,20171222_083455
2,KMLB20171229_120843_V06,-5,0.053,234.50,234.606934,2.943398,-80.99,28.407685,1471.698761,20171229_070843
2,KMLB20171229_121338_V06,0,0.063,234.72,232.128942,10.649587,-80.99,28.418867,5324.793426,20171229_071338
2,KMLB20171229_121832_V06,5,0.156,234.98,228.249007,13.742071,-80.99,28.436375,6871.035262,20171229_071832
3,KMLB20171229_121338_V06,0,0.235,272.47,232.804169,8.510269,-80.79,28.416153,4255.134583,20171229_071338
3,KMLB20171229_121832_V06,5,0.173,272.51,233.417407,15.212727,-80.79,28.413387,7606.363612,20171229_071832
4,KMLB20171229_121338_V06,0,0.141,297.25,345.351898,19.274826,-80.67,27.908439,9637.413025,20171229_071338
4,KMLB20171229_121832_V06,5,0.489,295.23,345.797871,25.388656,-80.68,27.906425,12694.328020,20171229_071832
1,KMLB20171229_114904_V06,-24,0.122,327.42,242.293793,11.607773,-80.51,28.373341,5803.886414,20171229_064904
