track_id,filename,from_sunrise,det_score,x,y,r,lon,lat,radius,local_time
8,KDMX20160903_113536_V06,-8,0.056,286.85,352.291931,13.147179,-93.80,41.495673,6573.589325,20160903_063536
8,KDMX20160903_113954_V06,-4,0.117,285.58,351.780755,19.906644,-93.81,41.497969,9953.321814,20160903_063954
17,KDMX20160903_124945_V06,66,0.090,423.18,263.754303,11.092896,-92.98,41.891883,5546.447754,20160903_074945
17,KDMX20160903_125923_V06,76,0.171,423.06,262.823075,19.298125,-92.98,41.896080,9649.062496,20160903_075923
1,KDMX20160903_111505_V06,-28,0.130,423.38,263.801117,9.589447,-92.98,41.891665,4794.723511,20160903_061505
2,KDMX20160903_111836_V06,-25,0.051,195.33,221.669525,1.845215,-94.36,42.081988,922.607422,20160903_061836
3,KDMX20160903_112255_V06,-21,0.175,223.23,174.219269,8.148605,-94.19,42.296377,4074.302673,20160903_062255
6,KDMX20160903_113536_V06,-8,0.094,421.86,264.077087,6.233231,-92.99,41.890482,3116.615295,20160903_063536
10,KDMX20160903_113954_V06,-4,0.079,368.76,331.306335,7.587936,-93.31,41.589434,3793.968201,20160903_063954
11,KDMX20160903_113954_V06,-4,0.054,222.49,172.197693,6.732704,-94.19,42.305458,3366.352081,20160903_063954
11,KDMX20160903_114932_V06,6,-1.000,222.49,172.197693,22.632704,-94.19,42.305458,11316.352081,20160903_064932
11,KDMX20160903_115304_V06,10,0.212,226.71,178.998932,11.608192,-94.17,42.274946,5804.096222,20160903_065304
13,KDMX20160903_120142_V06,18,0.118,309.91,118.635071,6.478897,-93.66,42.547495,3239.448547,20160903_070142
14,KDMX20160903_120142_V06,18,0.066,421.03,262.109680,9.672516,-92.99,41.899370,4836.257935,20160903_070142
14,KDMX20160903_121119_V06,28,-1.000,421.03,262.109680,25.572516,-92.99,41.899370,12786.257935,20160903_071119
14,KDMX20160903_122054_V06,37,0.197,421.30,261.388336,9.833130,-92.99,41.902606,4916.564941,20160903_072054
15,KDMX20160903_121119_V06,28,0.063,188.70,259.349365,33.971870,-94.39,41.912151,16985.935211,20160903_071119
16,KDMX20160911_115213_V06,1,0.050,334.52,359.575439,18.207054,-93.52,41.462724,9103.527069,20160911_065213
16,KDMX20160911_120156_V06,10,0.122,332.45,356.321609,26.546146,-93.53,41.477394,13273.073220,20160911_070156
24,KDMX20160911_121139_V06,20,0.074,450.62,205.215424,5.441833,-92.81,42.154191,2720.916748,20160911_071139
24,KDMX20160911_122124_V06,30,0.095,451.08,206.049399,13.124584,-92.81,42.150416,6562.292036,20160911_072124
42,KDMX20160911_125038_V06,59,0.054,450.24,205.523254,5.235748,-92.81,42.152824,2617.874146,20160911_075038
42,KDMX20160911_130023_V06,69,0.070,450.24,205.363109,12.787024,-92.81,42.153545,6393.512089,20160911_080023
1,KDMX20160911_112302_V06,-28,0.370,309.71,118.006897,7.105103,-93.66,42.550323,3552.551270,20160911_062302
1,KDMX20160911_113245_V06,-19,-1.000,309.71,118.006897,21.415103,-93.66,42.550323,10707.551270,20160911_063245
1,KDMX20160911_114229_V06,-9,0.057,310.21,117.622009,6.128403,-93.66,42.552053,3064.201355,20160911_064229
5,KDMX20160911_112302_V06,-28,0.078,462.51,189.408173,20.752838,-92.74,42.224749,10376.419067,20160911_062302
5,KDMX20160911_113245_V06,-19,0.070,452.24,202.236359,7.773849,-92.80,42.167523,3886.924744,20160911_063245
9,KDMX20160911_113245_V06,-19,0.203,384.33,380.050903,6.116425,-93.22,41.369621,3058.212280,20160911_063245
12,KDMX20160911_114229_V06,-9,0.071,281.62,304.675293,42.992035,-93.83,41.710010,21496.017456,20160911_064229
13,KDMX20160911_114229_V06,-9,0.062,378.70,311.608948,27.461014,-93.25,41.677877,13730.506897,20160911_064229
19,KDMX20160911_120156_V06,10,0.144,229.90,418.205200,5.931679,-94.14,41.198192,2965.839386,20160911_070156
38,KDMX20160911_124053_V06,49,0.052,195.47,221.656342,1.791527,-94.35,42.082052,895.763397,20160911_074053
38,KDMX20160911_125038_V06,59,-1.000,195.47,221.656342,17.691527,-94.35,42.082052,8845.763397,20160911_075038
38,KDMX20160911_130023_V06,69,0.063,195.59,221.396545,1.821304,-94.35,42.083225,910.652161,20160911_080023
41,KDMX20160911_125038_V06,59,0.056,384.57,103.031586,7.309326,-93.21,42.616597,3654.663086,20160911_075038
48,KDMX20160911_131007_V06,79,0.059,218.54,174.985321,2.605911,-94.22,42.292811,1302.955627,20160911_081007
14,KDMX20160925_121011_V06,5,0.117,267.67,353.536743,5.132538,-93.92,41.489933,2566.268921,20160925_071011
14,KDMX20160925_121643_V06,11,0.128,267.70,355.069195,12.370047,-93.92,41.483034,6185.023670,20160925_071643
14,KDMX20160925_122117_V06,16,0.855,275.54,353.946732,16.290604,-93.87,41.488157,8145.302155,20160925_072117
14,KDMX20160925_122645_V06,21,0.852,276.18,355.241415,16.485895,-93.87,41.482333,8242.947639,20160925_072645
14,KDMX20160925_123147_V06,26,0.675,279.16,354.503840,21.055352,-93.85,41.485675,10527.675919,20160925_073147
14,KDMX20160925_123641_V06,31,0.878,280.05,353.709803,25.207201,-93.84,41.489255,12603.600374,20160925_073641
14,KDMX20160925_124143_V06,36,0.122,280.35,364.102722,10.805321,-93.84,41.442468,5402.660370,20160925_074143
14,KDMX20160925_124630_V06,41,0.781,279.24,363.388439,18.158866,-93.85,41.445677,9079.432875,20160925_074630
38,KDMX20160925_131611_V06,71,0.136,239.91,376.238373,27.305767,-94.08,41.387331,13652.883530,20160925_081611
38,KDMX20160925_132045_V06,75,0.115,238.91,376.116338,34.098231,-94.09,41.387861,17049.115697,20160925_082045
38,KDMX20160925_132505_V06,80,-1.000,238.00,376.005397,42.441381,-94.09,41.388343,21220.690394,20160925_082505
38,KDMX20160925_132926_V06,84,-1.000,237.27,375.916645,49.115900,-94.10,41.388729,24557.950151,20160925_082926
38,KDMX20160925_133347_V06,88,0.051,229.70,389.311615,48.255909,-94.14,41.328268,24127.954379,20160925_083347
5,KDMX20160925_120131_V06,-4,0.286,448.65,329.319641,19.701935,-92.83,41.595657,9850.967407,20160925_070131
5,KDMX20160925_120557_V06,0,0.091,450.03,328.891672,24.646386,-92.82,41.597519,12323.193212,20160925_070557
6,KDMX20160925_120131_V06,-4,0.085,443.77,192.296234,12.663879,-92.85,42.212661,6331.939697,20160925_070131
6,KDMX20160925_120557_V06,0,0.352,445.84,192.679979,18.083669,-92.84,42.210839,9041.834587,20160925_070557
23,KDMX20160925_122117_V06,16,0.092,330.92,302.950012,28.145767,-93.54,41.717680,14072.883606,20160925_072117
23,KDMX20160925_122645_V06,21,0.107,331.78,300.180693,34.150634,-93.53,41.730138,17075.317068,20160925_072645
29,KDMX20160925_124143_V06,36,0.089,40.24,508.325958,43.263496,-95.26,40.782814,21631.748199,20160925_074143
29,KDMX20160925_124630_V06,41,0.260,42.54,510.692465,48.852805,-95.25,40.772344,24426.402262,20160925_074630
29,KDMX20160925_125104_V06,46,0.464,54.02,516.540710,42.902626,-95.18,40.746907,21451.313019,20160925_075104
29,KDMX20160925_125619_V06,51,0.129,58.56,519.257775,48.682645,-95.15,40.735016,24341.322606,20160925_075619
29,KDMX20160925_130134_V06,56,0.211,90.35,531.907654,37.757862,-94.96,40.680274,18878.931046,20160925_080134
35,KDMX20160925_130134_V06,56,0.059,159.68,280.568207,27.218575,-94.57,41.815486,13609.287262,20160925_080134
35,KDMX20160925_130635_V06,61,0.131,160.86,278.949597,33.751300,-94.56,41.822824,16875.649895,20160925_080635
3,KDMX20160925_115628_V06,-9,0.185,394.26,337.276581,8.246647,-93.16,41.561907,4123.323441,20160925_065628
13,KDMX20160925_121011_V06,5,0.163,318.16,318.520569,25.860260,-93.61,41.647683,12930.130005,20160925_071011
19,KDMX20160925_121643_V06,11,0.076,327.76,363.083252,15.045242,-93.56,41.446998,7522.621155,20160925_071643
22,KDMX20160925_122117_V06,16,0.119,446.56,188.838348,8.381165,-92.84,42.228097,4190.582275,20160925_072117
25,KDMX20160925_123147_V06,26,0.070,467.71,182.102966,12.633514,-92.71,42.257356,6316.757202,20160925_073147
27,KDMX20160925_124143_V06,36,0.122,273.77,513.258667,23.184433,-93.88,40.770888,11592.216492,20160925_074143
31,KDMX20160925_124143_V06,36,0.053,386.68,360.927094,1.840935,-93.20,41.455652,920.467377,20160925_074143
37,KDMX20160925_131611_V06,71,0.171,205.46,433.667419,25.684921,-94.29,41.127956,12842.460632,20160925_081611
39,KDMX20160925_131611_V06,71,0.110,290.79,356.238434,31.217773,-93.78,41.477920,15608.886719,20160925_081611
12,KDMX20161022_122132_V06,-14,0.368,298.59,365.370911,5.346214,-93.73,41.436819,2673.107147,20161022_072132
12,KDMX20161022_123119_V06,-4,0.416,303.66,366.188219,30.669513,-93.70,41.433138,15334.756419,20161022_073119
2,KDMX20161022_121144_V06,-24,0.208,245.74,292.176605,2.322327,-94.05,41.765866,1161.163330,20161022_071144
3,KDMX20161022_121144_V06,-24,0.188,382.05,254.471588,2.263077,-93.23,41.935001,1131.538391,20161022_071144
7,KDMX20161022_121144_V06,-24,0.075,201.99,300.474487,2.190865,-94.31,41.727465,1095.432281,20161022_071144
10,KDMX20161022_121144_V06,-24,0.060,420.04,255.614838,12.628769,-93.00,41.928643,6314.384460,20161022_071144
19,KDMX20161022_124107_V06,6,0.132,138.16,339.142761,8.471123,-94.69,41.550797,4235.561371,20161022_074107
21,KDMX20161022_130041_V06,25,0.057,421.63,261.536133,9.504990,-92.99,41.901928,4752.494812,20161022_080041
23,KDMX20161022_133004_V06,55,0.074,421.14,261.009735,9.442932,-92.99,41.904316,4721.466064,20161022_083004
26,KDMX20161022_134939_V06,74,0.128,397.08,182.259796,45.268402,-93.13,42.259623,22634.201050,20161022_084939
27,KDMX20161022_134939_V06,74,0.071,144.66,373.882996,16.567831,-94.65,41.394733,8283.915520,20161022_084939
