track_id,filename,from_sunrise,det_score,x,y,r,lon,lat,radius,local_time
1,KCLX20160724_100411_V06,-29,0.527,496.94,134.516174,14.999130,-79.98,33.397166,7499.565125,20160724_060411
1,KCLX20160724_100724_V06,-26,0.783,497.30,135.092260,18.824966,-79.98,33.394553,9412.482867,20160724_060724
1,KCLX20160724_101036_V06,-23,0.771,500.38,137.151508,22.012857,-79.97,33.385130,11006.428587,20160724_061036
1,KCLX20160724_101349_V06,-20,0.806,502.36,140.329870,26.591574,-79.95,33.370712,13295.786754,20160724_061349
1,KCLX20160724_101702_V06,-16,0.858,499.92,137.853936,27.924045,-79.97,33.381985,13962.022529,20160724_061702
1,KCLX20160724_102014_V06,-13,0.870,499.10,139.956232,31.829372,-79.97,33.372546,15914.685989,20160724_062014
1,KCLX20160724_102327_V06,-10,0.837,499.86,139.219480,34.608310,-79.97,33.375832,17304.155048,20160724_062327
1,KCLX20160724_102639_V06,-7,0.859,499.41,139.936753,37.978625,-79.97,33.372620,18989.312605,20160724_062639
1,KCLX20160724_102951_V06,-4,0.822,501.77,145.256353,45.407199,-79.96,33.348532,22703.599447,20160724_062951
1,KCLX20160724_103303_V06,0,0.843,505.26,146.966656,49.475710,-79.94,33.340660,24737.854794,20160724_063303
1,KCLX20160724_103616_V06,3,0.780,505.62,150.389287,53.627972,-79.94,33.325215,26813.986061,20160724_063616
1,KCLX20160724_103929_V06,6,0.767,504.09,151.381301,55.616890,-79.95,33.320815,27808.444946,20160724_063929
1,KCLX20160724_104241_V06,9,0.685,504.48,151.964312,58.658393,-79.94,33.318168,29329.196564,20160724_064241
1,KCLX20160724_104553_V06,12,0.632,499.53,148.428559,59.438077,-79.97,33.334336,29719.038625,20160724_064553
1,KCLX20160724_104905_V06,16,0.459,498.87,152.238637,61.916391,-79.97,33.317191,30958.195746,20160724_064905
1,KCLX20160724_105218_V06,19,0.334,501.78,152.421950,64.951210,-79.96,33.316231,32475.605052,20160724_065218
1,KCLX20160724_105530_V06,22,0.360,507.25,154.297573,69.082739,-79.93,33.307520,34541.369451,20160724_065530
1,KCLX20160724_105843_V06,25,0.203,508.74,154.897839,72.328065,-79.92,33.304743,36164.032719,20160724_065843
1,KCLX20160724_110155_V06,28,0.115,507.68,155.640345,74.685274,-79.93,33.301446,37342.636899,20160724_070155
1,KCLX20160724_110508_V06,32,0.066,509.13,153.300097,77.265905,-79.92,33.311926,38632.952623,20160724_070508
3,KCLX20160724_101702_V06,-16,0.263,256.16,280.571655,8.185211,-81.28,32.742937,4092.605591,20160724_061702
3,KCLX20160821_105608_V06,4,0.133,379.53,514.235291,66.644745,-80.62,31.688876,33322.372437,20160821_065608
3,KCLX20160821_110547_V06,13,0.255,378.90,515.477700,73.614227,-80.63,31.683284,36807.113416,20160821_070547
6,KCLX20160821_114430_V06,52,0.218,332.72,343.804993,14.210934,-80.87,32.457936,7105.466843,20160821_074430
6,KCLX20160821_115410_V06,62,0.073,331.14,344.433752,22.483631,-80.88,32.455112,11241.815450,20160821_075410
1,KCLX20160821_102707_V06,-25,0.234,387.19,366.785736,25.325073,-80.58,32.353585,12662.536621,20160821_062707
5,KCLX20160821_113450_V06,42,0.064,368.36,523.718689,65.204979,-80.68,31.646296,32602.489471,20160821_073450
13,KCLX20160930_114811_V06,31,0.106,388.54,385.408539,25.076576,-80.57,32.269592,12538.288116,20160930_074811
13,KCLX20160930_115123_V06,34,0.142,388.03,385.068283,29.303880,-80.58,32.271136,14651.940191,20160930_075123
13,KCLX20160930_115436_V06,37,-1.000,387.72,384.864130,33.748263,-80.58,32.272063,16874.131435,20160930_075436
13,KCLX20160930_115749_V06,40,0.164,392.88,379.540771,29.278107,-80.55,32.295960,14639.053345,20160930_075749
17,KCLX20160930_123031_V06,73,0.244,48.06,370.474091,59.758995,-82.38,32.330674,29879.497528,20160930_083031
17,KCLX20160930_123353_V06,76,0.118,47.71,370.296679,63.733472,-82.38,32.331454,31866.736002,20160930_083353
1,KCLX20160930_110257_V06,-15,0.260,386.76,257.580353,4.734314,-80.58,32.845957,2367.156982,20160930_070257
5,KCLX20160930_110612_V06,-11,0.062,397.42,367.791443,16.401909,-80.52,32.348838,8200.954437,20160930_070612
5,KCLX20160930_110928_V06,-8,0.063,380.37,360.869812,29.848186,-80.62,32.380388,14924.093246,20160930_070928
5,KCLX20160930_111240_V06,-5,-1.000,380.37,360.869812,34.618186,-80.62,32.380388,17309.093246,20160930_071240
5,KCLX20160930_111559_V06,-2,0.112,392.16,370.472290,20.140373,-80.55,32.336863,10070.186615,20160930_071559
8,KCLX20160930_111559_V06,-2,0.064,321.77,386.128937,42.897732,-80.93,32.267171,21448.865891,20160930_071559
8,KCLX20160930_111919_V06,2,-1.000,321.77,386.128937,49.257732,-80.93,32.267171,24628.865891,20160930_071919
8,KCLX20160930_112232_V06,5,0.051,315.97,428.540985,5.425430,-80.96,32.075961,2712.715149,20160930_072232
10,KCLX20160930_112545_V06,8,0.061,280.63,416.119171,14.629402,-81.14,32.131957,7314.701080,20160930_072545
10,KCLX20160930_112857_V06,11,0.299,285.52,414.944611,11.517853,-81.12,32.137272,5758.926392,20160930_072857
12,KCLX20160930_114147_V06,24,0.069,387.87,380.336548,25.053360,-80.58,32.292474,12526.679993,20160930_074147
15,KCLX20160930_120727_V06,50,0.069,402.23,275.504822,5.050369,-80.50,32.764814,2525.184631,20160930_080727
16,KCLX20160930_122710_V06,70,0.064,335.76,447.058563,9.827248,-80.85,31.992349,4913.623810,20160930_082710
18,KCLX20160930_123353_V06,76,0.126,240.70,137.285767,13.969528,-81.36,33.388732,6984.764099,20160930_083353
1,KCLX20161005_120012_V06,39,0.129,267.40,369.091797,6.456001,-81.22,32.343923,3228.000641,20161005_080012
2,KCLX20161020_111742_V06,-15,0.301,299.69,424.803589,10.537682,-81.04,32.092841,5268.840790,20161020_071742
2,KCLX20161020_112724_V06,-5,0.942,302.28,431.836838,19.782636,-81.03,32.061127,9891.317917,20161020_072724
2,KCLX20161020_113707_V06,5,0.809,292.80,433.824416,33.452722,-81.08,32.052160,16726.360841,20161020_073707
2,KCLX20161020_114649_V06,14,0.959,292.38,441.864560,36.700718,-81.08,32.015906,18350.359142,20161020_074649
2,KCLX20161020_115632_V06,24,0.541,287.45,445.362323,44.223103,-81.11,32.000123,22111.551268,20161020_075632
2,KCLX20161020_120614_V06,34,0.098,280.50,454.508545,50.840440,-81.15,31.958857,25420.220021,20161020_080614
1,KCLX20161020_111742_V06,-15,0.804,396.97,333.415253,12.952728,-80.53,32.503840,6476.364136,20161020_071742
1,KCLX20161020_112724_V06,-5,0.690,397.61,334.478334,25.715362,-80.52,32.499033,12857.681051,20161020_072724
1,KCLX20161020_113707_V06,5,0.877,393.87,335.295960,32.408661,-80.54,32.495428,16204.330437,20161020_073707
1,KCLX20161020_114649_V06,14,0.940,388.61,343.718280,37.032888,-80.57,32.457562,18516.443988,20161020_074649
1,KCLX20161020_115632_V06,24,0.329,382.82,347.154217,46.355515,-80.60,32.442182,23177.757257,20161020_075632
12,KCLX20161020_121557_V06,43,0.074,302.88,404.519104,24.967468,-81.03,32.184303,12483.734131,20161020_081557
12,KCLX20161020_122540_V06,53,0.056,308.71,424.506923,32.188269,-81.00,32.094170,16094.134448,20161020_082540
12,KCLX20161020_123522_V06,63,-1.000,314.22,443.363355,39.900345,-80.97,32.009131,19950.172484,20161020_083522
12,KCLX20161020_124504_V06,73,0.079,303.83,440.259125,12.658379,-81.02,32.023150,6329.189301,20161020_084504
12,KCLX20161020_125445_V06,82,0.107,301.76,438.871197,20.816982,-81.03,32.029409,10408.491207,20161020_085445
3,KCLX20161020_111742_V06,-15,0.093,449.24,352.930481,26.776093,-80.25,32.414403,13388.046265,20161020_071742
4,KCLX20161020_111742_V06,-15,0.078,319.69,369.859863,57.778904,-80.94,32.340536,28889.451981,20161020_071742
4,KCLX20161020_112724_V06,-5,0.074,354.71,329.468231,34.517990,-80.75,32.522359,17258.995056,20161020_072724
8,KCLX20161020_113707_V06,5,0.116,261.06,462.240784,11.692385,-81.25,31.923864,5846.192360,20161020_073707
10,KCLX20161020_115632_V06,24,0.271,337.64,456.444427,8.598495,-80.84,31.950012,4299.247742,20161020_075632
1,KCLX20161025_112010_V06,-16,0.937,378.28,335.031525,13.734406,-80.63,32.496923,6867.202759,20161025_072010
1,KCLX20161025_112953_V06,-7,0.582,373.70,341.076843,30.048442,-80.65,32.469745,15024.220939,20161025_072953
1,KCLX20161025_113937_V06,3,0.486,370.00,358.639780,52.904817,-80.67,32.390618,26452.408451,20161025_073937
1,KCLX20161025_114920_V06,13,0.067,362.92,358.384239,59.258710,-80.71,32.391876,29629.355005,20161025_074920
1,KCLX20161025_115904_V06,23,0.074,361.89,346.323427,57.869480,-80.71,32.446270,28934.739771,20161025_075904
1,KCLX20161025_120848_V06,32,0.060,358.40,346.517993,54.692553,-80.73,32.445440,27346.276469,20161025_080848
2,KCLX20161025_112010_V06,-16,0.745,291.22,428.166840,8.778893,-81.09,32.077668,4389.446259,20161025_072010
2,KCLX20161025_112953_V06,-7,0.076,288.89,427.664176,26.110239,-81.10,32.079929,13055.119666,20161025_072953
2,KCLX20161025_113937_V06,3,0.838,280.93,438.637085,27.985327,-81.14,32.030425,13992.663271,20161025_073937
2,KCLX20161025_114920_V06,13,0.843,279.78,444.640386,37.062268,-81.15,32.003350,18531.134210,20161025_074920
2,KCLX20161025_115904_V06,23,0.709,269.38,449.090327,39.940437,-81.20,31.983226,19970.218618,20161025_075904
2,KCLX20161025_120848_V06,32,0.471,255.97,459.879226,50.982506,-81.28,31.934466,25491.252822,20161025_080848
2,KCLX20161025_121831_V06,42,0.062,246.14,445.303162,41.257187,-81.33,32.000083,20628.593445,20161025_081831
6,KCLX20161025_113937_V06,3,0.069,279.09,571.383057,26.622232,-81.15,31.431826,13311.116219,20161025_073937
7,KCLX20161025_114920_V06,13,0.229,434.41,132.975403,16.611237,-80.32,33.406492,8305.618286,20161025_074920
11,KCLX20161025_124740_V06,71,0.067,233.36,531.576660,32.330395,-81.39,31.610887,16165.197372,20161025_084740
