track_id,filename,from_sunrise,det_score,x,y,r,lon,lat,radius,local_time
4,KDOX20170815_100316_V06,-12,0.963,287.93,150.814819,10.581680,-75.51,39.497432,5290.840149,20170815_060316
4,KDOX20170815_100812_V06,-7,0.967,288.98,149.699022,15.998059,-75.50,39.502460,7999.029554,20170815_060812
4,KDOX20170815_101334_V06,-2,0.973,291.60,150.125996,21.732850,-75.49,39.500545,10866.424917,20170815_061334
4,KDOX20170815_101857_V06,3,0.979,294.32,147.186463,25.966046,-75.47,39.513789,12983.023172,20170815_061857
4,KDOX20170815_102354_V06,8,0.955,295.41,149.364389,31.560370,-75.47,39.503982,15780.185067,20170815_062354
4,KDOX20170815_102917_V06,14,0.450,299.02,147.067531,35.029812,-75.45,39.514329,17514.906212,20170815_062917
4,KDOX20170815_103412_V06,19,-1.000,301.90,145.428587,38.113285,-75.43,39.521709,19056.642730,20170815_063412
4,KDOX20170815_103909_V06,24,0.183,318.84,175.857880,12.186478,-75.33,39.384620,6093.238831,20170815_063909
1,KDOX20170815_095258_V06,-23,0.234,382.25,204.137299,5.452194,-74.96,39.256342,2726.097107,20170815_055258
1,KDOX20170815_100316_V06,-12,0.146,386.04,203.352617,14.337915,-74.94,39.259785,7168.957391,20170815_060316
1,KDOX20170815_100812_V06,-7,0.694,392.38,208.002701,15.873428,-74.90,39.238681,7936.713761,20170815_060812
1,KDOX20170815_101334_V06,-2,0.267,389.57,206.842122,23.043147,-74.92,39.243981,11521.573442,20170815_061334
1,KDOX20170815_101857_V06,3,0.090,385.03,199.140233,28.733112,-74.95,39.278780,14366.555826,20170815_061857
5,KDOX20170815_100316_V06,-12,0.133,475.83,135.832703,21.364883,-74.42,39.560469,10682.441711,20170815_060316
5,KDOX20170815_100812_V06,-7,0.605,478.33,134.608483,26.424567,-74.40,39.565854,13212.283486,20170815_060812
5,KDOX20170815_101334_V06,-2,0.195,481.60,131.253608,28.984924,-74.38,39.580791,14492.461841,20170815_061334
5,KDOX20170815_101857_V06,3,0.655,488.03,130.335110,32.344933,-74.35,39.584585,16172.466432,20170815_061857
5,KDOX20170815_102354_V06,8,0.110,477.60,129.742981,49.275932,-74.41,39.587801,24637.966156,20170815_062354
24,KDOX20170815_103412_V06,19,0.176,367.46,227.390686,15.272812,-75.05,39.151934,7636.405945,20170815_063412
24,KDOX20170815_103909_V06,24,0.119,366.23,224.775432,23.252960,-75.06,39.163736,11626.480121,20170815_063909
24,KDOX20170815_104406_V06,29,0.599,362.53,220.078559,23.186538,-75.08,39.184957,11593.269171,20170815_064406
24,KDOX20170815_104903_V06,34,0.666,363.23,215.537698,24.887947,-75.07,39.205395,12443.973734,20170815_064903
6,KDOX20170815_100316_V06,-12,0.116,230.31,384.821533,8.181587,-75.84,38.442827,4090.793610,20170815_060316
6,KDOX20170815_100812_V06,-7,0.260,230.97,383.936180,14.936933,-75.84,38.446827,7468.466431,20170815_060812
6,KDOX20170815_101334_V06,-2,0.123,227.67,379.178927,21.740915,-75.85,38.468189,10870.457427,20170815_061334
6,KDOX20170815_101857_V06,3,0.108,233.03,383.734436,19.227287,-75.82,38.447776,9613.643646,20170815_061857
9,KDOX20170815_100812_V06,-7,0.961,175.62,175.122070,15.568695,-76.16,39.385763,7784.347534,20170815_060812
9,KDOX20170815_101334_V06,-2,0.971,177.59,176.492142,22.619609,-76.15,39.379663,11309.804659,20170815_061334
9,KDOX20170815_101857_V06,3,0.811,179.58,174.810709,29.858536,-76.14,39.387305,14929.267923,20170815_061857
12,KDOX20170815_100812_V06,-7,0.103,308.87,235.134430,11.987106,-75.39,39.117697,5993.553162,20170815_060812
12,KDOX20170815_101334_V06,-2,0.068,309.88,235.316897,18.624656,-75.38,39.116872,9312.328134,20170815_061334
22,KDOX20170815_102917_V06,14,0.143,328.72,318.286438,8.001678,-75.27,38.743080,4000.839233,20170815_062917
22,KDOX20170815_103412_V06,19,0.516,328.47,318.694507,13.439537,-75.28,38.741244,6719.768291,20170815_063412
21,KDOX20170815_102354_V06,8,0.064,432.52,208.346405,21.178650,-74.67,39.235841,10589.324951,20170815_062354
27,KDOX20170815_111531_V06,60,0.341,330.71,319.615509,17.100677,-75.26,38.737077,8550.338745,20170815_071531
31,KDOX20170815_112641_V06,71,0.093,390.75,225.317810,28.320251,-74.92,39.160743,14160.125732,20170815_072641
1,KDOX20170819_100350_V06,-16,0.973,294.71,159.810883,11.103729,-75.47,39.456935,5551.864624,20170819_060350
1,KDOX20170819_101333_V06,-6,0.933,304.33,159.957773,25.131447,-75.41,39.456275,12565.723726,20170819_061333
1,KDOX20170819_102317_V06,4,0.842,305.61,162.002236,31.661546,-75.41,39.447066,15830.772767,20170819_062317
1,KDOX20170819_103301_V06,14,0.216,311.67,156.282470,45.335110,-75.37,39.472810,22667.555196,20170819_063301
1,KDOX20170819_104245_V06,23,0.525,310.76,162.821912,43.535314,-75.38,39.443362,21767.656981,20170819_064245
4,KDOX20170819_100350_V06,-16,0.499,178.11,184.729980,8.836189,-76.15,39.342583,4418.094635,20170819_060350
4,KDOX20170819_101333_V06,-6,0.941,184.16,191.451164,18.417913,-76.11,39.312521,9208.956280,20170819_061333
4,KDOX20170819_102317_V06,4,0.851,194.00,199.013602,32.761417,-76.05,39.278776,16380.708254,20170819_062317
4,KDOX20170819_103301_V06,14,0.835,198.42,199.827598,41.733962,-76.03,39.275242,20866.981140,20170819_063301
4,KDOX20170819_104245_V06,23,0.305,203.96,202.585149,49.800755,-76.00,39.262980,24900.377564,20170819_064245
2,KDOX20170819_100350_V06,-16,0.966,386.84,204.382385,10.498001,-74.94,39.255127,5249.000549,20170819_060350
2,KDOX20170819_101333_V06,-6,0.976,395.03,211.953844,23.520660,-74.89,39.220815,11760.330002,20170819_061333
2,KDOX20170819_102317_V06,4,0.882,403.65,213.682175,36.177273,-74.84,39.212787,18088.636448,20170819_062317
2,KDOX20170819_103301_V06,14,0.404,411.46,221.923061,46.620573,-74.80,39.175433,23310.286510,20170819_063301
5,KDOX20170819_100350_V06,-16,0.321,229.61,384.697327,7.524254,-75.84,38.443372,3762.126923,20170819_060350
5,KDOX20170819_101333_V06,-6,0.199,234.54,387.849188,14.131494,-75.81,38.429270,7065.746961,20170819_061333
5,KDOX20170819_102317_V06,4,0.857,241.15,398.055058,16.761697,-75.78,38.383415,8380.848547,20170819_062317
5,KDOX20170819_103301_V06,14,0.900,242.60,407.308327,24.039226,-75.77,38.341759,12019.613030,20170819_063301
18,KDOX20170819_101333_V06,-6,0.067,481.99,136.014008,19.334778,-74.38,39.559335,9667.388916,20170819_061333
18,KDOX20170819_102317_V06,4,0.195,492.25,138.719890,28.432709,-74.32,39.546597,14216.354366,20170819_062317
18,KDOX20170819_103301_V06,14,-1.000,501.93,141.272609,37.915662,-74.27,39.534553,18957.831205,20170819_063301
18,KDOX20170819_104245_V06,23,0.053,500.84,152.110719,56.369629,-74.27,39.485813,28184.814343,20170819_064245
18,KDOX20170819_110212_V06,43,0.117,489.58,147.532367,56.481604,-74.34,39.507061,28240.802201,20170819_070212
3,KDOX20170819_100350_V06,-16,0.660,208.13,319.526093,6.250549,-75.97,38.736418,3125.274658,20170819_060350
3,KDOX20170819_101333_V06,-6,0.811,211.39,325.378661,15.623221,-75.95,38.710142,7811.610476,20170819_061333
3,KDOX20170819_102317_V06,4,0.624,220.63,332.667054,24.655711,-75.90,38.677534,12327.855562,20170819_062317
20,KDOX20170819_101333_V06,-6,0.055,288.33,512.022705,15.569042,-75.51,37.870510,7784.521103,20170819_061333
20,KDOX20170819_102317_V06,4,0.924,287.36,496.385992,20.592684,-75.51,37.940946,10296.342152,20170819_062317
20,KDOX20170819_103301_V06,14,0.857,294.22,501.227417,27.517566,-75.47,37.919154,13758.782787,20170819_063301
23,KDOX20170819_102317_V06,4,0.134,320.13,375.089844,6.225121,-75.32,38.487288,3112.560272,20170819_062317
23,KDOX20170819_103301_V06,14,0.335,330.35,367.633429,12.112219,-75.27,38.520800,6056.109587,20170819_063301
23,KDOX20170819_104245_V06,23,0.070,344.36,348.535991,13.088151,-75.19,38.606671,6544.075358,20170819_064245
8,KDOX20170819_100350_V06,-16,0.186,311.60,235.813568,4.364792,-75.37,39.114630,2182.395935,20170819_060350
8,KDOX20170819_101333_V06,-6,0.650,316.17,241.665192,14.829412,-75.35,39.088257,7414.705787,20170819_061333
14,KDOX20170819_101333_V06,-6,0.227,228.02,81.019653,10.014946,-75.86,39.811016,5007.472992,20170819_061333
14,KDOX20170819_102317_V06,4,0.098,204.52,85.053320,20.262640,-76.00,39.792281,10131.319934,20170819_062317
15,KDOX20170819_101333_V06,-6,0.120,184.07,84.669983,14.095688,-76.12,39.793382,7047.843933,20170819_061333
15,KDOX20170819_102317_V06,4,-1.000,184.07,84.669983,29.995688,-76.12,39.793382,14997.843933,20170819_062317
15,KDOX20170819_103301_V06,14,0.062,184.00,87.923889,15.782211,-76.12,39.778727,7891.105652,20170819_063301
16,KDOX20170819_101333_V06,-6,0.091,350.04,342.196320,31.757767,-75.15,38.635150,15878.883362,20170819_061333
26,KDOX20170819_103301_V06,14,0.124,34.91,430.634399,39.916550,-76.95,38.227304,19958.274841,20170819_063301
27,KDOX20170819_103301_V06,14,0.095,298.94,200.247589,18.505386,-75.45,39.274828,9252.693176,20170819_063301
34,KDOX20170819_112140_V06,62,0.107,211.51,348.355072,26.775200,-75.95,38.606658,13387.599945,20170819_072140
35,KDOX20170819_113123_V06,72,0.070,438.40,56.508484,33.415947,-74.63,39.919363,16707.973480,20170819_073123
1,KDOX20170905_101340_V06,-21,0.956,298.95,147.516174,8.010284,-75.45,39.512308,4005.142212,20170905_061340
1,KDOX20170905_102525_V06,-9,0.923,302.85,152.868799,26.372339,-75.42,39.488202,13186.169512,20170905_062525
1,KDOX20170905_103509_V06,1,0.968,312.27,146.122212,35.663782,-75.37,39.518564,17831.891028,20170905_063509
1,KDOX20170905_104454_V06,10,0.802,323.98,135.652920,42.830135,-75.30,39.565651,21415.067313,20170905_064454
4,KDOX20170905_101340_V06,-21,0.289,484.55,116.457428,17.207703,-74.36,39.647261,8603.851318,20170905_061340
4,KDOX20170905_102525_V06,-9,0.051,488.74,124.396291,39.099064,-74.34,39.611288,19549.531830,20170905_062525
4,KDOX20170905_103509_V06,1,0.290,507.27,107.783623,40.661511,-74.23,39.685032,20330.755609,20170905_063509
2,KDOX20170905_101340_V06,-21,0.835,390.11,191.846069,10.323898,-74.92,39.311502,5161.949158,20170905_061340
2,KDOX20170905_102525_V06,-9,0.472,407.12,184.239221,25.957874,-74.82,39.345278,12978.936830,20170905_062525
7,KDOX20170905_101340_V06,-21,0.085,439.25,163.389374,12.767181,-74.63,39.438036,6383.590698,20170905_061340
7,KDOX20170905_102525_V06,-9,0.172,447.11,180.213966,21.893767,-74.59,39.361947,10946.883709,20170905_062525
3,KDOX20170905_101340_V06,-21,0.769,183.66,171.775848,12.250481,-76.12,39.401110,6125.240326,20170905_061340
11,KDOX20170905_102525_V06,-9,0.375,214.99,307.971954,11.766220,-75.93,38.788629,5883.110046,20170905_062525
12,KDOX20170905_102525_V06,-9,0.126,268.34,333.898407,4.556503,-75.62,38.672737,2278.251648,20170905_062525
18,KDOX20170905_114353_V06,69,0.058,146.94,241.437408,15.877335,-76.32,39.085978,7938.667297,20170905_074353
7,KDOX20170908_102458_V06,-13,0.466,211.61,317.920868,7.945580,-75.95,38.743737,3972.789764,20170908_062458
7,KDOX20170908_103442_V06,-3,0.349,213.79,321.197723,19.896378,-75.94,38.729032,9948.188753,20170908_063442
7,KDOX20170908_103938_V06,2,0.741,218.27,325.699449,25.083770,-75.91,38.708863,12541.884990,20170908_063938
7,KDOX20170908_104434_V06,7,0.613,218.17,325.265518,25.412422,-75.91,38.710815,12706.210919,20170908_064434
7,KDOX20170908_104930_V06,12,0.054,219.00,326.040817,24.610427,-75.91,38.707342,12305.213340,20170908_064930
2,KDOX20170908_101016_V06,-27,0.065,170.67,188.189148,13.335403,-76.19,39.326737,6667.701721,20170908_061016
2,KDOX20170908_101513_V06,-22,0.304,170.17,189.197145,21.267615,-76.19,39.322179,10633.807748,20170908_061513
2,KDOX20170908_102458_V06,-13,0.241,163.51,202.227303,24.611842,-76.23,39.263245,12305.920862,20170908_062458
2,KDOX20170908_103442_V06,-3,0.687,195.18,183.710444,27.323702,-76.05,39.347730,13661.851114,20170908_063442
3,KDOX20170908_101513_V06,-22,0.932,294.55,154.252045,9.148148,-75.47,39.481969,4574.073792,20170908_061513
3,KDOX20170908_102458_V06,-13,0.134,294.60,152.551084,17.442530,-75.47,39.489629,8721.264908,20170908_062458
3,KDOX20170908_103442_V06,-3,0.714,309.20,152.220436,26.359689,-75.39,39.491111,13179.844445,20170908_063442
3,KDOX20170908_103938_V06,2,-1.000,315.51,151.958340,30.869722,-75.35,39.492268,15434.861179,20170908_063938
3,KDOX20170908_104434_V06,7,0.098,302.68,137.772736,22.711395,-75.42,39.556186,11355.697632,20170908_064434
19,KDOX20170908_103938_V06,2,0.127,410.33,268.903839,24.083206,-74.80,38.963883,12041.603088,20170908_063938
19,KDOX20170908_104434_V06,7,0.080,410.15,269.116147,30.583379,-74.80,38.962933,15291.689512,20170908_064434
19,KDOX20170908_104930_V06,12,0.070,409.41,271.697157,30.593221,-74.81,38.951332,15296.610467,20170908_064930
14,KDOX20170908_102458_V06,-13,0.082,359.60,393.602997,22.774918,-75.10,38.403456,11387.458801,20170908_062458
14,KDOX20170908_103442_V06,-3,0.070,351.99,394.637943,36.041450,-75.14,38.398914,18020.725124,20170908_063442
21,KDOX20170908_104434_V06,7,0.061,267.05,179.138336,15.399506,-75.63,39.369741,7699.752808,20170908_064434
21,KDOX20170908_104930_V06,12,0.448,268.48,181.274492,20.214076,-75.62,39.360134,10107.037803,20170908_064930
31,KDOX20170908_120036_V06,83,0.082,257.02,62.367615,36.047821,-75.69,39.895492,18023.910522,20170908_080036
31,KDOX20170908_120533_V06,88,0.084,255.98,62.320001,42.506785,-75.70,39.895694,21253.392325,20170908_080533
8,KDOX20170908_102458_V06,-13,0.329,407.08,185.681488,32.544876,-74.82,39.338784,16272.438049,20170908_062458
9,KDOX20170908_102458_V06,-13,0.193,394.13,256.222565,24.640518,-74.90,39.021468,12320.259094,20170908_062458
11,KDOX20170908_102458_V06,-13,0.110,226.95,167.288269,7.354134,-75.86,39.422498,3677.066803,20170908_062458
18,KDOX20170908_103442_V06,-3,0.085,324.64,363.065308,15.966156,-75.30,38.541421,7983.078003,20170908_063442
23,KDOX20170908_104930_V06,12,0.122,235.81,377.085510,4.857430,-75.81,38.477775,2428.714752,20170908_064930
25,KDOX20170908_104930_V06,12,0.112,217.29,294.034485,18.016785,-75.92,38.851458,9008.392334,20170908_064930
27,KDOX20170908_104930_V06,12,0.066,268.63,152.411835,14.572155,-75.62,39.490119,7286.077499,20170908_064930
28,KDOX20170908_112556_V06,48,0.050,137.52,263.286621,2.030685,-76.38,38.987156,1015.342712,20170908_072556
29,KDOX20170908_115041_V06,73,0.060,340.34,386.231689,27.811905,-75.21,38.436930,13905.952454,20170908_075041
30,KDOX20170908_120036_V06,83,0.095,265.87,107.588959,16.861679,-75.64,39.691949,8430.839539,20170908_080036
32,KDOX20170908_120036_V06,83,0.065,388.43,192.127869,28.079742,-74.93,39.310276,14039.871216,20170908_080036
6,KDOX20170911_102248_V06,-17,0.174,198.50,323.245544,5.401634,-76.02,38.719402,2700.817108,20170911_062248
6,KDOX20170911_102746_V06,-12,0.348,198.96,321.554885,11.808382,-76.02,38.727030,5904.190926,20170911_062746
6,KDOX20170911_103243_V06,-7,0.568,199.56,318.327984,13.396728,-76.02,38.741581,6698.364013,20170911_063243
6,KDOX20170911_103740_V06,-2,0.600,201.44,319.493184,14.426983,-76.01,38.736386,7213.491271,20170911_063740
6,KDOX20170911_104238_V06,3,0.545,202.46,322.753933,19.060702,-76.00,38.721728,9530.350862,20170911_064238
6,KDOX20170911_104734_V06,8,0.449,202.28,325.883813,23.978264,-76.00,38.707626,11989.132099,20170911_064734
6,KDOX20170911_105230_V06,13,0.622,201.33,324.630259,26.740655,-76.01,38.713246,13370.327705,20170911_065230
6,KDOX20170911_110224_V06,23,0.482,199.59,329.103496,32.148400,-76.02,38.693050,16074.199971,20170911_070224
6,KDOX20170911_110720_V06,28,0.635,198.72,331.054877,34.790703,-76.02,38.684236,17395.351283,20170911_070720
6,KDOX20170911_111216_V06,33,0.132,193.04,329.909361,39.476274,-76.05,38.689228,19738.136958,20170911_071216
9,KDOX20170911_102746_V06,-12,0.459,423.75,184.010254,6.436432,-74.72,39.345759,3218.215942,20170911_062746
9,KDOX20170911_103243_V06,-7,0.659,421.88,184.458641,12.551359,-74.73,39.343806,6275.679283,20170911_063243
9,KDOX20170911_103740_V06,-2,0.847,417.13,186.139413,14.027644,-74.76,39.336399,7013.822192,20170911_063740
9,KDOX20170911_104238_V06,3,0.880,414.70,188.180572,17.922099,-74.77,39.327287,8961.049276,20170911_064238
9,KDOX20170911_104734_V06,8,0.900,414.04,191.987477,20.752734,-74.78,39.310165,10376.367092,20170911_064734
9,KDOX20170911_105230_V06,13,0.966,408.11,191.943018,26.631369,-74.81,39.310554,13315.684264,20170911_065230
9,KDOX20170911_110224_V06,23,0.882,405.89,198.277471,33.269037,-74.83,39.282095,16634.518539,20170911_070224
9,KDOX20170911_110720_V06,28,0.391,403.40,201.329104,37.497161,-74.84,39.268427,18748.580257,20170911_070720
9,KDOX20170911_111216_V06,33,0.358,394.50,207.534694,37.540161,-74.89,39.240732,18770.080302,20170911_071216
9,KDOX20170911_111713_V06,38,0.256,390.18,213.102232,36.299007,-74.92,39.215772,18149.503542,20170911_071713
9,KDOX20170911_112210_V06,43,0.291,378.52,203.854889,53.702545,-74.99,39.257700,26851.272583,20170911_072210
16,KDOX20170911_103243_V06,-7,0.871,450.74,141.115265,11.455978,-74.56,39.537862,5727.989197,20170911_063243
16,KDOX20170911_103740_V06,-2,0.915,448.53,143.755056,17.296081,-74.58,39.526069,8648.040455,20170911_063740
16,KDOX20170911_104238_V06,3,0.894,449.26,145.566233,19.300496,-74.57,39.517882,9650.248011,20170911_064238
16,KDOX20170911_104734_V06,8,0.932,449.68,147.105863,22.044159,-74.57,39.510931,11022.079743,20170911_064734
16,KDOX20170911_105230_V06,13,0.905,454.17,148.430531,22.012774,-74.54,39.504769,11006.387205,20170911_065230
16,KDOX20170911_110224_V06,23,0.717,456.37,149.765237,25.713817,-74.53,39.498660,12856.908303,20170911_070224
16,KDOX20170911_110720_V06,28,0.320,450.90,150.330629,28.662143,-74.56,39.496356,14331.071606,20170911_070720
16,KDOX20170911_111216_V06,33,0.310,453.22,150.442119,29.000642,-74.55,39.495753,14500.320897,20170911_071216
16,KDOX20170911_111713_V06,38,0.064,455.38,150.673429,30.989224,-74.54,39.494615,15494.611796,20170911_071713
16,KDOX20170911_112210_V06,43,-1.000,456.99,150.913889,32.680204,-74.53,39.493460,16340.101967,20170911_072210
16,KDOX20170911_113155_V06,52,0.254,450.01,155.705005,33.124433,-74.57,39.472193,16562.216741,20170911_073155
8,KDOX20170911_102746_V06,-12,0.683,282.48,151.694946,7.324371,-75.54,39.493445,3662.185669,20170911_062746
8,KDOX20170911_103243_V06,-7,0.941,281.68,152.800174,12.976500,-75.55,39.488464,6488.250095,20170911_063243
8,KDOX20170911_103740_V06,-2,0.940,279.08,153.406214,16.497439,-75.56,39.485720,8248.719355,20170911_063740
8,KDOX20170911_104238_V06,3,0.945,274.18,152.562778,19.544316,-75.59,39.489485,9772.158205,20170911_064238
8,KDOX20170911_104734_V06,8,0.883,271.87,153.404500,24.620133,-75.60,39.485676,12310.066378,20170911_064734
8,KDOX20170911_105230_V06,13,0.879,271.93,153.866771,29.041453,-75.60,39.483595,14520.726741,20170911_065230
8,KDOX20170911_110224_V06,23,0.706,268.03,155.794482,36.927417,-75.63,39.474880,18463.708317,20170911_070224
8,KDOX20170911_110720_V06,28,0.463,267.13,155.069552,39.154132,-75.63,39.478136,19577.066183,20170911_070720
8,KDOX20170911_111216_V06,33,-1.000,266.01,154.747607,41.805035,-75.64,39.479575,20902.517560,20170911_071216
8,KDOX20170911_111713_V06,38,0.072,279.50,155.809723,11.477310,-75.56,39.474898,5738.655090,20170911_071713
14,KDOX20170911_102746_V06,-12,0.058,267.10,486.716431,2.799469,-75.63,37.984376,1399.734497,20170911_062746
14,KDOX20170911_103243_V06,-7,0.092,266.88,487.172556,9.298032,-75.63,37.982319,4649.016032,20170911_063243
14,KDOX20170911_103740_V06,-2,0.151,262.01,489.935451,11.757248,-75.66,37.969825,5878.624130,20170911_063740
14,KDOX20170911_104238_V06,3,-1.000,258.19,492.165026,15.178485,-75.68,37.959739,7589.242383,20170911_064238
14,KDOX20170911_104734_V06,8,-1.000,254.36,494.394600,18.599721,-75.70,37.949649,9299.860635,20170911_064734
14,KDOX20170911_105230_V06,13,-1.000,250.54,496.624175,22.020958,-75.72,37.939555,11010.478887,20170911_065230
14,KDOX20170911_110224_V06,23,0.102,272.98,493.641112,21.409110,-75.59,37.953231,10704.555170,20170911_070224
21,KDOX20170911_103243_V06,-7,0.061,380.61,197.272797,21.020477,-74.97,39.287295,10510.238647,20170911_063243
21,KDOX20170911_103740_V06,-2,0.413,378.74,197.319719,27.310251,-74.98,39.287126,13655.125352,20170911_063740
21,KDOX20170911_104238_V06,3,0.083,370.31,196.781251,29.007393,-75.03,39.289731,14503.696703,20170911_064238
11,KDOX20170911_102746_V06,-12,0.143,375.19,245.846252,33.141113,-75.01,39.068658,16570.556641,20170911_062746
11,KDOX20170911_103243_V06,-7,0.071,374.05,246.038792,39.612516,-75.01,39.067815,19806.257754,20170911_063243
2,KDOX20170911_101751_V06,-22,0.095,282.31,89.138428,2.236145,-75.54,39.775160,1118.072510,20170911_061751
4,KDOX20170911_101751_V06,-22,0.051,184.44,192.385559,15.700638,-76.11,39.308322,7850.318909,20170911_061751
5,KDOX20170911_102248_V06,-17,0.574,340.68,180.589081,21.006699,-75.20,39.363126,10503.349304,20170911_062248
26,KDOX20170911_103740_V06,-2,0.059,334.77,75.808838,2.637299,-75.24,39.835057,1318.649292,20170911_063740
29,KDOX20170911_105230_V06,13,0.110,438.00,206.942139,14.189255,-74.64,39.241953,7094.627380,20170911_065230
34,KDOX20170911_112210_V06,43,0.107,240.67,404.133301,27.076080,-75.78,38.356029,13538.040161,20170911_072210
35,KDOX20170911_112210_V06,43,0.063,301.85,440.692261,5.326920,-75.43,38.191846,2663.459778,20170911_072210
36,KDOX20170911_112210_V06,43,0.055,464.52,288.104462,11.753571,-74.49,38.875293,5876.785278,20170911_072210
6,KDOX20170914_104121_V06,-1,0.134,312.19,155.336670,9.521973,-75.37,39.477067,4760.986328,20170914_064121
6,KDOX20170914_104710_V06,5,0.178,314.75,155.936042,16.547067,-75.35,39.474358,8273.533560,20170914_064710
6,KDOX20170914_105258_V06,10,0.069,322.01,168.675037,28.443683,-75.31,39.416949,14221.841326,20170914_065258
6,KDOX20170914_110436_V06,22,0.157,348.29,165.580402,28.835477,-75.16,39.430621,14417.738731,20170914_070436
3,KDOX20170914_103531_V06,-7,0.086,432.13,179.128906,7.158279,-74.67,39.367434,3579.139709,20170914_063531
3,KDOX20170914_104121_V06,-1,0.060,433.94,181.599022,15.570689,-74.66,39.356241,7785.344544,20170914_064121
3,KDOX20170914_104710_V06,5,0.088,446.07,171.002141,17.119294,-74.59,39.403474,8559.646841,20170914_064710
2,KDOX20170914_103531_V06,-7,0.166,208.85,315.205536,2.060143,-75.96,38.755897,1030.071259,20170914_063531
2,KDOX20170914_104121_V06,-1,0.428,209.61,314.782404,8.668741,-75.96,38.757822,4334.370381,20170914_064121
10,KDOX20170914_104710_V06,5,0.068,303.79,361.032593,50.680107,-75.42,38.550660,25340.053558,20170914_064710
12,KDOX20170914_113927_V06,57,0.196,229.96,329.813477,19.489628,-75.84,38.690584,9744.813919,20170914_073927
1,KDOX20170923_103506_V06,-15,0.646,281.26,154.429779,2.594589,-75.55,39.481122,1297.294617,20170923_063506
1,KDOX20170923_110120_V06,11,0.970,264.81,171.622426,27.797401,-75.64,39.403567,13898.700688,20170923_070120
1,KDOX20170923_110617_V06,16,0.938,261.70,173.807104,32.215242,-75.66,39.393696,16107.620986,20170923_070617
1,KDOX20170923_111113_V06,21,0.961,263.54,174.534803,35.613538,-75.65,39.390438,17806.768878,20170923_071113
1,KDOX20170923_111608_V06,26,0.963,261.08,176.955947,36.299886,-75.67,39.379508,18149.943041,20170923_071608
1,KDOX20170923_112551_V06,35,0.963,262.08,180.795509,40.519905,-75.66,39.362227,20259.952298,20170923_072551
1,KDOX20170923_113532_V06,45,0.902,262.17,186.122611,43.808622,-75.66,39.338237,21904.311018,20170923_073532
1,KDOX20170923_114514_V06,55,0.550,269.15,182.490861,40.284288,-75.62,39.354662,20142.143852,20170923_074514
1,KDOX20170923_120437_V06,74,0.117,270.70,185.056627,40.406260,-75.61,39.343120,20203.130054,20170923_080437
6,KDOX20170923_110120_V06,11,0.903,190.46,331.732483,22.240585,-76.07,38.680937,11120.292664,20170923_070120
6,KDOX20170923_110617_V06,16,0.884,189.40,333.447439,27.949075,-76.08,38.673180,13974.537325,20170923_070617
6,KDOX20170923_111113_V06,21,0.860,187.96,335.402839,28.268775,-76.08,38.664328,14134.387466,20170923_071113
6,KDOX20170923_111608_V06,26,0.630,186.43,336.217797,29.848496,-76.09,38.660608,14924.248014,20170923_071608
6,KDOX20170923_112551_V06,35,0.105,199.50,354.361450,25.706673,-76.02,38.579285,12853.336334,20170923_072551
6,KDOX20170923_113532_V06,45,0.153,192.27,335.176508,33.600840,-76.06,38.665481,16800.420169,20170923_073532
6,KDOX20170923_114514_V06,55,-1.000,185.44,317.077505,41.948168,-76.10,38.746783,20974.084164,20170923_074514
6,KDOX20170923_120437_V06,74,0.080,206.99,257.788216,55.317574,-75.98,39.014447,27658.786875,20170923_080437
8,KDOX20170923_110120_V06,11,0.342,443.99,152.709412,11.828049,-74.60,39.485937,5914.024353,20170923_070120
8,KDOX20170923_110617_V06,16,-1.000,443.99,152.709412,19.778049,-74.60,39.485937,9889.024353,20170923_070617
8,KDOX20170923_111113_V06,21,0.598,438.56,163.915517,25.309766,-74.64,39.435694,12654.883119,20170923_071113
8,KDOX20170923_111608_V06,26,0.639,434.00,174.498509,31.872562,-74.66,39.388215,15936.280837,20170923_071608
8,KDOX20170923_112551_V06,35,0.246,429.06,174.674886,31.129566,-74.69,39.387607,15564.782954,20170923_072551
9,KDOX20170923_110120_V06,11,0.147,236.65,389.972076,2.583206,-75.80,38.419746,1291.603088,20170923_070120
9,KDOX20170923_110617_V06,16,0.061,237.06,388.602222,9.284830,-75.80,38.425924,4642.415018,20170923_070617
22,KDOX20170923_120437_V06,74,0.491,252.44,505.050964,24.274319,-75.71,37.901620,12137.159348,20170923_080437
22,KDOX20170923_121421_V06,84,0.645,252.48,501.587436,29.193230,-75.71,37.917223,14596.614976,20170923_081421
3,KDOX20170923_103506_V06,-15,0.136,373.98,258.111481,30.187805,-75.01,39.013444,15093.902588,20170923_063506
4,KDOX20170923_103506_V06,-15,0.075,194.02,196.329590,2.486885,-76.05,39.290865,1243.442535,20170923_063506
7,KDOX20170923_110120_V06,11,0.844,407.59,209.934082,21.179077,-74.82,39.229547,10589.538574,20170923_070120
13,KDOX20170923_110120_V06,11,0.069,291.80,393.323456,53.247089,-75.49,38.405205,26623.544693,20170923_070120
15,KDOX20170923_111608_V06,26,0.132,265.18,507.853485,22.632675,-75.64,37.889142,11316.337585,20170923_071608
16,KDOX20170923_112551_V06,35,0.113,300.74,151.836334,7.556396,-75.44,39.492852,3778.198242,20170923_072551
19,KDOX20170923_112551_V06,35,0.094,191.71,327.463531,24.921619,-76.06,38.700203,12460.809708,20170923_072551
19,KDOX20170923_113532_V06,45,-1.000,191.71,327.463531,40.821619,-76.06,38.700203,20410.809708,20170923_073532
19,KDOX20170923_114514_V06,55,0.073,188.43,312.074005,28.130150,-76.08,38.769414,14065.074921,20170923_074514
6,KDOX20171002_104954_V06,-9,0.304,206.76,314.132416,4.966621,-75.98,38.760675,2483.310699,20171002_064954
6,KDOX20171002_110432_V06,6,0.944,211.42,317.390513,17.438088,-75.95,38.746121,8719.044000,20171002_070432
6,KDOX20171002_110931_V06,11,0.971,212.10,316.827835,21.324832,-75.95,38.748672,10662.416038,20171002_070931
6,KDOX20171002_111428_V06,16,0.971,214.93,318.569959,25.923972,-75.93,38.740895,12961.986078,20171002_071428
6,KDOX20171002_111924_V06,21,0.969,215.19,319.472664,29.078303,-75.93,38.736836,14539.151378,20171002_071924
6,KDOX20171002_112419_V06,26,0.981,217.71,320.045419,33.374220,-75.91,38.734315,16687.110083,20171002_072419
6,KDOX20171002_112916_V06,31,0.929,218.43,321.309564,37.081172,-75.91,38.728639,18540.586058,20171002_072916
6,KDOX20171002_113413_V06,36,0.733,210.81,332.315826,27.239830,-75.95,38.678882,13619.915009,20171002_073413
6,KDOX20171002_113909_V06,41,0.130,209.26,334.716172,32.699021,-75.96,38.668032,16349.510571,20171002_073909
6,KDOX20171002_114405_V06,46,0.493,208.25,350.002808,22.421776,-75.97,38.599154,11210.887909,20171002_074405
2,KDOX20171002_104954_V06,-9,0.985,286.93,154.028107,10.658173,-75.52,39.482957,5329.086304,20171002_064954
2,KDOX20171002_110432_V06,6,0.984,290.70,159.055146,25.646695,-75.49,39.460330,12823.347550,20171002_070432
2,KDOX20171002_110931_V06,11,0.980,292.76,161.821429,28.991472,-75.48,39.447877,14495.735981,20171002_070931
2,KDOX20171002_111428_V06,16,0.979,294.31,165.270192,33.669748,-75.47,39.432348,16834.873814,20171002_071428
2,KDOX20171002_111924_V06,21,0.985,295.04,166.697745,39.590313,-75.47,39.425920,19795.156398,20171002_071924
2,KDOX20171002_112419_V06,26,0.882,299.90,170.010053,41.684191,-75.44,39.411007,20842.095714,20171002_072419
2,KDOX20171002_112916_V06,31,0.140,321.36,201.481232,22.586105,-75.32,39.269207,11293.052673,20171002_072916
3,KDOX20171002_104954_V06,-9,0.977,461.70,142.026459,8.420120,-74.50,39.533265,4210.060120,20171002_064954
3,KDOX20171002_110432_V06,6,0.966,467.64,149.187851,21.071846,-74.47,39.500735,10535.922964,20171002_070432
3,KDOX20171002_110931_V06,11,0.964,469.60,151.558473,25.658205,-74.45,39.489965,12829.102652,20171002_070931
3,KDOX20171002_111428_V06,16,0.962,471.24,153.126613,30.169016,-74.44,39.482823,15084.508034,20171002_071428
3,KDOX20171002_111924_V06,21,0.887,472.50,154.702514,33.185276,-74.44,39.475664,16592.638241,20171002_071924
3,KDOX20171002_112419_V06,26,0.327,476.34,153.546661,33.982613,-74.42,39.480676,16991.306654,20171002_072419
4,KDOX20171002_104954_V06,-9,0.942,426.71,182.519196,6.352570,-74.70,39.352367,3176.284790,20171002_064954
4,KDOX20171002_110432_V06,6,0.938,429.55,194.727319,18.114764,-74.69,39.297285,9057.382156,20171002_070432
4,KDOX20171002_110931_V06,11,0.926,429.50,195.079865,24.551644,-74.69,39.295699,12275.822108,20171002_070931
4,KDOX20171002_111428_V06,16,0.710,429.54,203.596333,26.303131,-74.69,39.257344,13151.565474,20171002_071428
4,KDOX20171002_111924_V06,21,0.089,428.60,204.028769,28.366364,-74.70,39.255431,14183.181800,20171002_071924
5,KDOX20171002_104954_V06,-9,0.657,270.40,488.924622,7.902225,-75.61,37.974457,3951.112747,20171002_064954
5,KDOX20171002_110432_V06,6,0.902,275.86,493.339532,19.975180,-75.58,37.954610,9987.590002,20171002_070432
5,KDOX20171002_110931_V06,11,0.941,276.06,492.607667,22.139497,-75.58,37.957909,11069.748708,20171002_070931
5,KDOX20171002_111428_V06,16,0.937,276.33,494.042831,24.804408,-75.57,37.951445,12402.203989,20171002_071428
5,KDOX20171002_111924_V06,21,0.294,273.08,504.365832,33.278984,-75.59,37.904921,16639.491963,20171002_071924
10,KDOX20171002_104954_V06,-9,0.090,200.24,394.331757,7.122978,-76.01,38.399274,3561.489105,20171002_064954
10,KDOX20171002_110432_V06,6,0.064,213.63,385.682527,20.500331,-75.93,38.438582,10250.165329,20171002_070432
1,KDOX20171002_103810_V06,-20,0.056,364.54,355.379364,7.477173,-75.07,38.575538,3738.586426,20171002_063810
14,KDOX20171002_111924_V06,21,0.082,250.67,355.231262,21.316750,-75.72,38.576449,10658.374786,20171002_071924
17,KDOX20171002_112916_V06,31,0.060,334.41,340.887939,35.586117,-75.24,38.641230,17793.058395,20171002_072916
6,KDOX20171008_110656_V06,2,0.263,314.58,467.346741,15.795807,-75.36,38.071750,7897.903442,20171008_070656
6,KDOX20171008_111217_V06,8,0.483,319.87,465.082553,22.154289,-75.33,38.081924,11077.144400,20171008_071217
1,KDOX20171019_110006_V06,-15,0.795,285.02,143.801605,5.082047,-75.53,39.529004,2541.023254,20171019_070006
1,KDOX20171019_110950_V06,-6,0.973,290.60,140.550500,13.470876,-75.49,39.543665,6735.437956,20171019_070950
1,KDOX20171019_111934_V06,4,0.917,294.64,133.309840,20.323319,-75.47,39.576282,10161.659722,20171019_071934
1,KDOX20171019_112430_V06,9,0.934,296.94,131.004945,23.613466,-75.46,39.586664,11806.732944,20171019_072430
1,KDOX20171019_112927_V06,14,-1.000,299.21,128.545067,26.924366,-75.44,39.597744,13462.182863,20171019_072927
1,KDOX20171019_113425_V06,19,0.172,280.53,141.621826,8.059525,-75.55,39.538799,4029.762268,20171019_073425
1,KDOX20171019_113923_V06,24,0.088,280.10,141.581720,13.942025,-75.56,39.538977,6971.012714,20171019_073923
14,KDOX20171019_112927_V06,14,0.150,295.07,467.603333,12.202133,-75.47,38.070620,6101.066589,20171019_072927
14,KDOX20171019_113425_V06,19,0.301,295.16,466.513785,18.837901,-75.47,38.075529,9418.950633,20171019_073425
14,KDOX20171019_113923_V06,24,0.272,295.39,461.194895,21.922425,-75.47,38.099488,10961.212615,20171019_073923
14,KDOX20171019_114907_V06,34,-1.000,295.78,452.459396,29.721874,-75.46,38.138838,14860.937037,20171019_074907
14,KDOX20171019_120835_V06,53,0.146,319.75,451.417912,27.714305,-75.33,38.143478,13857.152447,20171019_080835
4,KDOX20171019_110006_V06,-15,0.076,314.88,80.879150,2.352585,-75.35,39.812367,1176.292419,20171019_070006
5,KDOX20171019_110950_V06,-6,0.382,399.06,266.967682,14.789627,-74.87,38.972940,7394.813538,20171019_070950
6,KDOX20171019_110950_V06,-6,0.193,274.81,479.926270,10.377836,-75.58,38.015025,5188.918114,20171019_070950
8,KDOX20171019_110950_V06,-6,0.141,366.25,88.276001,15.612831,-75.05,39.778454,7806.415558,20171019_070950
9,KDOX20171019_110950_V06,-6,0.135,336.39,161.636719,5.165909,-75.23,39.448526,2582.954407,20171019_070950
11,KDOX20171019_110950_V06,-6,0.066,395.53,76.460815,15.149658,-74.88,39.830973,7574.829102,20171019_070950
13,KDOX20171019_111934_V06,4,0.130,281.80,156.392548,11.858276,-75.55,39.472286,5929.138184,20171019_071934
18,KDOX20171019_113425_V06,19,0.094,389.76,265.258911,13.910187,-74.92,38.980885,6955.093384,20171019_073425
19,KDOX20171019_113923_V06,24,0.210,293.08,169.832458,5.877075,-75.48,39.411800,2938.537598,20171019_073923
23,KDOX20171019_122800_V06,73,0.289,390.58,264.425720,14.769592,-74.92,38.984617,7384.796143,20171019_082800
6,KDOX20171021_110724_V06,-10,0.926,280.17,147.014191,7.278961,-75.56,39.514512,3639.480591,20171021_070724
6,KDOX20171021_111221_V06,-5,0.960,279.24,147.595065,13.091716,-75.56,39.511891,6545.858133,20171021_071221
6,KDOX20171021_111717_V06,0,0.960,277.62,147.927629,17.233126,-75.57,39.510383,8616.563186,20171021_071717
6,KDOX20171021_112212_V06,5,0.970,275.78,148.519338,21.932156,-75.58,39.507706,10966.078249,20171021_072212
6,KDOX20171021_112707_V06,10,0.978,276.36,146.987159,27.409099,-75.58,39.514610,13704.549398,20171021_072707
6,KDOX20171021_113203_V06,15,0.978,272.85,147.555201,32.287153,-75.60,39.512026,16143.576668,20171021_073203
6,KDOX20171021_113658_V06,19,0.979,271.25,148.217495,36.986454,-75.61,39.509031,18493.227152,20171021_073658
6,KDOX20171021_114155_V06,24,0.981,269.92,148.912152,40.113095,-75.61,39.505891,20056.547619,20171021_074155
6,KDOX20171021_114651_V06,29,0.971,269.24,150.930115,44.110077,-75.62,39.496798,22055.038542,20171021_074651
6,KDOX20171021_115147_V06,34,0.961,271.79,155.369496,46.868724,-75.60,39.476827,23434.362092,20171021_075147
6,KDOX20171021_120139_V06,44,0.734,259.09,154.653941,51.336992,-75.68,39.479923,25668.496150,20171021_080139
7,KDOX20171021_110724_V06,-10,0.728,199.65,328.160828,7.978638,-76.02,38.697297,3989.318848,20171021_070724
7,KDOX20171021_111221_V06,-5,0.959,198.98,328.828603,12.902413,-76.02,38.694270,6451.206385,20171021_071221
7,KDOX20171021_111717_V06,0,0.937,196.74,327.959659,19.127535,-76.03,38.698119,9563.767601,20171021_071717
7,KDOX20171021_112212_V06,5,0.921,196.45,328.893419,23.575538,-76.04,38.693905,11787.769081,20171021_072212
7,KDOX20171021_112707_V06,10,0.891,197.00,331.454950,29.793496,-76.03,38.682384,14896.747769,20171021_072707
7,KDOX20171021_113203_V06,15,0.912,198.29,336.175121,31.483190,-76.02,38.661162,15741.595104,20171021_073203
7,KDOX20171021_113658_V06,19,0.637,195.18,339.752575,30.362721,-76.04,38.644958,15181.360462,20171021_073658
7,KDOX20171021_114155_V06,24,0.445,192.81,343.202061,32.541074,-76.06,38.629351,16270.536966,20171021_074155
7,KDOX20171021_114651_V06,29,0.077,191.05,357.762787,27.791180,-76.07,38.563715,13895.589828,20171021_074651
36,KDOX20171021_113203_V06,15,0.895,45.45,499.778381,27.194361,-76.89,37.916665,13597.180367,20171021_073203
36,KDOX20171021_113658_V06,19,0.873,41.72,502.968894,35.200532,-76.91,37.902029,17600.265831,20171021_073658
36,KDOX20171021_114155_V06,24,0.851,43.31,501.348452,38.363308,-76.90,37.909441,19181.654079,20171021_074155
36,KDOX20171021_114651_V06,29,0.750,43.48,495.236122,38.213015,-76.90,37.936983,19106.507507,20171021_074651
36,KDOX20171021_115147_V06,34,0.849,47.79,494.923866,43.733839,-76.87,37.938694,21866.919709,20171021_075147
36,KDOX20171021_120139_V06,44,0.857,49.06,493.541020,48.153611,-76.87,37.945011,24076.805730,20171021_080139
36,KDOX20171021_120635_V06,49,0.430,44.99,484.513625,45.425947,-76.89,37.985382,22712.973709,20171021_080635
36,KDOX20171021_121132_V06,54,0.057,41.04,480.253858,44.075680,-76.91,38.004284,22037.839833,20171021_081132
3,KDOX20171021_110228_V06,-15,0.177,308.94,77.788513,5.487061,-75.39,39.826305,2743.530273,20171021_070228
3,KDOX20171021_110724_V06,-10,0.066,310.08,78.766764,11.935119,-75.38,39.821897,5967.559496,20171021_070724
3,KDOX20171021_111221_V06,-5,0.072,308.42,86.302536,16.352708,-75.39,39.787966,8176.354177,20171021_071221
3,KDOX20171021_111717_V06,0,-1.000,307.34,92.330403,21.289072,-75.40,39.760823,10644.535990,20171021_071717
3,KDOX20171021_112212_V06,5,0.479,302.05,85.151159,25.565404,-75.43,39.793160,12782.702023,20171021_072212
3,KDOX20171021_112707_V06,10,0.767,302.67,82.416311,26.798713,-75.42,39.805476,13399.356600,20171021_072707
3,KDOX20171021_113203_V06,15,0.810,302.78,79.751747,27.195800,-75.42,39.817475,13597.900022,20171021_073203
3,KDOX20171021_113658_V06,19,-1.000,302.78,77.712062,27.781820,-75.42,39.826660,13890.910083,20171021_073658
3,KDOX20171021_114155_V06,24,0.108,288.82,67.624349,39.687299,-75.51,39.872070,19843.649682,20171021_074155
28,KDOX20171021_112212_V06,5,0.774,263.40,490.938965,20.129095,-75.65,37.965319,10064.547539,20171021_072212
28,KDOX20171021_112707_V06,10,0.969,261.67,494.338752,26.595444,-75.66,37.949986,13297.722085,20171021_072707
28,KDOX20171021_113203_V06,15,0.947,260.35,492.889312,30.169595,-75.67,37.956501,15084.797571,20171021_073203
28,KDOX20171021_113658_V06,19,0.955,260.24,493.069247,34.152715,-75.67,37.955689,17076.357482,20171021_073658
28,KDOX20171021_114155_V06,24,0.888,258.66,495.865135,38.285808,-75.68,37.943077,19142.903836,20171021_074155
28,KDOX20171021_114651_V06,29,0.921,257.66,495.603568,42.030536,-75.68,37.944243,21015.267772,20171021_074651
28,KDOX20171021_115147_V06,34,0.125,252.89,496.814396,46.719273,-75.71,37.938729,23359.636567,20171021_075147
42,KDOX20171021_114651_V06,29,0.265,370.28,252.324402,31.385391,-75.03,39.039584,15692.695618,20171021_074651
42,KDOX20171021_115147_V06,34,0.359,366.18,252.656602,39.766862,-75.06,39.038167,19883.430831,20171021_075147
42,KDOX20171021_120139_V06,44,0.587,363.10,253.073597,37.686475,-75.08,39.036346,18843.237513,20171021_080139
42,KDOX20171021_120635_V06,49,0.341,357.12,251.894240,42.502394,-75.11,39.041760,21251.196844,20171021_080635
42,KDOX20171021_121132_V06,54,0.313,354.76,247.759917,46.411980,-75.12,39.060418,23205.989756,20171021_081132
42,KDOX20171021_121630_V06,59,0.081,341.89,248.849891,58.959997,-75.20,39.055686,29479.998687,20171021_081630
29,KDOX20171021_112212_V06,5,0.694,358.68,240.130981,45.548813,-75.10,39.094713,22774.406433,20171021_072212
29,KDOX20171021_112707_V06,10,0.266,359.38,241.274196,50.780989,-75.10,39.089553,25390.494452,20171021_072707
29,KDOX20171021_113203_V06,15,0.311,359.89,242.257215,49.150654,-75.09,39.085117,24575.326913,20171021_073203
29,KDOX20171021_113658_V06,19,-1.000,360.30,243.033082,49.122525,-75.09,39.081615,24561.262473,20171021_073658
29,KDOX20171021_114155_V06,24,-1.000,360.82,244.002916,49.087364,-75.09,39.077238,24543.681924,20171021_074155
29,KDOX20171021_114651_V06,29,-1.000,361.34,244.972751,49.052203,-75.09,39.072861,24526.101374,20171021_074651
29,KDOX20171021_115147_V06,34,-1.000,361.86,245.942585,49.017042,-75.08,39.068484,24508.520824,20171021_075147
29,KDOX20171021_120139_V06,44,-1.000,362.90,247.882253,48.946719,-75.08,39.059730,24473.359724,20171021_080139
29,KDOX20171021_120635_V06,49,-1.000,363.42,248.852087,48.911558,-75.07,39.055353,24455.779175,20171021_080635
29,KDOX20171021_121132_V06,54,-1.000,363.94,249.821921,48.876397,-75.07,39.050975,24438.198625,20171021_081132
29,KDOX20171021_121630_V06,59,-1.000,364.46,250.791755,48.841236,-75.07,39.046598,24420.618075,20171021_081630
29,KDOX20171021_122126_V06,64,0.243,357.47,247.229379,47.700438,-75.11,39.062764,23850.218923,20171021_082126
29,KDOX20171021_122623_V06,69,-1.000,356.98,247.589172,47.516457,-75.11,39.061151,23758.228329,20171021_082623
29,KDOX20171021_123118_V06,74,-1.000,356.48,247.948965,47.332475,-75.11,39.059539,23666.237736,20171021_083118
29,KDOX20171021_123614_V06,79,-1.000,355.99,248.308758,47.148494,-75.12,39.057926,23574.247143,20171021_083614
29,KDOX20171021_124110_V06,84,0.288,349.85,253.099637,50.206349,-75.15,39.036442,25103.174708,20171021_084110
29,KDOX20171021_124605_V06,89,0.426,347.87,255.529274,48.088225,-75.16,39.025527,24044.112726,20171021_084605
2,KDOX20171021_110228_V06,-15,0.404,312.61,367.986511,59.717228,-75.37,38.519318,29858.613968,20171021_070228
2,KDOX20171021_110724_V06,-10,0.306,313.66,367.465598,64.243703,-75.36,38.521660,32121.851496,20171021_070724
2,KDOX20171021_111221_V06,-5,0.090,311.66,363.598572,63.431845,-75.37,38.539085,31715.922577,20171021_071221
2,KDOX20171021_111717_V06,0,0.053,292.79,333.602753,5.605392,-75.48,38.674203,2802.696228,20171021_071717
4,KDOX20171021_110228_V06,-15,0.104,160.10,434.609070,27.748497,-76.24,38.216506,13874.248505,20171021_070228
4,KDOX20171021_110724_V06,-10,-1.000,160.10,434.609070,35.698497,-76.24,38.216506,17849.248505,20171021_070724
4,KDOX20171021_111221_V06,-5,0.116,158.03,442.756747,40.765115,-76.25,38.179725,20382.557259,20171021_071221
4,KDOX20171021_111717_V06,0,0.085,161.45,435.124878,29.324448,-76.23,38.214235,14662.223816,20171021_071717
4,KDOX20171021_112212_V06,5,-1.000,161.45,435.124878,37.274448,-76.23,38.214235,18637.223816,20171021_072212
4,KDOX20171021_112707_V06,10,0.111,158.81,442.635989,39.476611,-76.25,38.180300,19738.305501,20171021_072707
4,KDOX20171021_113203_V06,15,0.136,157.03,442.175079,33.065269,-76.26,38.182305,16532.634735,20171021_073203
4,KDOX20171021_113658_V06,19,0.105,157.24,442.151371,38.080459,-76.25,38.182420,19040.229313,20171021_073658
5,KDOX20171021_110228_V06,-15,0.099,454.10,138.161774,7.258331,-74.54,39.551014,3629.165649,20171021_070228
5,KDOX20171021_110724_V06,-10,-1.000,454.10,138.161774,15.208331,-74.54,39.551014,7604.165649,20171021_070724
5,KDOX20171021_111221_V06,-5,0.615,452.81,144.498451,16.692839,-74.55,39.522536,8346.419522,20171021_071221
16,KDOX20171021_111221_V06,-5,0.118,361.67,237.583069,45.736496,-75.08,39.106137,22868.247986,20171021_071221
16,KDOX20171021_111717_V06,0,0.308,361.64,238.682807,50.626615,-75.08,39.101184,25313.307564,20171021_071717
22,KDOX20171021_111717_V06,0,0.139,206.87,349.656067,8.293610,-75.97,38.600680,4146.804810,20171021_071717
22,KDOX20171021_112212_V06,5,0.079,206.81,351.007442,14.280567,-75.97,38.594591,7140.283424,20171021_072212
23,KDOX20171021_111717_V06,0,0.114,254.51,111.471161,16.319298,-75.71,39.674335,8159.648895,20171021_071717
23,KDOX20171021_112212_V06,5,0.190,254.26,109.711438,22.443826,-75.71,39.682256,11221.912958,20171021_072212
33,KDOX20171021_112707_V06,10,0.144,382.17,130.168701,73.201561,-74.96,39.589458,36600.780487,20171021_072707
33,KDOX20171021_113203_V06,15,0.064,379.25,129.391910,79.565000,-74.98,39.593024,39782.500015,20171021_073203
33,KDOX20171021_113658_V06,19,-1.000,377.37,128.890755,84.901412,-74.99,39.595324,42450.706162,20171021_073658
33,KDOX20171021_114155_V06,24,0.073,373.99,197.040436,28.117752,-75.01,39.288488,14058.876038,20171021_074155
38,KDOX20171021_113658_V06,19,0.195,359.59,251.440491,39.434692,-75.10,39.043762,19717.346191,20171021_073658
38,KDOX20171021_114155_V06,24,0.249,358.44,252.858957,45.880488,-75.10,39.037393,22940.243912,20171021_074155
47,KDOX20171021_120139_V06,44,0.063,323.56,332.515961,29.610577,-75.30,38.679027,14805.288315,20171021_080139
47,KDOX20171021_120635_V06,49,0.062,323.76,333.641015,35.430577,-75.30,38.673959,17715.288365,20171021_080635
47,KDOX20171021_121132_V06,54,0.073,323.81,337.083160,29.707199,-75.30,38.658454,14853.599548,20171021_081132
55,KDOX20171021_122623_V06,69,0.468,428.78,201.466675,12.072021,-74.69,39.266963,6036.010742,20171021_082623
55,KDOX20171021_123118_V06,74,0.165,429.27,201.054559,17.884417,-74.69,39.268801,8942.208363,20171021_083118
1,KDOX20171021_105236_V06,-25,0.067,189.91,400.398865,27.378563,-76.07,38.371642,13689.281464,20171021_065236
10,KDOX20171021_110724_V06,-10,0.075,275.43,211.300842,33.313980,-75.58,39.224962,16656.990051,20171021_070724
10,KDOX20171021_111221_V06,-5,0.082,258.03,184.212463,20.926804,-75.68,39.346792,10463.401794,20171021_071221
10,KDOX20171021_111717_V06,0,0.056,254.32,182.618591,14.815254,-75.70,39.353924,7407.627106,20171021_071717
11,KDOX20171021_110724_V06,-10,0.073,302.23,278.679352,7.843826,-75.43,38.921587,3921.913147,20171021_070724
15,KDOX20171021_111221_V06,-5,0.150,434.73,172.705170,17.157806,-74.66,39.396262,8578.903198,20171021_071221
27,KDOX20171021_111717_V06,0,0.051,276.57,204.801910,17.328415,-75.58,39.254239,8664.207458,20171021_071717
30,KDOX20171021_112212_V06,5,0.269,202.12,413.590332,27.370743,-76.00,38.312581,13685.371399,20171021_072212
45,KDOX20171021_115147_V06,34,0.089,293.20,417.104614,10.619072,-75.48,38.298089,5309.535980,20171021_075147
46,KDOX20171021_115147_V06,34,0.069,119.30,194.267365,24.038013,-76.49,39.297082,12019.006729,20171021_075147
48,KDOX20171021_120635_V06,49,0.122,321.09,463.601807,26.854126,-75.32,38.088587,13427.062988,20171021_080635
50,KDOX20171021_120635_V06,49,0.069,400.60,198.068176,29.242401,-74.86,39.283194,14621.200562,20171021_080635
54,KDOX20171021_122126_V06,64,0.068,454.95,352.077087,29.470497,-74.55,38.587610,14735.248566,20171021_082126
58,KDOX20171021_122623_V06,69,0.052,305.00,475.453888,31.565645,-75.41,38.035257,15782.822609,20171021_082623
62,KDOX20171021_123118_V06,74,0.052,285.75,395.504700,62.908356,-75.52,38.395361,31454.177856,20171021_083118
63,KDOX20171021_123614_V06,79,0.498,366.15,249.130859,33.747253,-75.06,39.054047,16873.626709,20171021_083614
64,KDOX20171021_123614_V06,79,0.099,556.70,252.612488,16.306091,-73.96,39.029599,8153.045654,20171021_083614
65,KDOX20171021_124110_V06,84,0.055,366.69,192.281921,26.238770,-75.05,39.310066,13119.384766,20171021_084110
1,KDOX20171027_110603_V06,-17,0.127,282.78,147.397430,2.561234,-75.54,39.512800,1280.616760,20171027_070603
1,KDOX20171027_111546_V06,-8,0.958,283.36,148.061791,13.738527,-75.54,39.509811,6869.263709,20171027_071546
1,KDOX20171027_112531_V06,2,0.972,288.40,151.880884,24.941554,-75.51,39.492633,12470.777177,20171027_072531
1,KDOX20171027_113028_V06,7,0.962,290.82,151.469945,29.332649,-75.49,39.494490,14666.324263,20171027_073028
1,KDOX20171027_113525_V06,12,0.955,292.02,153.460527,36.249196,-75.49,39.485529,18124.597872,20171027_073525
1,KDOX20171027_114022_V06,17,0.970,294.07,154.866920,38.965041,-75.47,39.479199,19482.520520,20171027_074022
1,KDOX20171027_114518_V06,22,0.857,299.72,151.992436,44.969545,-75.44,39.492150,22484.772417,20171027_074518
1,KDOX20171027_115014_V06,27,0.251,291.83,160.695374,37.411480,-75.49,39.452946,18705.739975,20171027_075014
9,KDOX20171027_111546_V06,-8,0.153,376.92,202.550964,6.319305,-74.99,39.263608,3159.652710,20171027_071546
9,KDOX20171027_112531_V06,2,0.139,375.32,201.018322,16.272621,-75.00,39.270545,8136.310725,20171027_072531
9,KDOX20171027_113028_V06,7,0.656,392.16,191.449160,23.910847,-74.91,39.313236,11955.423577,20171027_073028
9,KDOX20171027_113525_V06,12,0.308,394.58,188.112877,27.121837,-74.89,39.328196,13560.918658,20171027_073525
14,KDOX20171027_111546_V06,-8,0.095,323.92,83.275452,9.000290,-75.30,39.801525,4500.144958,20171027_071546
14,KDOX20171027_112531_V06,2,0.303,321.70,85.371390,18.860935,-75.31,39.792101,9430.467340,20171027_072531
14,KDOX20171027_113028_V06,7,0.542,321.13,86.032067,19.777791,-75.32,39.789129,9888.895716,20171027_073028
14,KDOX20171027_113525_V06,12,-1.000,320.42,86.791755,21.957867,-75.32,39.785713,10978.933370,20171027_073525
14,KDOX20171027_114022_V06,17,0.213,318.82,91.194486,27.921348,-75.33,39.765895,13960.674228,20171027_074022
7,KDOX20171027_111546_V06,-8,0.308,425.59,177.677917,8.669373,-74.71,39.374210,4334.686279,20171027_071546
7,KDOX20171027_112531_V06,2,0.928,428.00,178.455617,16.447166,-74.70,39.370620,8223.583054,20171027_072531
7,KDOX20171027_113028_V06,7,0.664,430.95,177.985851,20.627062,-74.68,39.372626,10313.530955,20171027_073028
18,KDOX20171027_112531_V06,2,0.289,197.30,331.659607,4.614532,-76.03,38.681471,2307.266235,20171027_072531
18,KDOX20171027_113028_V06,7,0.146,198.10,332.805589,10.707925,-76.03,38.676333,5353.962656,20171027_073028
18,KDOX20171027_113525_V06,12,-1.000,198.74,333.729768,17.160661,-76.02,38.672189,8580.330737,20171027_073525
18,KDOX20171027_114022_V06,17,0.086,183.27,330.954690,21.781413,-76.11,38.684211,10890.706614,20171027_074022
2,KDOX20171027_110603_V06,-17,0.088,224.65,342.563019,4.389133,-75.87,38.633050,2194.566727,20171027_070603
2,KDOX20171027_111546_V06,-8,0.158,213.64,329.434748,17.306544,-75.94,38.691929,8653.271843,20171027_071546
4,KDOX20171027_110603_V06,-17,0.064,272.28,345.239746,10.269154,-75.60,38.621688,5134.576797,20171027_070603
4,KDOX20171027_111546_V06,-8,0.055,274.31,341.691952,21.066886,-75.59,38.637683,10533.443028,20171027_071546
25,KDOX20171027_114518_V06,22,0.087,369.12,235.987122,44.620697,-75.04,39.113186,22310.348511,20171027_074518
25,KDOX20171027_115014_V06,27,0.136,369.22,235.434683,50.268275,-75.04,39.115672,25134.137382,20171027_075014
25,KDOX20171027_120008_V06,37,0.165,371.26,245.035767,36.673370,-75.03,39.072390,18336.685181,20171027_080008
6,KDOX20171027_110603_V06,-17,0.051,308.75,387.565735,4.314514,-75.39,38.431139,2157.257080,20171027_070603
8,KDOX20171027_111546_V06,-8,0.274,242.16,248.874115,6.435883,-75.77,39.055350,3217.941284,20171027_071546
10,KDOX20171027_111546_V06,-8,0.112,337.26,164.058868,4.437424,-75.22,39.437609,2218.711853,20171027_071546
11,KDOX20171027_111546_V06,-8,0.106,272.54,246.469421,25.367966,-75.60,39.066550,12683.982849,20171027_071546
15,KDOX20171027_111546_V06,-8,0.067,348.13,363.319580,16.201866,-75.16,38.540034,8100.933075,20171027_071546
16,KDOX20171027_111546_V06,-8,0.060,192.42,316.057068,10.192001,-76.06,38.751599,5096.000671,20171027_071546
20,KDOX20171027_112531_V06,2,0.103,381.58,241.218109,29.257828,-74.97,39.089359,14628.913879,20171027_072531
26,KDOX20171027_114518_V06,22,0.087,428.56,194.836212,8.817200,-74.69,39.296831,4408.599854,20171027_074518
26,KDOX20171027_115014_V06,27,-1.000,428.56,194.836212,16.767200,-74.69,39.296831,8383.599854,20171027_075014
26,KDOX20171027_120008_V06,37,0.208,426.32,196.995239,11.505920,-74.71,39.287190,5752.960205,20171027_080008
28,KDOX20171027_115014_V06,27,0.082,342.66,434.152527,7.658470,-75.20,38.221049,3829.235077,20171027_075014
32,KDOX20171027_121457_V06,51,0.197,391.72,188.937225,27.857758,-74.91,39.324560,13928.878784,20171027_081457
33,KDOX20171027_121457_V06,51,0.077,426.44,195.788208,10.201111,-74.71,39.292621,5100.555420,20171027_081457
34,KDOX20171027_122442_V06,61,0.118,338.76,435.452820,2.423271,-75.22,38.215237,1211.635590,20171027_082442
37,KDOX20171027_123629_V06,73,0.237,281.14,171.296967,15.106216,-75.55,39.405160,7553.108215,20171027_083629
4,KDOX20171031_111000_V06,-18,0.098,285.58,158.978729,2.700912,-75.52,39.460657,1350.456238,20171031_071000
4,KDOX20171031_111945_V06,-9,-1.000,285.58,158.978729,17.010912,-75.52,39.460657,8505.456238,20171031_071945
4,KDOX20171031_112929_V06,1,0.107,293.17,145.384488,36.629608,-75.48,39.521902,18314.803960,20171031_072929
4,KDOX20171031_113425_V06,6,0.062,297.27,138.162292,36.228136,-75.46,39.554432,18114.068171,20171031_073425
4,KDOX20171031_113921_V06,11,0.236,295.59,149.699671,41.745406,-75.47,39.502472,20872.703192,20171031_073921
14,KDOX20171031_111945_V06,-9,0.127,393.88,264.537903,10.845535,-74.90,38.984025,5422.767639,20171031_071945
14,KDOX20171031_112929_V06,1,0.071,381.59,249.987405,32.540715,-74.97,39.049864,16270.357347,20171031_072929
14,KDOX20171031_113425_V06,6,0.076,374.89,242.608972,36.703841,-75.01,39.083244,18351.920264,20171031_073425
14,KDOX20171031_113921_V06,11,0.072,371.38,235.650246,39.709935,-75.03,39.114657,19854.967590,20171031_073921
2,KDOX20171031_111000_V06,-18,0.272,316.79,86.171875,2.546082,-75.34,39.788524,1273.040771,20171031_071000
2,KDOX20171031_111945_V06,-9,0.190,324.61,87.282540,16.042995,-75.30,39.783475,8021.497652,20171031_071945
2,KDOX20171031_112929_V06,1,0.290,336.30,89.396491,26.872989,-75.23,39.773852,13436.494284,20171031_072929
2,KDOX20171031_113425_V06,6,-1.000,341.91,90.389614,32.567805,-75.20,39.769317,16283.902538,20171031_073425
2,KDOX20171031_113921_V06,11,-1.000,347.52,91.382738,38.262622,-75.16,39.764772,19131.310792,20171031_073921
2,KDOX20171031_114417_V06,16,0.089,352.45,100.448838,43.774986,-75.13,39.723873,21887.493239,20171031_074417
19,KDOX20171031_112929_V06,1,0.700,432.61,188.092133,12.198212,-74.67,39.327051,6099.105835,20171031_072929
19,KDOX20171031_113425_V06,6,0.273,433.86,187.294390,20.210004,-74.66,39.330595,10105.002235,20171031_073425
19,KDOX20171031_113921_V06,11,0.073,436.68,190.455809,23.378156,-74.65,39.316249,11689.077899,20171031_073921
20,KDOX20171031_112929_V06,1,0.205,280.54,188.660614,8.426117,-75.55,39.326958,4213.058472,20171031_072929
20,KDOX20171031_113425_V06,6,0.095,280.94,190.571007,14.931724,-75.55,39.318356,7465.861948,20171031_073425
20,KDOX20171031_113921_V06,11,0.154,292.08,188.647128,16.703825,-75.49,39.327064,8351.912467,20171031_073921
27,KDOX20171031_113921_V06,11,0.406,176.85,350.117065,28.565857,-76.15,38.597686,14282.928467,20171031_073921
27,KDOX20171031_114417_V06,16,0.242,177.31,353.071092,33.949153,-76.14,38.584397,16974.576293,20171031_074417
27,KDOX20171031_114914_V06,21,0.160,170.25,360.745217,35.801643,-76.18,38.549582,17900.821297,20171031_074914
27,KDOX20171031_115412_V06,26,0.068,176.08,365.504944,28.839218,-76.15,38.528352,14419.609070,20171031_075412
27,KDOX20171031_120853_V06,40,-1.000,176.08,365.504944,51.099218,-76.15,38.528352,25549.609070,20171031_080853
27,KDOX20171031_121837_V06,50,0.118,174.42,361.285583,23.083916,-76.16,38.547298,11541.957855,20171031_081837
1,KDOX20171031_111000_V06,-18,0.298,276.53,344.878052,12.593788,-75.57,38.623347,6296.894073,20171031_071000
1,KDOX20171031_111945_V06,-9,-1.000,276.53,344.878052,26.903788,-75.57,38.623347,13451.894073,20171031_071945
1,KDOX20171031_112929_V06,1,0.080,282.94,384.475305,28.718484,-75.54,38.445029,14359.242059,20171031_072929
10,KDOX20171031_111945_V06,-9,0.234,377.74,202.909180,7.682053,-74.99,39.261976,3841.026306,20171031_071945
10,KDOX20171031_112929_V06,1,0.069,390.50,195.432201,23.085198,-74.92,39.295342,11542.598930,20171031_072929
18,KDOX20171031_111945_V06,-9,0.059,303.08,332.957062,7.542892,-75.42,38.677118,3771.446228,20171031_071945
18,KDOX20171031_112929_V06,1,0.239,300.42,334.150078,16.425712,-75.44,38.671746,8212.856167,20171031_072929
26,KDOX20171031_113425_V06,6,0.074,329.52,93.472809,22.310699,-75.27,39.755560,11155.349731,20171031_073425
26,KDOX20171031_113921_V06,11,0.305,332.16,96.631814,29.366200,-75.25,39.741311,14683.099987,20171031_073921
6,KDOX20171031_111945_V06,-9,0.381,246.24,250.615906,10.626095,-75.75,39.047570,5313.047409,20171031_071945
7,KDOX20171031_111945_V06,-9,0.282,276.64,403.719727,17.631279,-75.57,38.358310,8815.639496,20171031_071945
8,KDOX20171031_111945_V06,-9,0.263,199.43,319.592773,14.843330,-76.02,38.735881,7421.665192,20171031_071945
9,KDOX20171031_111945_V06,-9,0.239,286.82,468.225250,8.795206,-75.52,38.067798,4397.603035,20171031_071945
12,KDOX20171031_111945_V06,-9,0.145,337.64,163.568359,4.611649,-75.22,39.439814,2305.824280,20171031_071945
23,KDOX20171031_113425_V06,6,0.165,227.61,341.787476,30.906551,-75.86,38.636605,15453.275681,20171031_073425
8,KDOX20171104_111841_V06,-14,0.727,271.06,172.763794,8.793198,-75.61,39.398485,4396.598816,20171104_071841
8,KDOX20171104_112824_V06,-4,0.936,262.84,176.479129,22.972597,-75.66,39.381675,11486.298495,20171104_072824
8,KDOX20171104_113321_V06,1,0.860,258.43,177.881378,29.952904,-75.68,39.375310,14976.451816,20171104_073321
8,KDOX20171104_113816_V06,6,-1.000,254.07,179.319882,36.949574,-75.71,39.368777,18474.786810,20171104_073816
8,KDOX20171104_114312_V06,11,0.689,246.77,185.785615,39.114716,-75.75,39.339554,19557.357837,20171104_074312
8,KDOX20171104_114807_V06,16,0.607,240.40,196.635798,38.728109,-75.79,39.290586,19364.054450,20171104_074807
8,KDOX20171104_115303_V06,21,-1.000,234.11,206.020131,39.383954,-75.82,39.248210,19691.977147,20171104_075303
8,KDOX20171104_120256_V06,30,0.648,224.62,219.151658,47.721349,-75.88,39.188878,23860.674282,20171104_080256
8,KDOX20171104_120752_V06,35,0.422,218.12,232.238439,47.586007,-75.91,39.129793,23793.003357,20171104_080752
8,KDOX20171104_121248_V06,40,0.548,211.72,241.196287,49.208649,-75.95,39.089294,24604.324499,20171104_081248
8,KDOX20171104_121744_V06,45,0.288,208.72,231.814486,60.356390,-75.97,39.131470,30178.194865,20171104_081744
7,KDOX20171104_111841_V06,-14,0.832,292.85,100.923187,7.161667,-75.48,39.722128,3580.833435,20171104_071841
7,KDOX20171104_112824_V06,-4,0.849,283.17,106.035705,19.436670,-75.54,39.699071,9718.335017,20171104_072824
7,KDOX20171104_113321_V06,1,0.959,277.16,108.317343,24.651089,-75.57,39.688761,12325.544639,20171104_073321
7,KDOX20171104_113816_V06,6,0.957,270.32,112.328734,31.244105,-75.61,39.670645,15622.052749,20171104_073816
7,KDOX20171104_114312_V06,11,0.944,266.02,118.136424,33.626028,-75.64,39.644451,16813.014011,20171104_074312
7,KDOX20171104_114807_V06,16,0.690,262.66,124.634748,33.591699,-75.66,39.615152,16795.849274,20171104_074807
7,KDOX20171104_115303_V06,21,0.227,257.45,124.821123,38.506211,-75.69,39.614253,19253.105706,20171104_075303
7,KDOX20171104_120256_V06,30,-1.000,248.80,127.802743,45.372752,-75.74,39.600709,22686.376202,20171104_080256
7,KDOX20171104_120752_V06,35,0.052,242.81,156.055573,40.398590,-75.77,39.473381,20199.295044,20171104_080752
7,KDOX20171104_121248_V06,40,0.060,241.77,159.365691,45.626205,-75.78,39.458456,22813.102452,20171104_081248
7,KDOX20171104_121744_V06,45,0.051,278.71,172.403625,13.581604,-75.56,39.400162,6790.802002,20171104_081744
9,KDOX20171104_111841_V06,-14,0.445,373.70,205.585876,4.177567,-75.01,39.250009,2088.783264,20171104_071841
9,KDOX20171104_112824_V06,-4,0.158,368.46,208.843879,14.914519,-75.04,39.235443,7457.259732,20171104_072824
9,KDOX20171104_113321_V06,1,0.112,373.63,201.741823,25.217704,-75.01,39.267323,12608.851818,20171104_073321
9,KDOX20171104_113816_V06,6,0.234,365.64,194.341849,26.431379,-75.06,39.300809,13215.689488,20171104_073816
9,KDOX20171104_114312_V06,11,0.532,371.99,192.620074,26.070672,-75.02,39.308437,13035.336126,20171104_074312
9,KDOX20171104_114807_V06,16,0.056,364.98,193.559855,25.553608,-75.06,39.304343,12776.803832,20171104_074807
1,KDOX20171104_110858_V06,-24,0.168,177.96,351.648468,2.565735,-76.14,38.590827,1282.867432,20171104_070858
1,KDOX20171104_111841_V06,-14,0.061,176.21,358.864353,13.574248,-76.15,38.558266,6787.124122,20171104_071841
1,KDOX20171104_112824_V06,-4,0.094,159.22,344.980408,37.253364,-76.25,38.620164,18626.682058,20171104_072824
1,KDOX20171104_113321_V06,1,0.264,173.08,344.440155,24.594418,-76.17,38.623122,12297.208786,20171104_073321
39,KDOX20171104_121248_V06,40,0.136,307.56,188.250610,11.790527,-75.40,39.328851,5895.263672,20171104_081248
39,KDOX20171104_121744_V06,45,-1.000,307.56,188.250610,19.740527,-75.40,39.328851,9870.263672,20171104_081744
39,KDOX20171104_122727_V06,55,0.162,282.29,177.490943,20.000582,-75.54,39.377271,10000.290833,20171104_082727
39,KDOX20171104_123711_V06,65,0.293,273.96,184.861956,27.012788,-75.59,39.344023,13506.393986,20171104_083711
33,KDOX20171104_114807_V06,16,0.162,383.87,270.937317,7.815063,-74.96,38.955456,3907.531738,20171104_074807
33,KDOX20171104_115303_V06,21,-1.000,383.87,270.937317,15.765063,-74.96,38.955456,7882.531738,20171104_075303
33,KDOX20171104_120256_V06,30,0.055,388.04,266.530674,17.667482,-74.93,38.975201,8833.741182,20171104_080256
33,KDOX20171104_120752_V06,35,-1.000,390.05,264.406556,19.636704,-74.92,38.984717,9818.351943,20171104_080752
33,KDOX20171104_121248_V06,40,-1.000,392.06,262.282439,21.605925,-74.91,38.994231,10802.962705,20171104_081248
33,KDOX20171104_121744_V06,45,-1.000,394.07,260.158322,23.575147,-74.90,39.003744,11787.573466,20171104_081744
33,KDOX20171104_122727_V06,55,-1.000,398.08,255.910087,27.513590,-74.87,39.022767,13756.794989,20171104_082727
33,KDOX20171104_123711_V06,65,-1.000,402.10,251.661852,31.452033,-74.85,39.041786,15726.016511,20171104_083711
33,KDOX20171104_124653_V06,74,0.058,367.70,248.781196,32.111931,-75.05,39.055592,16055.965639,20171104_084653
10,KDOX20171104_111841_V06,-14,0.420,409.29,187.902740,11.560715,-74.81,39.328713,5780.357361,20171104_071841
10,KDOX20171104_112824_V06,-4,0.121,407.59,193.768923,19.150228,-74.82,39.302347,9575.114113,20171104_072824
25,KDOX20171104_113321_V06,1,0.087,240.58,500.065826,12.820141,-75.78,37.923900,6410.070419,20171104_073321
25,KDOX20171104_113816_V06,6,-1.000,240.58,500.065826,20.770141,-75.78,37.923900,10385.070419,20171104_073816
25,KDOX20171104_114312_V06,11,-1.000,240.58,500.065826,28.720141,-75.78,37.923900,14360.070419,20171104_074312
25,KDOX20171104_114807_V06,16,-1.000,240.58,500.065826,36.670141,-75.78,37.923900,18335.070419,20171104_074807
25,KDOX20171104_115303_V06,21,0.058,240.05,517.980250,35.607356,-75.78,37.843192,17803.678214,20171104_075303
12,KDOX20171104_111841_V06,-14,0.173,384.46,272.099060,5.374313,-74.95,38.950210,2687.156677,20171104_071841
18,KDOX20171104_112824_V06,-4,0.060,308.13,365.939087,47.057045,-75.39,38.528553,23528.522491,20171104_072824
19,KDOX20171104_112824_V06,-4,0.059,305.61,178.069672,2.713135,-75.41,39.374705,1356.567383,20171104_072824
