track_id,filename,from_sunrise,det_score,x,y,r,lon,lat,radius,local_time
6,KDOX20190809_094704_V06,-22,0.889,287.98,154.970612,6.229523,-75.51,39.478717,3114.761353,20190809_054704
6,KDOX20190809_100113_V06,-8,0.970,297.23,161.701692,21.507377,-75.46,39.448423,10753.688390,20190809_060113
6,KDOX20190809_100810_V06,-1,0.967,301.48,167.188453,28.021281,-75.43,39.423714,14010.640361,20190809_060810
6,KDOX20190809_101408_V06,5,0.970,305.42,167.826257,33.015447,-75.41,39.420837,16507.723520,20190809_061408
6,KDOX20190809_102016_V06,11,0.944,305.63,169.638748,34.886309,-75.41,39.412674,17443.154625,20190809_062016
6,KDOX20190809_102622_V06,17,0.869,316.99,169.918051,43.528886,-75.34,39.411380,21764.443234,20190809_062622
6,KDOX20190809_103230_V06,23,0.571,320.49,169.070585,47.411541,-75.32,39.415177,23705.770547,20190809_063230
6,KDOX20190809_103928_V06,30,0.695,325.77,171.515949,53.476904,-75.29,39.404129,26738.452246,20190809_063928
6,KDOX20190809_104633_V06,37,0.335,331.72,167.999595,57.463051,-75.26,39.419916,28731.525690,20190809_064633
1,KDOX20190809_093959_V06,-30,0.783,465.16,144.908966,11.876175,-74.48,39.520122,5938.087463,20190809_053959
1,KDOX20190809_094704_V06,-22,0.927,470.71,145.677433,16.249316,-74.45,39.516393,8124.658065,20190809_054704
1,KDOX20190809_100113_V06,-8,0.916,487.35,152.441318,32.012111,-74.35,39.485077,16006.055302,20190809_060113
1,KDOX20190809_100810_V06,-1,0.819,501.65,149.570872,42.083445,-74.27,39.497202,21041.722680,20190809_060810
1,KDOX20190809_101408_V06,5,0.540,512.45,150.322992,53.088618,-74.21,39.493172,26544.309150,20190809_061408
1,KDOX20190809_102016_V06,11,0.121,519.63,139.536265,56.583217,-74.16,39.541296,28291.608690,20190809_062016
5,KDOX20190809_094704_V06,-22,0.938,182.89,178.258850,9.871117,-76.12,39.371889,4935.558319,20190809_054704
5,KDOX20190809_100113_V06,-8,0.824,189.57,184.164693,25.088278,-76.08,39.345511,12544.138937,20190809_060113
5,KDOX20190809_100810_V06,-1,0.590,196.59,188.271786,33.915065,-76.04,39.327230,16957.532616,20190809_060810
5,KDOX20190809_101408_V06,5,0.614,198.67,190.381858,37.895976,-76.03,39.317788,18947.988240,20190809_061408
5,KDOX20190809_102016_V06,11,0.312,205.29,193.873315,47.927970,-75.99,39.302250,23963.985164,20190809_062016
5,KDOX20190809_102622_V06,17,0.201,207.59,194.931825,49.432562,-75.98,39.297545,24716.281161,20190809_062622
7,KDOX20190809_094704_V06,-22,0.869,383.92,208.067322,9.737686,-74.95,39.238603,4868.843079,20190809_054704
7,KDOX20190809_100113_V06,-8,0.951,390.37,215.012072,19.928415,-74.92,39.207166,9964.207299,20190809_060113
7,KDOX20190809_100810_V06,-1,0.937,397.33,217.283089,27.235804,-74.88,39.196751,13617.901983,20190809_060810
7,KDOX20190809_101408_V06,5,0.946,406.66,217.545018,37.172983,-74.82,39.195300,18586.491535,20190809_061408
7,KDOX20190809_102016_V06,11,0.077,410.05,214.962588,47.101719,-74.80,39.206825,23550.859468,20190809_062016
8,KDOX20190809_094704_V06,-22,0.457,250.01,416.003021,5.300415,-75.73,38.302707,2650.207520,20190809_054704
8,KDOX20190809_100113_V06,-8,0.889,261.30,423.646288,19.541118,-75.66,38.268419,9770.558869,20190809_060113
8,KDOX20190809_100810_V06,-1,-1.000,266.78,427.354407,26.780568,-75.63,38.251771,13390.283781,20190809_060810
8,KDOX20190809_101408_V06,5,-1.000,271.48,430.532795,32.985810,-75.60,38.237495,16492.905134,20190809_061408
8,KDOX20190809_102016_V06,11,0.937,265.96,430.621470,30.390017,-75.63,38.237047,15195.008289,20190809_062016
8,KDOX20190809_102622_V06,17,0.948,268.30,432.715562,33.507093,-75.62,38.227636,16753.546598,20190809_062622
8,KDOX20190809_103230_V06,23,0.790,274.55,437.468971,39.622121,-75.59,38.206275,19811.060414,20190809_063230
13,KDOX20190809_094704_V06,-22,0.076,393.39,201.936646,17.826904,-74.90,39.265973,8913.452148,20190809_054704
13,KDOX20190809_100113_V06,-8,0.392,383.26,246.574033,29.824372,-74.96,39.065198,14912.185788,20190809_060113
13,KDOX20190809_100810_V06,-1,0.177,380.51,264.835910,29.224597,-74.98,38.983014,14612.298367,20190809_060810
13,KDOX20190809_101408_V06,5,0.143,363.08,277.599991,39.063424,-75.08,38.925883,19531.711897,20190809_061408
13,KDOX20190809_102016_V06,11,0.065,363.73,287.281128,35.024826,-75.07,38.882269,17512.413025,20190809_062016
13,KDOX20190809_102622_V06,17,0.101,363.55,289.318283,42.640727,-75.07,38.873097,21320.363422,20190809_062622
13,KDOX20190809_103230_V06,23,-1.000,363.39,291.064416,50.531499,-75.07,38.865235,25265.749477,20190809_063230
13,KDOX20190809_103928_V06,30,0.057,383.50,255.560028,27.438080,-74.96,39.024721,13719.039917,20190809_063928
25,KDOX20190809_102016_V06,11,0.170,24.50,424.969849,36.643280,-77.01,38.252025,18321.640015,20190809_062016
25,KDOX20190809_102622_V06,17,0.152,26.03,426.873036,45.785530,-77.00,38.243572,22892.764881,20190809_062622
25,KDOX20190809_103230_V06,23,-1.000,27.34,428.504339,54.984601,-77.00,38.236326,27492.300480,20190809_063230
25,KDOX20190809_103928_V06,30,0.062,37.35,426.511531,50.982015,-76.94,38.246052,25491.007737,20190809_063928
25,KDOX20190809_104633_V06,37,-1.000,43.84,426.131894,53.080516,-76.90,38.248234,26540.258160,20190809_064633
25,KDOX20190809_110040_V06,51,-1.000,56.84,425.372619,57.277518,-76.83,38.252563,28638.759006,20190809_070040
25,KDOX20190809_110743_V06,58,-1.000,63.34,424.992981,59.376019,-76.79,38.254710,29688.009429,20190809_070743
25,KDOX20190809_111446_V06,65,-1.000,69.84,424.613344,61.474520,-76.75,38.256845,30737.259852,20190809_071446
25,KDOX20190809_112151_V06,72,-1.000,76.33,424.233707,63.573021,-76.72,38.258968,31786.510275,20190809_072151
25,KDOX20190809_112856_V06,79,0.055,68.28,409.884614,75.906551,-76.76,38.323078,37953.275706,20190809_072856
15,KDOX20190809_100113_V06,-8,0.578,208.77,321.812134,10.254456,-75.96,38.726139,5127.227783,20190809_060113
15,KDOX20190809_100810_V06,-1,0.530,208.16,326.555253,20.987809,-75.97,38.704760,10493.904535,20190809_060810
15,KDOX20190809_101408_V06,5,0.135,209.09,334.720710,27.553416,-75.96,38.668007,13776.708179,20190809_061408
20,KDOX20190809_100810_V06,-1,0.864,256.45,421.285339,16.948257,-75.69,38.278998,8474.128723,20190809_060810
20,KDOX20190809_101408_V06,5,0.913,261.25,426.353816,24.384071,-75.66,38.256223,12192.035716,20190809_061408
20,KDOX20190809_102016_V06,11,-1.000,265.36,430.698224,32.120483,-75.64,38.236696,16060.241709,20190809_062016
20,KDOX20190809_102622_V06,17,-1.000,269.47,435.042632,39.856895,-75.61,38.217164,19928.447703,20190809_062622
20,KDOX20190809_103230_V06,23,-1.000,273.58,439.387040,47.593307,-75.59,38.197628,23796.653696,20190809_063230
20,KDOX20190809_103928_V06,30,-1.000,278.38,444.455516,56.619121,-75.56,38.174829,28309.560688,20190809_063928
20,KDOX20190809_104633_V06,37,0.241,281.07,418.351599,71.486819,-75.55,38.292428,35743.409342,20190809_064633
22,KDOX20190809_101408_V06,5,0.349,182.20,80.793518,10.754028,-76.13,39.810774,5377.014160,20190809_061408
22,KDOX20190809_102016_V06,11,0.312,181.78,81.180758,17.194475,-76.13,39.809016,8597.237683,20190809_062016
22,KDOX20190809_102622_V06,17,0.441,177.04,81.582886,10.422173,-76.16,39.807040,5211.086273,20190809_062622
29,KDOX20190809_102622_V06,17,0.556,71.00,575.839661,26.616819,-76.74,37.575793,13308.409691,20190809_062622
29,KDOX20190809_103230_V06,23,0.365,69.26,576.239034,34.156239,-76.75,37.573884,17078.119351,20190809_063230
9,KDOX20190809_094704_V06,-22,0.392,377.59,248.347595,31.376129,-74.99,39.057340,15688.064575,20190809_054704
16,KDOX20190809_100113_V06,-8,0.500,309.68,242.173584,6.011505,-75.38,39.085992,3005.752563,20190809_060113
21,KDOX20190809_100810_V06,-1,0.118,273.82,342.498230,8.272400,-75.59,38.634048,4136.199951,20190809_060810
23,KDOX20190809_101408_V06,5,0.060,50.36,338.978333,69.858414,-76.87,38.641190,34929.206848,20190809_061408
28,KDOX20190809_102016_V06,11,0.053,440.00,86.637634,50.093872,-74.62,39.783629,25046.936035,20190809_062016
31,KDOX20190809_102622_V06,17,0.142,203.38,69.507874,9.983978,-76.00,39.862252,4991.989136,20190809_062622
33,KDOX20190809_103230_V06,23,0.127,28.50,427.335266,40.098797,-76.99,38.241680,20049.398422,20190809_063230
34,KDOX20190809_103230_V06,23,0.054,46.00,361.010254,57.987411,-76.90,38.541663,28993.705750,20190809_063230
35,KDOX20190809_103928_V06,30,0.101,338.59,69.348755,16.710663,-75.21,39.864107,8355.331421,20190809_063928
38,KDOX20190809_112856_V06,79,0.087,273.17,409.693878,90.357048,-75.59,38.331376,45178.524017,20190809_072856
1,KDOX20190820_095120_V06,-28,0.941,459.97,141.124573,12.537750,-74.51,39.537406,6268.875122,20190820_055120
1,KDOX20190820_100026_V06,-19,0.949,463.68,147.560050,26.160985,-74.49,39.508254,13080.492592,20190820_060026
1,KDOX20190820_100505_V06,-14,0.967,464.48,151.600390,32.312373,-74.48,39.490022,16156.186461,20190820_060505
1,KDOX20190820_100944_V06,-10,0.953,467.23,152.932975,37.747314,-74.47,39.483890,18873.657085,20190820_060944
1,KDOX20190820_101423_V06,-5,0.941,470.15,153.673569,43.384042,-74.45,39.480413,21692.021177,20190820_061423
1,KDOX20190820_101903_V06,0,0.894,474.89,153.615779,49.278698,-74.42,39.480438,24639.349058,20190820_061903
1,KDOX20190820_102343_V06,4,0.909,477.28,153.747661,54.750952,-74.41,39.479723,27375.475754,20190820_062343
1,KDOX20190820_102823_V06,9,0.827,481.26,151.067089,57.451698,-74.39,39.491589,28725.848960,20190820_062823
1,KDOX20190820_103304_V06,14,0.723,484.97,147.573815,60.762913,-74.36,39.507123,30381.456649,20190820_063304
1,KDOX20190820_103744_V06,18,0.600,489.31,141.347953,62.200250,-74.34,39.534925,31100.124924,20190820_063744
1,KDOX20190820_104224_V06,23,0.283,490.89,133.996046,59.556697,-74.33,39.567943,29778.348749,20190820_064224
1,KDOX20190820_104704_V06,28,0.124,492.78,127.038919,63.655206,-74.32,39.599166,31827.603229,20190820_064704
1,KDOX20190820_105142_V06,32,0.181,499.16,111.704407,56.362656,-74.28,39.667854,28181.327820,20190820_065142
2,KDOX20190820_095120_V06,-28,0.749,282.95,153.147125,7.172791,-75.54,39.486908,3586.395264,20190820_055120
2,KDOX20190820_100026_V06,-19,0.917,284.56,157.858044,16.728942,-75.53,39.465699,8364.471154,20190820_060026
2,KDOX20190820_100505_V06,-14,0.943,286.60,159.899130,19.611723,-75.52,39.456516,9805.861602,20190820_060505
2,KDOX20190820_100944_V06,-10,0.945,289.43,160.843599,25.596078,-75.50,39.452272,12798.039090,20190820_060944
2,KDOX20190820_101423_V06,-5,0.944,289.92,163.568041,29.604994,-75.50,39.440004,14802.496932,20190820_061423
2,KDOX20190820_101903_V06,0,0.874,294.98,164.669304,35.869406,-75.47,39.435055,17934.702754,20190820_061903
2,KDOX20190820_102343_V06,4,0.740,290.80,158.203262,35.312339,-75.49,39.464167,17656.169619,20190820_062343
2,KDOX20190820_102823_V06,9,0.863,289.74,156.900436,37.927002,-75.50,39.470031,18963.501071,20190820_062823
2,KDOX20190820_103304_V06,14,0.662,297.57,154.387654,45.003343,-75.45,39.481362,22501.671549,20190820_063304
2,KDOX20190820_103744_V06,18,0.706,294.11,153.794033,42.818512,-75.47,39.484031,21409.255905,20190820_063744
4,KDOX20190820_095120_V06,-28,0.265,173.07,180.242432,6.198265,-76.18,39.362612,3099.132538,20190820_055120
4,KDOX20190820_100026_V06,-19,0.919,171.40,181.389085,14.441158,-76.19,39.357387,7220.578879,20190820_060026
4,KDOX20190820_100505_V06,-14,0.889,171.63,182.395638,17.778241,-76.18,39.352863,8889.120571,20190820_060505
4,KDOX20190820_100944_V06,-10,0.792,175.83,186.653890,26.319600,-76.16,39.333839,13159.800026,20190820_060944
4,KDOX20190820_101423_V06,-5,0.878,176.68,188.507704,33.463616,-76.16,39.325520,16731.808110,20190820_061423
4,KDOX20190820_101903_V06,0,0.735,177.88,189.820409,39.384630,-76.15,39.319651,19692.315220,20190820_061903
4,KDOX20190820_102343_V06,4,0.484,180.43,192.525611,44.653020,-76.13,39.307556,22326.510206,20190820_062343
4,KDOX20190820_102823_V06,9,0.393,180.49,197.044453,49.118967,-76.13,39.287208,24559.483364,20190820_062823
4,KDOX20190820_103304_V06,14,0.140,183.52,198.102234,52.868260,-76.12,39.282547,26434.129970,20190820_063304
7,KDOX20190820_095120_V06,-28,0.140,247.58,412.956421,2.539215,-75.74,38.316395,1269.607544,20190820_055120
7,KDOX20190820_100026_V06,-19,0.563,249.54,413.830604,12.944650,-75.73,38.312486,6472.324827,20190820_060026
7,KDOX20190820_100505_V06,-14,0.892,251.18,414.108211,14.208524,-75.72,38.311258,7104.261966,20190820_060505
7,KDOX20190820_100944_V06,-10,0.923,250.54,417.811300,19.728275,-75.72,38.294569,9864.137659,20190820_060944
7,KDOX20190820_101423_V06,-5,0.946,253.44,419.390048,25.869910,-75.71,38.287497,12934.955050,20190820_061423
7,KDOX20190820_101903_V06,0,0.952,253.46,422.573923,30.277529,-75.71,38.273156,15138.764330,20190820_061903
7,KDOX20190820_102343_V06,4,0.945,255.46,423.725985,34.415369,-75.69,38.267992,17207.684377,20190820_062343
7,KDOX20190820_102823_V06,9,0.930,256.23,423.208388,37.516261,-75.69,38.270333,18758.130314,20190820_062823
9,KDOX20190820_095120_V06,-28,0.133,365.82,204.340973,17.761154,-75.06,39.255773,8880.577087,20190820_055120
9,KDOX20190820_100026_V06,-19,0.784,378.37,210.321417,20.151117,-74.99,39.228580,10075.558307,20190820_060026
9,KDOX20190820_100505_V06,-14,-1.000,384.86,213.414750,21.935580,-74.95,39.214498,10967.789972,20190820_060505
9,KDOX20190820_100944_V06,-10,0.941,376.92,209.740192,22.429966,-74.99,39.231230,11214.982933,20190820_060944
9,KDOX20190820_101423_V06,-5,0.949,379.13,211.749383,28.756423,-74.98,39.222132,14378.211575,20190820_061423
9,KDOX20190820_101903_V06,0,0.854,385.98,213.949165,33.473026,-74.94,39.212064,16736.512751,20190820_061903
9,KDOX20190820_102343_V06,4,0.236,394.94,218.677076,33.102364,-74.89,39.190539,16551.181810,20190820_062343
21,KDOX20190820_100505_V06,-14,0.546,207.75,325.234650,11.096100,-75.97,38.710697,5548.049927,20190820_060505
21,KDOX20190820_100944_V06,-10,0.391,205.70,323.614156,17.895178,-75.98,38.717942,8947.589214,20190820_060944
21,KDOX20190820_101423_V06,-5,0.055,202.55,322.066722,21.768552,-76.00,38.724826,10884.276210,20190820_061423
21,KDOX20190820_101903_V06,0,0.059,197.91,323.984838,26.017592,-76.03,38.716056,13008.795925,20190820_061903
40,KDOX20190820_110145_V06,42,0.076,225.60,394.550720,19.625740,-75.87,38.398909,9812.870026,20190820_070145
40,KDOX20190820_110625_V06,47,-1.000,225.60,394.550720,27.575740,-75.87,38.398909,13787.870026,20190820_070625
40,KDOX20190820_111105_V06,52,0.104,220.48,384.737082,27.860577,-75.90,38.443001,13930.288603,20190820_071105
40,KDOX20190820_111545_V06,56,-1.000,217.44,378.915431,29.673447,-75.91,38.469153,14836.723353,20190820_071545
40,KDOX20190820_112024_V06,61,0.054,218.35,382.482274,29.106333,-75.91,38.453108,14553.166633,20190820_072024
50,KDOX20190820_113901_V06,80,0.140,35.85,427.532654,59.552349,-76.95,38.241342,29776.174545,20190820_073901
50,KDOX20190820_114340_V06,84,0.163,36.77,427.069671,63.871669,-76.94,38.243495,31935.834654,20190820_074340
50,KDOX20190820_114819_V06,89,0.070,40.91,426.274565,62.701805,-76.92,38.247379,31350.902737,20190820_074819
16,KDOX20190820_100026_V06,-19,0.528,414.07,183.999573,12.929779,-74.78,39.346137,6464.889526,20190820_060026
16,KDOX20190820_100505_V06,-14,0.068,415.37,183.823883,18.834658,-74.77,39.346886,9417.329161,20190820_060505
20,KDOX20190820_100026_V06,-19,0.055,307.43,237.751556,2.837631,-75.40,39.105913,1418.815613,20190820_060026
20,KDOX20190820_100505_V06,-14,0.086,307.06,238.243859,10.041408,-75.40,39.103697,5020.704215,20190820_060505
25,KDOX20190820_100505_V06,-14,0.060,371.52,255.256714,33.350250,-75.03,39.026352,16675.125122,20190820_060505
25,KDOX20190820_100944_V06,-10,0.061,369.75,255.095351,39.803844,-75.04,39.027114,19901.922080,20190820_060944
25,KDOX20190820_101423_V06,-5,0.063,369.37,264.488708,29.979935,-75.04,38.984816,14989.967346,20190820_061423
5,KDOX20190820_095120_V06,-28,0.209,197.94,333.886200,13.289059,-76.03,38.671461,6644.529343,20190820_055120
17,KDOX20190820_100026_V06,-19,0.375,392.71,264.772705,19.521347,-74.90,38.982998,9760.673523,20190820_060026
22,KDOX20190820_100505_V06,-14,0.424,398.34,152.643585,28.037552,-74.87,39.487826,14018.775940,20190820_060505
27,KDOX20190820_100944_V06,-10,0.278,205.92,102.006134,5.119110,-75.99,39.715978,2559.555054,20190820_060944
28,KDOX20190820_100944_V06,-10,0.063,435.43,198.372162,13.892731,-74.66,39.280647,6946.365356,20190820_060944
30,KDOX20190820_101423_V06,-5,0.081,262.97,354.775696,16.000126,-75.65,38.578651,8000.062943,20190820_061423
32,KDOX20190820_101903_V06,0,0.081,221.19,78.022339,12.037903,-75.90,39.824364,6018.951416,20190820_061903
33,KDOX20190820_102823_V06,9,0.068,57.90,267.654541,54.339890,-76.84,38.962902,27169.944763,20190820_062823
35,KDOX20190820_104224_V06,23,0.307,288.93,400.638184,65.182716,-75.50,38.372250,32591.358185,20190820_064224
35,KDOX20190820_104704_V06,28,-1.000,288.93,400.638184,73.132716,-75.50,38.372250,36566.358185,20190820_064704
35,KDOX20190820_105142_V06,32,0.108,289.27,403.279175,65.073753,-75.50,38.360355,32536.876678,20190820_065142
35,KDOX20190820_110145_V06,42,-1.000,289.27,403.279175,80.973753,-75.50,38.360355,40486.876678,20190820_070145
35,KDOX20190820_110625_V06,47,0.068,292.53,431.121460,66.488365,-75.48,38.234950,33244.182587,20190820_070625
36,KDOX20190820_104704_V06,28,0.061,359.06,193.054077,22.630508,-75.10,39.306726,11315.254211,20190820_064704
41,KDOX20190820_110625_V06,47,0.101,221.82,400.295105,11.603027,-75.89,38.372953,5801.513672,20190820_070625
43,KDOX20190820_111545_V06,56,0.059,225.77,378.078064,20.625145,-75.87,38.473109,10312.572479,20190820_071545
45,KDOX20190820_112503_V06,66,0.219,32.28,428.296631,52.568737,-76.97,38.237636,26284.368515,20190820_072503
46,KDOX20190820_112503_V06,66,0.077,250.54,365.621246,21.915470,-75.72,38.529649,10957.735062,20190820_072503
47,KDOX20190820_112943_V06,70,0.144,464.48,142.574493,28.860825,-74.48,39.530667,14430.412292,20190820_072943
48,KDOX20190820_113422_V06,75,0.178,396.17,196.227661,5.488464,-74.88,39.291608,2744.232178,20190820_073422
51,KDOX20190820_114340_V06,84,0.137,217.70,412.221191,2.490982,-75.91,38.319142,1245.491028,20190820_074340
4,KDOX20190826_100358_V06,-22,0.912,362.80,208.968842,16.540527,-75.08,39.234986,8270.263672,20190826_060358
4,KDOX20190826_101335_V06,-12,0.906,360.18,210.087698,23.445182,-75.09,39.229994,11722.590922,20190826_061335
4,KDOX20190826_102312_V06,-2,0.454,363.91,213.216530,26.841074,-75.07,39.215836,13420.537112,20190826_062312
4,KDOX20190826_103249_V06,7,0.216,348.35,186.332649,28.473695,-75.16,39.337161,14236.847676,20190826_063249
4,KDOX20190826_104227_V06,17,-1.000,334.51,161.927737,30.578982,-75.24,39.447235,15289.491182,20190826_064227
4,KDOX20190826_110141_V06,36,0.365,295.11,169.945374,28.755215,-75.47,39.411295,14377.607590,20190826_070141
4,KDOX20190826_111118_V06,46,0.111,301.12,173.942065,39.481051,-75.43,39.393298,19740.525647,20190826_071118
4,KDOX20190826_112055_V06,55,0.278,268.08,178.193184,36.901099,-75.63,39.374007,18450.549499,20190826_072055
1,KDOX20190826_100358_V06,-22,0.953,431.00,152.637939,32.429794,-74.68,39.486773,16214.897156,20190826_060358
1,KDOX20190826_101335_V06,-12,0.970,428.42,155.243431,41.398966,-74.69,39.475136,20699.482797,20190826_061335
1,KDOX20190826_102312_V06,-2,0.910,433.66,157.046906,46.383777,-74.66,39.466817,23191.888291,20190826_062312
1,KDOX20190826_103249_V06,7,0.792,437.90,157.475395,56.167755,-74.64,39.464722,28083.877693,20190826_063249
1,KDOX20190826_104227_V06,17,0.639,442.82,146.996401,56.040141,-74.61,39.511712,28020.070513,20190826_064227
1,KDOX20190826_110141_V06,36,0.330,465.56,111.208221,43.095810,-74.48,39.671859,21547.904968,20190826_070141
1,KDOX20190826_111118_V06,46,0.477,472.04,106.441467,35.631310,-74.44,39.693007,17815.654755,20190826_071118
2,KDOX20190826_100358_V06,-22,0.935,270.86,161.391083,19.030514,-75.61,39.449701,9515.256882,20190826_060358
2,KDOX20190826_101335_V06,-12,0.925,265.46,166.693701,31.380685,-75.64,39.425771,15690.342522,20190826_061335
2,KDOX20190826_102312_V06,-2,0.796,267.80,169.911879,30.444689,-75.63,39.411300,15222.344571,20190826_062312
2,KDOX20190826_103249_V06,7,0.090,287.40,151.734303,29.823175,-75.51,39.493289,14911.587748,20190826_063249
2,KDOX20190826_104227_V06,17,0.288,292.88,154.305060,38.629880,-75.48,39.481727,19314.940148,20190826_064227
3,KDOX20190826_100358_V06,-22,0.914,159.36,185.187714,18.227165,-76.26,39.339816,9113.582611,20190826_060358
3,KDOX20190826_101335_V06,-12,0.916,157.99,186.141499,26.212641,-76.26,39.335465,13106.320592,20190826_061335
3,KDOX20190826_102312_V06,-2,0.579,152.72,194.043254,42.762151,-76.29,39.299662,21381.075286,20190826_062312
3,KDOX20190826_103249_V06,7,0.334,155.87,195.949018,52.783178,-76.28,39.291211,26391.589020,20190826_063249
3,KDOX20190826_104227_V06,17,0.111,160.27,201.959728,65.639552,-76.25,39.264322,32819.776067,20190826_064227
26,KDOX20190826_103249_V06,7,0.078,388.91,264.476074,13.841583,-74.93,38.984433,6920.791626,20190826_063249
26,KDOX20190826_104227_V06,17,0.057,389.85,265.439064,20.972356,-74.92,38.980072,10486.177776,20190826_064227
26,KDOX20190826_110141_V06,36,0.159,397.38,214.836131,34.829752,-74.88,39.207770,17414.875971,20190826_070141
26,KDOX20190826_111118_V06,46,0.449,396.29,213.162086,37.669854,-74.88,39.215339,18834.927043,20190826_071118
26,KDOX20190826_112055_V06,55,0.068,390.51,214.530931,44.076156,-74.92,39.209329,22038.078211,20190826_072055
5,KDOX20190826_100358_V06,-22,0.897,223.69,422.880402,20.252777,-75.88,38.271262,10126.388550,20190826_060358
5,KDOX20190826_101335_V06,-12,0.847,221.81,423.582253,26.422102,-75.89,38.268060,13211.050935,20190826_061335
5,KDOX20190826_102312_V06,-2,0.882,226.52,424.001125,27.355295,-75.86,38.266274,13677.647547,20190826_062312
25,KDOX20190826_103249_V06,7,0.099,187.87,77.552002,10.631027,-76.09,39.825560,5315.513611,20190826_063249
25,KDOX20190826_104227_V06,17,0.160,189.43,75.866397,19.258562,-76.09,39.833201,9629.280972,20190826_064227
25,KDOX20190826_110141_V06,36,0.178,213.65,78.807948,24.454914,-75.94,39.820645,12227.456876,20190826_070141
8,KDOX20190826_101335_V06,-12,0.081,325.05,180.884796,2.551254,-75.29,39.361941,1275.627136,20190826_061335
8,KDOX20190826_102312_V06,-2,0.082,321.23,183.682333,12.757972,-75.32,39.349368,6378.985790,20190826_062312
10,KDOX20190826_102312_V06,-2,0.738,206.21,172.259430,10.565781,-75.98,39.399613,5282.890320,20190826_062312
10,KDOX20190826_103249_V06,7,0.543,203.91,169.795002,15.793971,-76.00,39.410649,7896.985557,20190826_063249
11,KDOX20190826_102312_V06,-2,0.487,178.84,322.272095,21.636093,-76.14,38.723167,10818.046570,20190826_062312
11,KDOX20190826_103249_V06,7,0.214,190.26,325.837031,29.621749,-76.07,38.707484,14810.874367,20190826_063249
16,KDOX20190826_102312_V06,-2,0.117,322.41,357.833496,4.081375,-75.31,38.565001,2040.687561,20190826_062312
19,KDOX20190826_102312_V06,-2,0.070,296.27,440.772461,12.153496,-75.46,38.191483,6076.747894,20190826_062312
20,KDOX20190826_102312_V06,-2,0.067,192.62,77.677490,24.871277,-76.07,39.825146,12435.638428,20190826_062312
28,KDOX20190826_104227_V06,17,0.345,103.83,49.638672,28.857483,-76.59,39.947489,14428.741455,20190826_064227
34,KDOX20190826_110141_V06,36,0.100,331.48,382.667725,11.190315,-75.26,38.453072,5595.157623,20190826_070141
38,KDOX20190826_112055_V06,55,0.091,358.89,362.678345,7.366127,-75.10,38.542760,3683.063507,20190826_072055
39,KDOX20190826_113032_V06,65,0.056,98.95,55.920044,37.693993,-76.62,39.918925,18846.996307,20190826_073032
46,KDOX20190826_114008_V06,75,0.055,215.92,159.937988,6.930313,-75.93,39.455350,3465.156555,20190826_074008
9,KDOX20190901_101224_V06,-18,0.203,420.63,182.792999,3.264053,-74.74,39.351350,1632.026672,20190901_061224
9,KDOX20190901_102203_V06,-8,0.661,419.73,182.553604,9.361784,-74.75,39.352459,4680.892095,20190901_062203
9,KDOX20190901_103142_V06,1,0.087,417.92,183.620969,9.851643,-74.76,39.347714,4925.821592,20190901_063142
9,KDOX20190901_104120_V06,11,0.052,422.15,186.275115,10.759424,-74.73,39.335615,5379.712150,20190901_064120
9,KDOX20190901_110038_V06,30,0.066,437.41,197.102250,15.700473,-74.64,39.286289,7850.236398,20190901_070038
9,KDOX20190901_111017_V06,40,0.595,439.42,200.176081,18.214225,-74.63,39.272366,9107.112437,20190901_071017
9,KDOX20190901_111957_V06,49,0.063,449.43,199.833885,25.379131,-74.57,39.273493,12689.565472,20190901_071957
4,KDOX20190901_100245_V06,-28,0.629,279.84,154.587097,5.384781,-75.56,39.480406,2692.390442,20190901_060245
4,KDOX20190901_101224_V06,-18,0.256,279.55,157.000574,13.641972,-75.56,39.469535,6820.985990,20190901_061224
4,KDOX20190901_102203_V06,-8,0.757,278.19,161.189828,17.758260,-75.57,39.450661,8879.130247,20190901_062203
4,KDOX20190901_103142_V06,1,0.161,294.70,170.541029,24.871733,-75.47,39.408611,12435.866581,20190901_063142
4,KDOX20190901_104120_V06,11,0.053,284.38,137.236114,27.176934,-75.53,39.558569,13588.466784,20190901_064120
4,KDOX20190901_110038_V06,30,0.084,247.73,140.158262,28.639904,-75.74,39.545051,14319.951939,20190901_070038
7,KDOX20190901_101224_V06,-18,0.746,452.34,133.283112,13.713989,-74.55,39.573061,6856.994629,20190901_061224
7,KDOX20190901_102203_V06,-8,0.579,448.44,133.218988,25.667137,-74.58,39.573519,12833.568467,20190901_062203
7,KDOX20190901_103142_V06,1,0.246,449.02,131.432893,28.965725,-74.57,39.581537,14482.862490,20190901_063142
7,KDOX20190901_104120_V06,11,0.317,447.01,136.687430,34.651486,-74.58,39.557961,17325.742992,20190901_064120
7,KDOX20190901_110038_V06,30,0.216,498.03,125.616888,41.622874,-74.29,39.605273,20811.437030,20190901_070038
7,KDOX20190901_111017_V06,40,0.469,497.78,118.944362,40.024624,-74.29,39.635333,20012.312236,20190901_071017
7,KDOX20190901_111957_V06,49,0.066,495.62,110.202515,34.389648,-74.30,39.674819,17194.824219,20190901_071957
7,KDOX20190901_112936_V06,59,0.309,489.79,103.437849,39.582441,-74.33,39.705603,19791.220583,20190901_072936
2,KDOX20190901_100245_V06,-28,0.862,367.31,200.899536,14.576538,-75.05,39.271244,7288.269043,20190901_060245
2,KDOX20190901_101224_V06,-18,0.345,377.22,207.522265,21.851531,-74.99,39.241212,10925.765365,20190901_061224
2,KDOX20190901_102203_V06,-8,0.052,374.64,234.188213,38.861043,-75.01,39.121174,19430.521743,20190901_062203
2,KDOX20190901_103142_V06,1,0.123,358.99,249.299773,38.519011,-75.10,39.053414,19259.505373,20190901_063142
2,KDOX20190901_104120_V06,11,0.220,360.33,259.131287,28.238419,-75.09,39.009112,14119.209290,20190901_064120
3,KDOX20190901_100245_V06,-28,0.632,162.02,174.605499,19.646767,-76.24,39.387577,9823.383331,20190901_060245
3,KDOX20190901_101224_V06,-18,0.692,161.26,176.624302,24.474155,-76.25,39.378456,12237.077293,20190901_061224
3,KDOX20190901_102203_V06,-8,0.094,153.98,169.836727,32.916146,-76.29,39.408724,16458.073091,20190901_062203
6,KDOX20190901_101224_V06,-18,0.900,230.47,415.570740,16.498894,-75.84,38.304326,8249.446869,20190901_061224
6,KDOX20190901_102203_V06,-8,0.903,234.62,412.074413,20.367094,-75.81,38.320154,10183.547019,20190901_062203
6,KDOX20190901_103142_V06,1,0.247,228.95,417.898702,35.535993,-75.85,38.293810,17767.996386,20190901_063142
6,KDOX20190901_104120_V06,11,0.053,199.99,401.382202,20.471855,-76.01,38.367510,10235.927582,20190901_064120
6,KDOX20190901_110038_V06,30,0.067,190.56,362.830628,27.346651,-76.07,38.540874,13673.325571,20190901_070038
20,KDOX20190901_103142_V06,1,0.722,284.87,120.573364,10.043152,-75.53,39.633610,5021.575928,20190901_063142
20,KDOX20190901_104120_V06,11,0.778,283.78,117.015741,15.958933,-75.53,39.649627,7979.466507,20190901_064120
20,KDOX20190901_110038_V06,30,0.084,308.38,45.736071,29.127891,-75.39,39.970645,14563.945341,20190901_070038
33,KDOX20190901_111017_V06,40,0.061,145.94,371.744446,13.998764,-76.32,38.499069,6999.382019,20190901_071017
33,KDOX20190901_111957_V06,49,0.410,131.28,360.932387,29.450863,-76.41,38.547098,14725.431304,20190901_071957
33,KDOX20190901_112936_V06,59,0.540,109.46,349.899177,43.573869,-76.53,38.595682,21786.934718,20190901_072936
33,KDOX20190901_113916_V06,69,0.067,114.02,349.458374,36.473667,-76.51,38.597910,18236.833572,20190901_073916
15,KDOX20190901_102203_V06,-8,0.562,541.67,299.746246,33.892540,-74.05,38.818417,16946.269989,20190901_062203
15,KDOX20190901_103142_V06,1,0.130,543.37,300.348036,41.300234,-74.04,38.815590,20650.116968,20190901_063142
16,KDOX20190901_102203_V06,-8,0.498,299.09,377.009399,61.485390,-75.45,38.478698,30742.694855,20190901_062203
16,KDOX20190901_103142_V06,1,0.158,294.80,380.279801,70.871621,-75.47,38.463964,35435.810647,20190901_063142
34,KDOX20190901_111017_V06,40,0.059,445.49,154.807831,29.010193,-74.59,39.476425,14505.096436,20190901_071017
34,KDOX20190901_111957_V06,49,0.089,446.19,153.215163,36.876130,-74.59,39.483568,18438.064863,20190901_071957
38,KDOX20190901_111957_V06,49,0.123,38.57,434.209473,50.053589,-76.93,38.211473,25026.794434,20190901_071957
38,KDOX20190901_112936_V06,59,0.166,42.29,420.130988,61.286639,-76.91,38.275147,30643.319593,20190901_072936
38,KDOX20190901_113916_V06,69,0.062,37.21,454.201660,45.355793,-76.94,38.121337,22677.896500,20190901_073916
10,KDOX20190901_101224_V06,-18,0.191,388.99,262.129059,14.288712,-74.93,38.995001,7144.355774,20190901_061224
21,KDOX20190901_103142_V06,1,0.128,187.67,312.295837,19.317795,-76.09,38.768391,9658.897400,20190901_063142
24,KDOX20190901_104120_V06,11,0.468,176.35,59.939209,16.062538,-76.16,39.904476,8031.269073,20190901_064120
29,KDOX20190901_110038_V06,30,0.443,296.28,507.757141,13.908512,-75.46,37.889743,6954.256058,20190901_070038
29,KDOX20190901_111017_V06,40,-1.000,296.28,507.757141,29.808512,-75.46,37.889743,14904.256058,20190901_071017
29,KDOX20190901_111957_V06,49,0.063,309.46,509.165375,9.153660,-75.39,37.883388,4576.829910,20190901_071957
35,KDOX20190901_111017_V06,40,0.057,322.76,289.440125,23.598969,-75.31,38.873048,11799.484253,20190901_071017
41,KDOX20190901_112936_V06,59,0.117,527.20,280.038605,26.205910,-74.13,38.908128,13102.954865,20190901_072936
6,KDOX20190908_102429_V06,-12,0.961,288.07,149.218384,8.780304,-75.51,39.504622,4390.151978,20190908_062429
6,KDOX20190908_103410_V06,-2,0.959,290.39,153.662013,17.412780,-75.50,39.484617,8706.389752,20190908_063410
6,KDOX20190908_104349_V06,7,0.916,293.98,158.453044,25.803301,-75.47,39.463049,12901.650325,20190908_064349
6,KDOX20190908_104913_V06,13,0.918,295.50,161.832146,29.719009,-75.47,39.447833,14859.504367,20190908_064913
6,KDOX20190908_110029_V06,24,0.962,299.10,167.467025,39.451559,-75.45,39.422459,19725.779700,20190908_070029
6,KDOX20190908_111009_V06,34,0.871,299.48,170.887276,46.452045,-75.44,39.407056,23226.022685,20190908_071009
6,KDOX20190908_111949_V06,43,0.753,311.35,160.496460,32.743210,-75.37,39.453833,16371.604919,20190908_071949
6,KDOX20190908_112929_V06,53,0.586,316.90,157.349008,37.211111,-75.34,39.467985,18605.555465,20190908_072929
5,KDOX20190908_102429_V06,-12,0.972,427.29,184.895172,10.608261,-74.70,39.341646,5304.130554,20190908_062429
5,KDOX20190908_103410_V06,-2,0.952,430.73,191.412650,16.927710,-74.68,39.312168,8463.855057,20190908_063410
5,KDOX20190908_104349_V06,7,0.642,433.39,194.720619,22.564840,-74.67,39.297170,11282.420212,20190908_064349
5,KDOX20190908_104913_V06,13,0.058,433.47,203.849958,29.546743,-74.67,39.256054,14773.371298,20190908_064913
9,KDOX20190908_102429_V06,-12,0.324,208.72,326.531128,13.055862,-75.96,38.704883,6527.931213,20190908_062429
9,KDOX20190908_103410_V06,-2,0.443,204.53,328.367677,24.563355,-75.99,38.696501,12281.677277,20190908_063410
9,KDOX20190908_104349_V06,7,0.078,200.08,331.585218,28.203549,-76.01,38.681886,14101.774279,20190908_064349
9,KDOX20190908_104913_V06,13,0.071,199.81,342.577094,27.932027,-76.02,38.632371,13966.013306,20190908_064913
12,KDOX20190908_102429_V06,-12,0.184,205.18,199.554718,11.135590,-75.99,39.276661,5567.794800,20190908_062429
12,KDOX20190908_103410_V06,-2,0.115,208.97,201.125786,18.914727,-75.97,39.269687,9457.363643,20190908_063410
12,KDOX20190908_104349_V06,7,0.314,213.63,208.131251,19.709442,-75.94,39.238255,9854.720776,20190908_064349
12,KDOX20190908_104913_V06,13,0.247,215.45,213.360106,24.759731,-75.93,39.214751,12379.865739,20190908_064913
7,KDOX20190908_102429_V06,-12,0.566,462.55,142.038971,8.395996,-74.49,39.533169,4197.998047,20190908_062429
7,KDOX20190908_103410_V06,-2,0.879,469.06,144.706271,21.428410,-74.46,39.520847,10714.205113,20190908_063410
7,KDOX20190908_104349_V06,7,0.135,475.87,149.119261,25.943963,-74.42,39.500637,12971.981664,20190908_064349
11,KDOX20190908_102429_V06,-12,0.201,323.67,180.599548,2.751709,-75.30,39.363236,1375.854492,20190908_062429
11,KDOX20190908_103410_V06,-2,0.349,325.82,183.586809,13.134229,-75.29,39.349767,6567.114667,20190908_063410
22,KDOX20190908_104349_V06,7,0.096,64.20,253.055817,64.042206,-76.80,39.029070,32021.102905,20190908_064349
22,KDOX20190908_104913_V06,13,0.141,64.41,253.934972,71.456473,-76.80,39.025125,35728.236386,20190908_064913
31,KDOX20190908_111949_V06,43,0.063,41.04,303.271088,41.845905,-76.93,38.801316,20922.952652,20190908_071949
31,KDOX20190908_112929_V06,53,0.062,45.60,311.446471,54.965302,-76.90,38.764833,27482.651068,20190908_072929
3,KDOX20190908_101449_V06,-22,0.078,278.06,446.351654,75.703606,-75.57,38.166286,37851.802826,20190908_061449
3,KDOX20190908_102429_V06,-12,0.076,248.94,419.464111,20.427872,-75.73,38.287102,10213.935852,20190908_062429
8,KDOX20190908_102429_V06,-12,0.395,389.19,203.033905,12.856903,-74.92,39.261141,6428.451538,20190908_062429
19,KDOX20190908_103410_V06,-2,0.123,324.90,92.353882,8.215652,-75.29,39.760635,4107.826233,20190908_063410
20,KDOX20190908_103410_V06,-2,0.070,401.02,264.252197,25.610748,-74.86,38.985113,12805.374146,20190908_063410
20,KDOX20190908_104349_V06,7,-1.000,401.02,264.252197,39.920748,-74.86,38.985113,19960.374146,20190908_064349
20,KDOX20190908_104913_V06,13,0.232,400.61,281.398926,27.620514,-74.86,38.907900,13810.256958,20190908_064913
24,KDOX20190908_104913_V06,13,0.398,200.68,79.423279,19.275742,-76.02,39.817526,9637.870789,20190908_064913
29,KDOX20190908_111949_V06,43,0.099,214.04,417.226746,6.302612,-75.93,38.296509,3151.306152,20190908_071949
33,KDOX20190908_112929_V06,53,0.073,128.98,305.243225,25.898788,-76.42,38.797797,12949.394226,20190908_072929
1,KDOX20190918_102852_V06,-17,0.322,280.19,149.848846,5.247452,-75.56,39.501747,2623.725891,20190918_062852
1,KDOX20190918_103829_V06,-7,0.980,278.44,147.370728,9.246892,-75.57,39.512896,4623.445757,20190918_063829
1,KDOX20190918_104807_V06,3,0.927,274.30,149.771727,17.200173,-75.59,39.502055,8600.086695,20190918_064807
1,KDOX20190918_110723_V06,22,0.923,277.53,156.056308,27.439484,-75.57,39.473775,13719.741793,20190918_070723
1,KDOX20190918_111701_V06,32,0.935,287.06,163.329030,30.243187,-75.52,39.441071,15121.593523,20190918_071701
1,KDOX20190918_112639_V06,41,-1.000,295.40,169.751258,32.847718,-75.47,39.412169,16423.859043,20190918_072639
1,KDOX20190918_113616_V06,51,0.090,279.10,176.876294,45.010469,-75.56,39.380021,22505.234514,20190918_073616
1,KDOX20190918_114553_V06,60,0.072,256.55,168.102203,4.561218,-75.69,39.419328,2280.609131,20190918_074553
1,KDOX20190918_120509_V06,80,0.861,276.99,143.917185,19.551878,-75.57,39.528440,9775.939168,20190918_080509
1,KDOX20190918_121447_V06,89,0.868,273.63,142.259728,23.243204,-75.59,39.535880,11621.602024,20190918_081447
4,KDOX20190918_102852_V06,-17,0.054,296.34,155.665466,16.981644,-75.46,39.475606,8490.821838,20190918_062852
4,KDOX20190918_103829_V06,-7,0.224,320.59,160.236261,26.629982,-75.32,39.454962,13314.990761,20190918_063829
4,KDOX20190918_104807_V06,3,-1.000,343.47,164.548331,36.632187,-75.19,39.435332,18316.093518,20190918_064807
4,KDOX20190918_110723_V06,22,0.782,398.06,200.092188,35.381760,-74.87,39.274151,17690.879814,20190918_070723
4,KDOX20190918_111701_V06,32,0.602,402.00,209.705476,36.563111,-74.85,39.230744,18281.555452,20190918_071701
4,KDOX20190918_112639_V06,41,0.392,393.95,219.695688,45.934221,-74.90,39.185978,22967.110707,20190918_072639
12,KDOX20190918_103829_V06,-7,0.099,196.52,319.385101,8.994759,-76.04,38.736732,4497.379303,20190918_063829
12,KDOX20190918_104807_V06,3,0.327,195.65,320.646747,18.204847,-76.04,38.731024,9102.423666,20190918_064807
12,KDOX20190918_110723_V06,22,0.107,194.11,358.266377,28.311960,-76.05,38.561540,14155.979877,20190918_070723
12,KDOX20190918_111701_V06,32,0.180,190.19,365.318774,31.116103,-76.07,38.529656,15558.051519,20190918_071701
18,KDOX20190918_104807_V06,3,0.081,186.60,69.747070,16.372444,-76.10,39.860664,8186.222076,20190918_064807
18,KDOX20190918_110723_V06,22,0.476,186.63,56.244194,29.222666,-76.10,39.921468,14611.332973,20190918_070723
18,KDOX20190918_111701_V06,32,0.088,174.20,56.999383,41.095011,-76.18,39.917636,20547.505325,20190918_071701
5,KDOX20190918_103829_V06,-7,0.967,416.63,183.158234,9.951904,-74.76,39.349841,4975.952148,20190918_063829
5,KDOX20190918_104807_V06,3,0.914,413.13,189.443941,18.594183,-74.78,39.321649,9297.091700,20190918_064807
6,KDOX20190918_103829_V06,-7,0.911,205.96,197.327759,8.432510,-75.99,39.286711,4216.255188,20190918_063829
6,KDOX20190918_104807_V06,3,0.344,203.98,199.518054,19.480475,-76.00,39.276793,9740.237724,20190918_064807
7,KDOX20190918_103829_V06,-7,0.822,450.91,143.478790,12.791992,-74.56,39.527211,6395.996094,20190918_063829
7,KDOX20190918_104807_V06,3,0.780,450.46,148.894233,19.651800,-74.57,39.502844,9825.899997,20190918_064807
10,KDOX20190918_103829_V06,-7,0.128,367.41,257.009552,29.999786,-75.05,39.018539,14999.893188,20190918_063829
10,KDOX20190918_104807_V06,3,0.108,364.68,258.607558,40.469064,-75.07,39.011393,20234.532233,20190918_064807
15,KDOX20190918_104807_V06,3,0.344,209.51,495.277039,20.599518,-75.95,37.944823,10299.758911,20190918_064807
15,KDOX20190918_110723_V06,22,0.064,238.23,524.289212,33.463727,-75.79,37.814742,16731.863276,20190918_070723
17,KDOX20190918_104807_V06,3,0.108,120.56,50.030273,10.965906,-76.49,39.946638,5482.953072,20190918_064807
17,KDOX20190918_110723_V06,22,0.244,130.86,38.613873,28.174607,-76.43,39.998565,14087.303383,20190918_070723
29,KDOX20190918_112639_V06,41,0.054,205.53,315.017487,10.125549,-75.98,38.756656,5062.774658,20190918_072639
29,KDOX20190918_113616_V06,51,0.088,201.78,314.836755,18.483787,-76.00,38.757368,9241.893678,20190918_073616
29,KDOX20190918_114553_V06,60,-1.000,198.60,314.683303,26.390405,-76.02,38.757969,13195.202279,20190918_074553
29,KDOX20190918_120509_V06,80,0.056,195.72,314.015228,13.925941,-76.04,38.760894,6962.970734,20190918_080509
38,KDOX20190918_120509_V06,80,0.835,411.79,188.871704,13.729141,-74.79,39.324270,6864.570618,20190918_080509
38,KDOX20190918_121447_V06,89,0.113,415.90,187.428937,22.548872,-74.77,39.330633,11274.436126,20190918_081447
16,KDOX20190918_104807_V06,3,0.152,202.52,346.204224,15.754124,-76.00,38.616110,7877.061844,20190918_064807
22,KDOX20190918_110723_V06,22,0.061,367.24,302.810822,18.308975,-75.05,38.812259,9154.487610,20190918_070723
23,KDOX20190918_111701_V06,32,0.210,357.23,413.896973,2.380630,-75.11,38.312085,1190.315247,20190918_071701
25,KDOX20190918_111701_V06,32,0.071,297.69,358.119537,22.598652,-75.45,38.563782,11299.325943,20190918_071701
35,KDOX20190918_113616_V06,51,0.053,481.24,416.774414,12.408005,-74.40,38.294974,6204.002380,20190918_073616
36,KDOX20190918_114553_V06,60,0.091,359.26,412.955566,2.181900,-75.10,38.316292,1090.950012,20190918_074553
39,KDOX20190918_120509_V06,80,0.057,314.03,516.544983,22.971550,-75.36,37.850130,11485.774994,20190918_080509
1,KDOX20190923_103744_V06,-13,0.159,203.43,318.051941,2.118187,-76.00,38.742932,1059.093475,20190923_063744
1,KDOX20190923_104723_V06,-3,0.078,200.68,316.418291,20.339900,-76.01,38.750214,10169.950022,20190923_064723
5,KDOX20190923_104723_V06,-3,0.845,307.59,134.223724,8.149139,-75.40,39.572162,4074.569702,20190923_064723
5,KDOX20190923_110640_V06,16,0.232,318.96,125.921051,32.396995,-75.33,39.609509,16198.497528,20190923_070640
7,KDOX20190923_110640_V06,16,0.055,42.05,396.299011,56.036087,-76.92,38.382457,28018.043518,20190923_070640
7,KDOX20190923_111619_V06,26,0.097,37.33,402.357933,61.994201,-76.94,38.354826,30997.100694,20190923_071619
7,KDOX20190923_112557_V06,35,0.082,34.30,422.552612,53.140129,-76.96,38.263655,26570.064545,20190923_072557
2,KDOX20190923_103744_V06,-13,0.146,262.81,328.484863,12.178120,-75.65,38.697067,6089.059830,20190923_063744
8,KDOX20190923_111619_V06,26,0.067,52.63,217.796478,28.134598,-76.87,39.187044,14067.298889,20190923_071619
2,KDOX20190929_104422_V06,-11,0.147,280.85,367.552490,2.130928,-75.55,38.521243,1065.464020,20190929_064422
2,KDOX20190929_110338_V06,8,0.811,219.97,366.883964,15.348912,-75.90,38.523403,7674.456125,20190929_070338
2,KDOX20190929_111315_V06,18,0.918,216.35,377.667527,16.931510,-75.92,38.474748,8465.755243,20190929_071315
2,KDOX20190929_112253_V06,27,0.104,216.61,392.495021,24.031811,-75.92,38.407968,12015.905550,20190929_072253
2,KDOX20190929_113230_V06,37,0.436,187.31,365.566381,36.046002,-76.09,38.528450,18023.001121,20190929_073230
2,KDOX20190929_114208_V06,47,-1.000,163.61,346.869503,47.218588,-76.22,38.611828,23609.294146,20190929_074208
2,KDOX20190929_120123_V06,66,0.086,206.67,340.015472,2.663361,-75.98,38.644096,1331.680298,20190929_080123
2,KDOX20190929_121100_V06,76,0.059,207.32,342.840097,11.364616,-75.97,38.631391,5682.307883,20190929_081100
5,KDOX20190929_110338_V06,8,0.988,269.40,169.209167,24.613773,-75.62,39.414479,12306.886673,20190929_070338
5,KDOX20190929_111315_V06,18,0.988,265.80,175.917552,33.813557,-75.64,39.384234,16906.778591,20190929_071315
5,KDOX20190929_112253_V06,27,0.980,262.82,183.403230,44.395478,-75.66,39.350491,22197.739232,20190929_072253
5,KDOX20190929_113230_V06,37,0.880,264.28,189.765310,48.033005,-75.65,39.321854,24016.502666,20190929_073230
5,KDOX20190929_114208_V06,47,-1.000,265.63,196.168248,51.842961,-75.64,39.293031,25921.480560,20190929_074208
5,KDOX20190929_120123_V06,66,0.074,284.26,172.864380,11.094208,-75.53,39.398117,5547.103882,20190929_080123
5,KDOX20190929_121100_V06,76,0.086,283.91,173.295650,19.182620,-75.53,39.396173,9591.309861,20190929_081100
5,KDOX20190929_122039_V06,85,0.282,282.46,179.806487,18.750929,-75.54,39.366844,9375.464417,20190929_082039
6,KDOX20190929_110338_V06,8,0.900,197.93,339.691681,13.918049,-76.03,38.645313,6959.024429,20190929_070338
6,KDOX20190929_111315_V06,18,0.943,196.24,348.378150,21.870998,-76.04,38.606140,10935.498879,20190929_071315
6,KDOX20190929_112253_V06,27,0.919,192.93,352.963462,26.600987,-76.05,38.585389,13300.493292,20190929_072253
7,KDOX20190929_110338_V06,8,0.723,429.19,217.786591,8.766983,-74.69,39.193452,4383.491516,20190929_070338
7,KDOX20190929_111315_V06,18,0.850,421.64,219.790951,22.497825,-74.74,39.184696,11248.912439,20190929_071315
7,KDOX20190929_112253_V06,27,0.458,415.63,224.915557,27.454395,-74.77,39.161821,13727.197375,20190929_072253
8,KDOX20190929_110338_V06,8,0.394,355.45,421.958221,5.151520,-75.12,38.275802,2575.759888,20190929_070338
8,KDOX20190929_111315_V06,18,0.828,355.48,425.312470,9.579588,-75.12,38.260692,4789.793868,20190929_071315
8,KDOX20190929_112253_V06,27,0.088,353.01,430.787657,9.617488,-75.14,38.236067,4808.744073,20190929_072253
1,KDOX20190929_104422_V06,-11,0.172,316.92,293.366547,8.504837,-75.34,38.855396,4252.418518,20190929_064422
1,KDOX20190929_110338_V06,8,0.217,324.94,311.304472,24.235252,-75.30,38.774556,12117.625956,20190929_070338
1,KDOX20190929_111315_V06,18,0.163,331.61,316.795197,17.478836,-75.26,38.749772,8739.418030,20190929_071315
29,KDOX20190929_121100_V06,76,0.156,296.62,45.310791,34.213898,-75.46,39.972568,17106.948853,20190929_081100
29,KDOX20190929_122039_V06,85,0.210,292.51,49.607028,43.765634,-75.48,39.953215,21882.817031,20190929_082039
14,KDOX20190929_110338_V06,8,0.056,66.31,313.199097,29.713135,-76.78,38.758373,14856.567383,20190929_070338
14,KDOX20190929_111315_V06,18,-1.000,66.31,313.199097,45.613135,-76.78,38.758373,22806.567383,20190929_071315
14,KDOX20190929_112253_V06,27,0.070,73.16,343.569946,40.565559,-76.74,38.622047,20282.779694,20190929_072253
17,KDOX20190929_111315_V06,18,0.065,360.66,372.473450,12.126640,-75.09,38.498611,6063.320160,20190929_071315
21,KDOX20190929_112253_V06,27,0.082,327.33,62.134155,13.433304,-75.28,39.896703,6716.651917,20190929_072253
31,KDOX20190929_121100_V06,76,0.066,212.68,133.257904,52.485123,-75.95,39.575421,26242.561340,20190929_081100
1,KDOX20191024_110733_V06,-13,0.881,283.17,146.938721,5.526108,-75.54,39.514868,2763.053894,20191024_070733
1,KDOX20191024_111609_V06,-4,0.983,282.58,149.544193,16.755530,-75.54,39.503131,8377.765119,20191024_071609
1,KDOX20191024_112437_V06,4,0.967,284.60,154.439115,31.329281,-75.53,39.481097,15664.640631,20191024_072437
1,KDOX20191024_113319_V06,13,0.978,284.98,156.915801,39.973571,-75.53,39.469945,19986.785549,20191024_073319
1,KDOX20191024_114204_V06,22,0.962,287.26,159.056418,49.557406,-75.51,39.460313,24778.702987,20191024_074204
1,KDOX20191024_115048_V06,30,0.964,290.32,162.375847,56.921333,-75.50,39.445374,28460.666412,20191024_075048
1,KDOX20191024_120814_V06,48,-1.000,297.13,169.718933,73.591874,-75.46,39.412317,36795.937034,20191024_080814
1,KDOX20191024_121657_V06,56,0.070,267.47,184.064941,26.803299,-75.63,39.347558,13401.649475,20191024_081657
7,KDOX20191024_111609_V06,-4,0.935,202.68,343.620789,14.074760,-76.00,38.627750,7037.380219,20191024_071609
7,KDOX20191024_112437_V06,4,0.900,201.00,346.649636,22.585809,-76.01,38.614061,11292.904624,20191024_072437
7,KDOX20191024_113319_V06,13,0.814,202.85,348.512900,27.794264,-76.00,38.605720,13897.132042,20191024_073319
7,KDOX20191024_114204_V06,22,0.162,201.77,356.624084,30.878799,-76.00,38.569157,15439.399390,20191024_074204
2,KDOX20191024_110733_V06,-13,0.262,302.86,243.247437,10.896759,-75.42,39.081167,5448.379517,20191024_070733
2,KDOX20191024_111609_V06,-4,0.368,300.07,244.584852,23.626157,-75.44,39.075145,11813.078385,20191024_071609
2,KDOX20191024_112437_V06,4,0.359,305.22,250.583936,28.947848,-75.41,39.048122,14473.923790,20191024_072437
8,KDOX20191024_111609_V06,-4,0.414,423.67,190.925537,13.248367,-74.72,39.314619,6624.183655,20191024_071609
8,KDOX20191024_112437_V06,4,0.964,422.86,201.103540,18.887432,-74.73,39.268812,9443.716193,20191024_072437
8,KDOX20191024_113319_V06,13,0.922,421.47,209.123624,24.194209,-74.74,39.232742,12097.104401,20191024_073319
9,KDOX20191024_112437_V06,4,0.979,187.21,407.033020,20.921356,-76.09,38.341675,10460.678101,20191024_072437
9,KDOX20191024_113319_V06,13,0.960,188.68,404.588049,34.274452,-76.08,38.352734,17137.226129,20191024_073319
9,KDOX20191024_114204_V06,22,0.842,187.83,407.926046,40.809409,-76.08,38.337673,20404.704704,20191024_074204
9,KDOX20191024_115048_V06,30,0.371,193.21,430.782715,32.846527,-76.05,38.234885,16423.263550,20191024_075048
4,KDOX20191024_110733_V06,-13,0.112,387.51,266.811249,7.705658,-74.94,38.973951,3852.828979,20191024_070733
4,KDOX20191024_111609_V06,-4,0.120,384.46,269.220343,20.366378,-74.95,38.963175,10183.189054,20191024_071609
4,KDOX20191024_112437_V06,4,0.118,361.39,260.215790,46.654694,-75.09,39.004209,23327.346802,20191024_072437
5,KDOX20191024_110733_V06,-13,0.057,379.71,205.040680,2.056870,-74.98,39.252333,1028.434753,20191024_070733
5,KDOX20191024_111609_V06,-4,-1.000,379.71,205.040680,16.366870,-74.98,39.252333,8183.434753,20191024_071609
5,KDOX20191024_112437_V06,4,0.211,378.67,215.776831,21.776920,-74.98,39.204005,10888.459998,20191024_072437
6,KDOX20191024_110733_V06,-13,0.053,263.90,341.579285,6.384552,-75.65,38.638099,3192.276001,20191024_070733
13,KDOX20191024_114204_V06,22,0.188,354.25,365.724060,23.416252,-75.13,38.529116,11708.126068,20191024_074204
15,KDOX20191024_120814_V06,48,0.050,373.03,205.877716,6.530243,-75.02,39.248709,3265.121460,20191024_080814
1,KDOX20191028_111326_V06,-11,0.972,281.49,154.787598,10.922729,-75.55,39.479512,5461.364746,20191028_071326
1,KDOX20191028_112304_V06,-1,0.982,280.45,166.591987,22.173204,-75.55,39.426345,11086.601831,20191028_072304
1,KDOX20191028_113243_V06,8,0.958,278.23,176.427540,35.729190,-75.57,39.382037,17864.595004,20191028_073243
1,KDOX20191028_114221_V06,18,0.900,276.87,184.488411,45.833271,-75.57,39.345725,22916.635583,20191028_074221
1,KDOX20191028_120138_V06,37,0.246,273.15,193.396420,59.796148,-75.60,39.305581,29898.074137,20191028_080138
10,KDOX20191028_111326_V06,-11,0.065,296.37,382.162262,66.721649,-75.46,38.455487,33360.824585,20191028_071326
10,KDOX20191028_112304_V06,-1,0.235,290.80,388.114892,74.212809,-75.49,38.428664,37106.404598,20191028_072304
10,KDOX20191028_113243_V06,8,0.051,278.08,412.725044,74.385132,-75.57,38.317756,37192.565897,20191028_073243
16,KDOX20191028_112304_V06,-1,0.275,364.62,270.615784,40.251785,-75.07,38.957311,20125.892639,20191028_072304
16,KDOX20191028_113243_V06,8,0.248,355.19,272.327590,55.161275,-75.12,38.949762,27580.637401,20191028_073243
16,KDOX20191028_114221_V06,18,0.238,344.52,284.913008,59.332836,-75.18,38.893230,29666.418217,20191028_074221
23,KDOX20191028_122056_V06,56,0.054,371.74,217.483063,2.087280,-75.02,39.196469,1043.640137,20191028_082056
23,KDOX20191028_123034_V06,66,0.056,381.32,217.748309,9.704030,-74.97,39.195065,4852.015131,20191028_083034
23,KDOX20191028_124012_V06,76,0.076,370.14,206.020674,19.510726,-75.03,39.248124,9755.363135,20191028_084012
2,KDOX20191028_111326_V06,-11,0.955,203.15,357.423401,10.049988,-76.00,38.565595,5024.993896,20191028_071326
2,KDOX20191028_112304_V06,-1,0.693,197.73,369.412021,21.919380,-76.03,38.511445,10959.689757,20191028_072304
3,KDOX20191028_111326_V06,-11,0.933,192.82,416.997009,12.786102,-76.05,38.296968,6393.051147,20191028_071326
3,KDOX20191028_112304_V06,-1,0.964,188.84,427.108372,22.538718,-76.07,38.251302,11269.359070,20191028_072304
25,KDOX20191028_123034_V06,66,0.050,278.61,160.001099,2.275177,-75.56,39.456017,1137.588501,20191028_083034
25,KDOX20191028_124012_V06,76,0.065,282.80,150.615376,9.847135,-75.54,39.498309,4923.567251,20191028_084012
4,KDOX20191028_111326_V06,-11,0.371,260.64,502.338593,10.840473,-75.66,37.913938,5420.236588,20191028_071326
6,KDOX20191028_111326_V06,-11,0.135,350.70,230.937927,65.837250,-75.15,39.136241,32918.624878,20191028_071326
8,KDOX20191028_111326_V06,-11,0.078,267.04,511.888824,11.221294,-75.63,37.870981,5610.647202,20191028_071326
13,KDOX20191028_111326_V06,-11,0.052,281.95,175.705048,7.179581,-75.54,39.385312,3589.790344,20191028_071326
17,KDOX20191028_112304_V06,-1,0.171,434.52,196.759064,14.998550,-74.66,39.287947,7499.275208,20191028_072304
18,KDOX20191028_113243_V06,8,0.095,201.48,327.998871,8.072441,-76.01,38.698078,4036.220551,20191028_073243
20,KDOX20191028_121117_V06,47,0.075,388.95,207.761383,12.514938,-74.92,39.239856,6257.469177,20191028_081117
21,KDOX20191028_121117_V06,47,0.064,170.04,341.337830,7.788174,-76.19,38.636984,3894.086838,20191028_081117
24,KDOX20191028_123034_V06,66,0.057,283.78,166.045593,7.674759,-75.53,39.428823,3837.379456,20191028_083034
1,KDOX20191101_112007_V06,-8,0.126,280.00,412.134064,12.805367,-75.55,38.320429,6402.683258,20191101_072007
2,KDOX20191101_112007_V06,-8,0.107,307.99,433.253479,29.995003,-75.39,38.225345,14997.501373,20191101_072007
9,KDOX20191103_112829_V06,-2,0.187,430.10,191.559418,7.687683,-74.69,39.311531,3843.841553,20191103_062829
9,KDOX20191103_113809_V06,8,0.240,431.11,197.306272,16.405216,-74.68,39.285612,8202.608213,20191103_063809
9,KDOX20191103_114748_V06,17,0.212,408.13,218.574181,18.105010,-74.81,39.190620,9052.505002,20191103_064748
9,KDOX20191103_120707_V06,37,0.278,381.60,240.275667,26.591299,-74.97,39.093603,13295.649706,20191103_070707
9,KDOX20191103_121646_V06,46,-1.000,369.11,250.711682,30.326867,-75.04,39.046870,15163.433613,20191103_071646
9,KDOX20191103_122626_V06,56,0.107,371.20,239.821966,36.456321,-75.03,39.095873,18228.160708,20191103_072626
9,KDOX20191103_123605_V06,66,0.117,373.79,244.181915,32.447372,-75.01,39.076183,16223.686218,20191103_073605
9,KDOX20191103_124545_V06,75,0.251,372.14,239.345267,40.280282,-75.02,39.098001,20140.141170,20191103_074545
1,KDOX20191103_111850_V06,-12,0.179,285.87,162.090424,6.404678,-75.52,39.446644,3202.339172,20191103_061850
2,KDOX20191103_111850_V06,-12,0.147,391.79,270.331665,6.432739,-74.91,38.957986,3216.369629,20191103_061850
5,KDOX20191103_111850_V06,-12,0.079,291.87,235.580353,6.447937,-75.49,39.115690,3223.968506,20191103_061850
10,KDOX20191103_112829_V06,-2,0.161,246.63,515.266907,35.252525,-75.74,37.855519,17626.262665,20191103_062829
15,KDOX20191103_122626_V06,56,0.223,427.02,199.836548,13.574997,-74.70,39.274369,6787.498474,20191103_072626
17,KDOX20191103_123605_V06,66,0.084,157.28,410.261475,5.222832,-76.26,38.326060,2611.415863,20191103_073605
8,KDOX20191109_112859_V06,-9,0.147,329.60,171.599243,3.780746,-75.27,39.403724,1890.373230,20191109_062859
8,KDOX20191109_113839_V06,1,0.132,344.02,181.826245,13.925644,-75.18,39.357514,6962.822032,20191109_063839
8,KDOX20191109_114818_V06,11,-1.000,357.62,191.474360,24.396302,-75.11,39.313864,12198.151091,20191109_064818
8,KDOX20191109_120738_V06,30,0.068,289.67,183.348042,27.293606,-75.50,39.350923,13646.802950,20191109_070738
8,KDOX20191109_121718_V06,40,0.314,281.37,170.999239,25.659646,-75.55,39.406502,12829.822995,20191109_071718
8,KDOX20191109_122658_V06,49,0.061,280.41,180.818426,30.120646,-75.55,39.362275,15060.322814,20191109_072658
12,KDOX20191109_112859_V06,-9,0.063,371.87,194.339844,3.220947,-75.02,39.300695,1610.473633,20191109_062859
12,KDOX20191109_113839_V06,1,0.063,367.61,191.975257,12.761718,-75.05,39.311429,6380.858776,20191109_063839
12,KDOX20191109_114818_V06,11,-1.000,363.58,189.744515,22.662444,-75.07,39.321551,11331.222118,20191109_064818
12,KDOX20191109_120738_V06,30,0.494,424.91,209.581201,24.246222,-74.72,39.230560,12123.111137,20191109_070738
12,KDOX20191109_121718_V06,40,0.095,435.57,220.686709,35.068851,-74.66,39.180150,17534.425732,20191109_071718
12,KDOX20191109_122658_V06,49,0.318,425.08,195.239502,8.673859,-74.72,39.295141,4336.929321,20191109_072658
5,KDOX20191109_112859_V06,-9,0.962,417.20,173.651062,14.505203,-74.76,39.392637,7252.601624,20191109_062859
5,KDOX20191109_113839_V06,1,0.910,420.53,177.219633,26.654542,-74.74,39.376452,13327.271164,20191109_063839
5,KDOX20191109_114818_V06,11,-1.000,423.68,180.586210,39.016183,-74.72,39.361181,19508.091486,20191109_064818
5,KDOX20191109_120738_V06,30,0.111,432.06,232.908891,41.720717,-74.68,39.125241,20860.358401,20191109_070738
2,KDOX20191109_110939_V06,-28,0.109,270.94,403.348938,12.021423,-75.61,38.359938,6010.711670,20191109_060939
2,KDOX20191109_111920_V06,-18,0.084,267.64,399.911716,21.722446,-75.63,38.375392,10861.222927,20191109_061920
4,KDOX20191109_111920_V06,-18,0.061,286.09,235.844208,2.131073,-75.52,39.114484,1065.536499,20191109_061920
4,KDOX20191109_112859_V06,-9,0.294,284.73,235.183719,11.842308,-75.53,39.117453,5921.154156,20191109_062859
34,KDOX20191109_123638_V06,59,0.320,142.60,345.918762,30.108139,-76.34,38.615238,15054.069519,20191109_073638
34,KDOX20191109_124618_V06,69,0.111,142.97,345.297912,37.019406,-76.34,38.618051,18509.702756,20191109_074618
35,KDOX20191109_123638_V06,59,0.065,373.25,213.596710,2.213821,-75.02,39.213941,1106.910706,20191109_073638
35,KDOX20191109_124618_V06,69,0.103,371.52,212.486507,11.586381,-75.03,39.218977,5793.190503,20191109_074618
1,KDOX20191109_110939_V06,-28,0.899,420.73,178.293823,16.886536,-74.74,39.371608,8443.267822,20191109_060939
10,KDOX20191109_112859_V06,-9,0.108,268.08,193.894531,5.719269,-75.63,39.303295,2859.634399,20191109_062859
14,KDOX20191109_113839_V06,1,0.723,360.96,150.079071,10.379654,-75.09,39.500232,5189.826965,20191109_063839
15,KDOX20191109_113839_V06,1,0.695,442.19,133.031128,18.725937,-74.61,39.574627,9362.968445,20191109_063839
16,KDOX20191109_113839_V06,1,0.147,472.38,141.989777,3.080063,-74.44,39.532917,1540.031433,20191109_063839
22,KDOX20191109_120738_V06,30,0.057,142.64,296.626770,27.724443,-76.35,38.837239,13862.221718,20191109_070738
22,KDOX20191109_121718_V06,40,-1.000,142.64,296.626770,43.624443,-76.35,38.837239,21812.221718,20191109_071718
22,KDOX20191109_122658_V06,49,0.063,141.12,300.434143,26.228273,-76.35,38.820023,13114.136696,20191109_072658
23,KDOX20191109_120738_V06,30,0.051,370.69,210.656311,2.509689,-75.03,39.227236,1254.844666,20191109_070738
26,KDOX20191109_121718_V06,40,0.153,182.18,163.235504,25.629608,-76.12,39.439521,12814.804077,20191109_071718
33,KDOX20191109_122658_V06,49,0.057,146.35,242.111755,15.541939,-76.33,39.082915,7770.969391,20191109_072658
33,KDOX20191109_123638_V06,59,-1.000,146.35,242.111755,31.441939,-76.33,39.082915,15720.969391,20191109_073638
33,KDOX20191109_124618_V06,69,0.055,149.21,247.082367,15.611862,-76.31,39.060655,7805.931091,20191109_074618
