track_id,filename,from_sunrise,det_score,x,y,r,lon,lat,radius,local_time
1,KFWS20200721_110710_V06,-29,0.639,429.20,217.785797,26.674088,-96.61,32.941551,13337.043762,20200721_060710
1,KFWS20200721_111419_V06,-22,0.738,429.53,215.904738,33.003112,-96.61,32.950021,16501.556025,20200721_061419
1,KFWS20200721_112129_V06,-15,0.826,430.85,213.114833,35.940446,-96.60,32.962560,17970.223003,20200721_062129
1,KFWS20200721_112827_V06,-8,0.947,428.03,213.481171,36.968987,-96.62,32.960991,18484.493603,20200721_062827
1,KFWS20200721_113525_V06,-1,0.973,425.81,211.085084,42.113583,-96.63,32.971858,21056.791734,20200721_063525
1,KFWS20200721_114220_V06,6,0.941,427.34,209.489211,49.118011,-96.62,32.979008,24559.005519,20200721_064220
1,KFWS20200721_114915_V06,13,0.839,434.33,203.890546,51.008425,-96.58,33.004040,25504.212502,20200721_064915
1,KFWS20200721_120333_V06,27,0.229,441.01,204.347873,52.700408,-96.55,33.001769,26350.204134,20200721_070333
9,KFWS20200721_112827_V06,-8,0.248,322.94,528.948425,32.878586,-97.18,31.540379,16439.292908,20200721_062827
9,KFWS20200721_113525_V06,-1,0.769,328.53,523.891829,34.136627,-97.15,31.563150,17068.313579,20200721_063525
9,KFWS20200721_114220_V06,6,0.955,323.60,520.632890,34.788289,-97.18,31.577874,17394.144483,20200721_064220
9,KFWS20200721_114915_V06,13,0.935,321.40,518.625362,41.205732,-97.19,31.586938,20602.866080,20200721_064915
9,KFWS20200721_120333_V06,27,0.057,309.49,520.845028,59.837155,-97.25,31.576969,29918.577476,20200721_070333
6,KFWS20200721_111419_V06,-22,0.203,300.44,223.479187,5.395416,-97.30,32.917779,2697.708130,20200721_061419
6,KFWS20200721_112129_V06,-15,0.528,299.76,218.691432,15.600058,-97.30,32.939365,7800.029028,20200721_062129
6,KFWS20200721_112827_V06,-8,0.598,297.96,212.130495,21.356085,-97.31,32.968944,10678.042524,20200721_062827
6,KFWS20200721_113525_V06,-1,0.068,296.01,213.933158,30.685250,-97.32,32.960815,15342.624830,20200721_063525
2,KFWS20200721_110710_V06,-29,0.451,344.84,278.880096,9.821365,-97.06,32.667775,4910.682678,20200721_060710
2,KFWS20200721_111419_V06,-22,0.726,343.35,270.353914,16.477712,-97.07,32.706231,8238.855831,20200721_061419
2,KFWS20200721_112129_V06,-15,0.739,339.09,264.992647,17.125800,-97.09,32.730442,8562.900035,20200721_062129
2,KFWS20200721_112827_V06,-8,-1.000,335.21,259.351199,18.588349,-97.11,32.755910,9294.174428,20200721_062827
2,KFWS20200721_113525_V06,-1,-1.000,331.32,253.709750,20.050898,-97.14,32.781374,10025.448822,20200721_063525
2,KFWS20200721_114220_V06,6,0.069,344.22,265.548711,29.368723,-97.07,32.727887,14684.361254,20200721_064220
8,KFWS20200721_111419_V06,-22,0.055,246.80,316.734070,2.382927,-97.59,32.497012,1191.463470,20200721_061419
10,KFWS20200721_112827_V06,-8,0.084,338.04,143.619080,16.572052,-97.10,33.277648,8286.026001,20200721_062827
12,KFWS20200721_114220_V06,6,0.074,423.05,42.033447,30.699295,-96.64,33.734015,15349.647522,20200721_064220
15,KFWS20200721_120333_V06,27,0.328,399.78,331.556183,7.452805,-96.77,32.429382,3726.402283,20200721_070333
3,KFWS20200726_112344_V06,-16,0.501,318.89,521.602173,21.095821,-97.20,31.573525,10547.910690,20200726_062344
3,KFWS20200726_113054_V06,-9,0.893,317.89,520.906771,26.790370,-97.21,31.576665,13395.185227,20200726_063054
3,KFWS20200726_113803_V06,-1,0.942,315.55,518.544297,31.077272,-97.22,31.587327,15538.635881,20200726_063803
3,KFWS20200726_114511_V06,6,0.838,310.94,512.107046,39.108813,-97.25,31.616369,19554.406729,20200726_064511
3,KFWS20200726_115221_V06,13,0.267,302.63,510.667084,48.843494,-97.29,31.622875,24421.747107,20200726_065221
8,KFWS20200726_114511_V06,6,0.455,340.85,271.035522,28.255539,-97.08,32.703182,14127.769470,20200726_064511
8,KFWS20200726_115221_V06,13,0.558,343.49,268.467534,35.873635,-97.07,32.714735,17936.817482,20200726_065221
8,KFWS20200726_120639_V06,27,0.123,335.88,270.362651,46.387888,-97.11,32.706259,23193.943987,20200726_070639
8,KFWS20200726_121348_V06,34,0.316,328.52,271.298398,52.469238,-97.15,32.702093,26234.618934,20200726_071348
8,KFWS20200726_122057_V06,41,-1.000,322.31,272.179457,58.360260,-97.18,32.698157,29180.129828,20200726_072057
8,KFWS20200726_122806_V06,49,0.260,319.07,273.320282,58.662261,-97.20,32.693028,29331.130352,20200726_072806
4,KFWS20200726_112344_V06,-16,0.213,299.86,224.513672,5.934525,-97.30,32.913115,2967.262268,20200726_062344
4,KFWS20200726_113054_V06,-9,0.064,298.58,222.697865,15.529437,-97.31,32.921302,7764.718702,20200726_063054
6,KFWS20200726_113803_V06,-1,0.531,404.48,334.739807,5.506470,-96.75,32.414919,2753.234863,20200726_063803
6,KFWS20200726_114511_V06,6,0.192,403.95,333.880084,14.033347,-96.75,32.418808,7016.673713,20200726_064511
11,KFWS20200726_115221_V06,13,0.306,251.29,305.433655,7.957699,-97.56,32.548014,3978.849411,20200726_065221
11,KFWS20200726_120639_V06,27,0.296,248.93,304.564808,14.446170,-97.57,32.551905,7223.085003,20200726_070639
1,KFWS20200726_111635_V06,-23,0.483,339.45,276.684723,12.755112,-97.09,32.677725,6377.555847,20200726_061635
10,KFWS20200726_114511_V06,6,0.065,331.32,99.282898,36.813644,-97.13,33.477574,18406.822205,20200726_064511
15,KFWS20200726_122057_V06,41,0.166,39.28,446.652557,42.460052,-98.68,31.903968,21230.026245,20200726_072057
18,KFWS20200726_124934_V06,70,0.640,355.66,266.106598,17.009628,-97.01,32.725243,8504.814148,20200726_074934
1,KFWS20201013_120937_V06,-23,0.141,442.05,296.735748,13.929626,-96.55,32.585221,6964.813232,20201013_070937
1,KFWS20201013_121647_V06,-16,0.225,442.40,299.796910,21.079217,-96.54,32.571408,10539.608678,20201013_071647
1,KFWS20201013_122357_V06,-9,0.444,439.94,311.630910,23.416531,-96.56,32.518133,11708.265716,20201013_072357
1,KFWS20201013_123106_V06,-1,0.436,436.91,321.171842,28.861487,-96.57,32.475212,14430.743511,20201013_073106
1,KFWS20201013_123815_V06,6,-1.000,434.39,329.863879,33.350470,-96.59,32.436100,16675.235121,20201013_073815
1,KFWS20201013_124524_V06,13,0.071,425.50,335.116713,35.265981,-96.64,32.412677,17632.990544,20201013_074524
3,KFWS20201013_122357_V06,-9,0.869,368.25,446.930481,18.943771,-96.94,31.909762,9471.885681,20201013_072357
3,KFWS20201013_123106_V06,-1,0.461,368.73,451.395566,25.685363,-96.94,31.889621,12842.681553,20201013_073106
4,KFWS20201013_122357_V06,-9,0.390,96.54,472.249512,13.312107,-98.38,31.791515,6656.053543,20201013_072357
4,KFWS20201013_123106_V06,-1,-1.000,96.54,472.249512,26.032107,-98.38,31.791515,13016.053543,20201013_073106
4,KFWS20201013_123815_V06,6,0.052,81.37,450.864545,40.800775,-98.46,31.887223,20400.387638,20201013_073815
6,KFWS20201013_123106_V06,-1,0.085,440.97,290.651245,26.770370,-96.55,32.612687,13385.185242,20201013_073106
1,KFWS20201024_122504_V06,-15,0.161,451.89,295.447754,5.626923,-96.49,32.590702,2813.461304,20201024_072504
1,KFWS20201024_123208_V06,-8,0.902,452.33,295.048156,12.660014,-96.49,32.592488,6330.007219,20201024_073208
1,KFWS20201024_123912_V06,-1,0.133,450.18,293.931885,16.118834,-96.50,32.597594,8059.417145,20201024_073912
1,KFWS20201024_124622_V06,6,0.120,446.17,301.540728,23.699747,-96.52,32.563424,11849.873263,20201024_074622
1,KFWS20201024_130024_V06,20,0.089,444.20,319.955959,35.000855,-96.54,32.480463,17500.427408,20201024_080024
1,KFWS20201024_130733_V06,27,0.704,444.05,323.493487,40.574302,-96.54,32.464519,20287.151154,20201024_080733
1,KFWS20201024_131431_V06,34,0.153,438.59,325.442659,40.604382,-96.57,32.455904,20302.190982,20201024_081431
2,KFWS20201024_123208_V06,-8,0.125,281.10,333.563385,16.421738,-97.40,32.421411,8210.868835,20201024_073208
2,KFWS20201024_123912_V06,-1,0.118,278.48,334.888178,25.042264,-97.42,32.415426,12521.131984,20201024_073912
5,KFWS20201024_132134_V06,41,0.102,350.57,308.092987,21.169647,-97.03,32.536003,10584.823608,20201024_082134
