track_id,filename,from_sunrise,det_score,x,y,r,lon,lat,radius,local_time
1,KDIX20160806_093703_V06,-24,0.153,289.59,383.273956,5.445717,-74.47,39.571918,2722.858429,20160806_053703
1,KDIX20160806_094017_V06,-21,0.432,290.04,382.617909,9.745092,-74.47,39.574873,4872.545876,20160806_054017
1,KDIX20160806_094331_V06,-18,0.837,291.93,380.301093,13.070084,-74.46,39.585312,6535.042010,20160806_054331
1,KDIX20160806_094645_V06,-15,0.873,297.77,379.993517,14.676453,-74.42,39.586706,7338.226337,20160806_054645
1,KDIX20160806_095000_V06,-11,0.891,304.95,377.694645,17.651578,-74.38,39.597056,8825.788880,20160806_055000
1,KDIX20160806_095314_V06,-8,0.746,309.09,378.966242,20.799409,-74.36,39.591321,10399.704319,20160806_055314
1,KDIX20160806_095628_V06,-5,0.650,308.01,382.137197,27.527741,-74.36,39.577043,13763.870419,20160806_055628
2,KDIX20160813_094728_V06,-20,0.329,299.10,383.866882,15.051712,-74.42,39.569263,7525.856018,20160813_054728
2,KDIX20160813_095721_V06,-10,0.151,309.70,385.540665,26.344556,-74.35,39.561712,13172.278191,20160813_055721
2,KDIX20160813_100714_V06,0,0.081,329.03,386.921843,33.278226,-74.24,39.555382,16639.113012,20160813_060714
2,KDIX20160813_101706_V06,10,0.105,330.34,391.371990,37.880381,-74.23,39.535330,18940.190652,20160813_061706
8,KDIX20160813_095721_V06,-10,0.933,122.13,391.654846,14.084009,-75.45,39.529561,7042.004585,20160813_055721
8,KDIX20160813_100714_V06,0,0.881,131.14,388.988118,26.030278,-75.39,39.542026,13015.138762,20160813_060714
8,KDIX20160813_101706_V06,10,0.912,141.24,388.813737,36.589493,-75.33,39.543296,18294.746271,20160813_061706
8,KDIX20160813_102700_V06,20,0.369,146.99,388.247846,46.584842,-75.30,39.546107,23292.420775,20160813_062700
10,KDIX20160813_095721_V06,-10,0.244,162.78,135.973236,15.511749,-75.22,40.682704,7755.874634,20160813_055721
10,KDIX20160813_100714_V06,0,0.238,162.56,138.541372,23.393372,-75.22,40.671133,11696.686142,20160813_060714
10,KDIX20160813_101706_V06,10,0.063,173.74,149.813574,24.283229,-75.16,40.620823,12141.614254,20160813_061706
23,KDIX20160813_105638_V06,49,0.134,22.39,274.701263,32.138092,-76.04,40.049459,16069.046021,20160813_065638
23,KDIX20160813_110631_V06,59,0.088,24.73,273.742116,43.602286,-76.02,40.053969,21801.142801,20160813_070631
23,KDIX20160813_111624_V06,69,0.058,27.04,284.589616,58.088258,-76.01,40.005321,29044.128958,20160813_071624
23,KDIX20160813_112617_V06,79,0.180,28.09,257.498291,45.977581,-76.01,40.127370,22988.790512,20160813_072617
4,KDIX20160813_094728_V06,-20,0.129,217.33,461.160278,11.120911,-74.89,39.220174,5560.455322,20160813_054728
4,KDIX20160813_095721_V06,-10,0.648,239.74,442.679577,34.487884,-74.76,39.303869,17243.942159,20160813_055721
11,KDIX20160813_095721_V06,-10,0.219,88.41,190.742645,8.563251,-75.66,40.432242,4281.625748,20160813_055721
11,KDIX20160813_100714_V06,0,0.086,93.88,194.577706,20.577251,-75.63,40.415316,10288.625314,20160813_060714
18,KDIX20160813_101706_V06,10,0.837,24.86,425.762360,26.862064,-76.01,39.369546,13431.032181,20160813_061706
18,KDIX20160813_102700_V06,20,0.942,31.53,429.116103,34.094601,-75.97,39.354974,17047.300630,20160813_062700
5,KDIX20160813_094728_V06,-20,0.116,260.33,424.083313,8.012768,-74.64,39.387919,4006.383896,20160813_054728
7,KDIX20160813_094728_V06,-20,0.061,257.38,435.850555,11.881721,-74.66,39.334889,5940.860748,20160813_054728
12,KDIX20160813_095721_V06,-10,0.208,204.17,281.084045,15.332275,-74.97,40.030762,7666.137695,20160813_055721
16,KDIX20160813_100714_V06,0,0.073,386.08,208.681091,15.721970,-73.90,40.357044,7860.984802,20160813_060714
21,KDIX20160813_102700_V06,20,0.077,191.80,175.991241,21.120430,-75.05,40.503593,10560.214996,20160813_062700
22,KDIX20160813_102700_V06,20,0.055,43.93,354.869904,69.256485,-75.90,39.690219,34628.242493,20160813_062700
2,KDIX20160822_095314_V06,-23,0.566,113.09,402.209534,7.676998,-75.50,39.481551,3838.499069,20160822_055314
2,KDIX20160822_100308_V06,-13,0.736,117.97,409.758211,17.285384,-75.47,39.447822,8642.691896,20160822_060308
2,KDIX20160822_101303_V06,-3,0.797,129.45,421.563831,27.286788,-75.40,39.395251,13643.393924,20160822_061303
2,KDIX20160822_102258_V06,6,0.697,146.94,430.909038,40.953686,-75.30,39.353993,20476.843054,20160822_062258
2,KDIX20160822_103253_V06,16,0.515,145.01,436.679149,42.741470,-75.31,39.327922,21370.734938,20160822_063253
2,KDIX20160822_104246_V06,26,0.312,152.02,439.169825,49.457493,-75.27,39.317015,24728.746722,20160822_064246
3,KDIX20160822_095314_V06,-23,0.361,205.87,466.933044,9.364931,-74.96,39.193881,4682.465553,20160822_055314
3,KDIX20160822_100308_V06,-13,0.279,209.71,471.690026,22.841506,-74.93,39.172560,11420.752831,20160822_060308
3,KDIX20160822_101303_V06,-3,0.655,219.90,486.179443,29.202619,-74.87,39.107557,14601.309522,20160822_061303
3,KDIX20160822_102258_V06,6,0.727,230.96,494.272524,40.302746,-74.81,39.071347,20151.373018,20160822_062258
3,KDIX20160822_103253_V06,16,0.061,238.11,497.871960,49.378170,-74.77,39.055271,24689.084764,20160822_063253
23,KDIX20160822_102258_V06,6,0.658,23.13,463.117981,24.850594,-76.01,39.201210,12425.296783,20160822_062258
23,KDIX20160822_103253_V06,16,0.640,30.59,471.776515,39.100327,-75.97,39.162815,19550.163297,20160822_063253
23,KDIX20160822_104246_V06,26,0.420,37.30,470.436579,45.854694,-75.93,39.169367,22927.346928,20160822_064246
23,KDIX20160822_105241_V06,36,0.094,42.32,462.933203,51.757176,-75.90,39.203533,25878.587926,20160822_065241
23,KDIX20160822_110235_V06,46,0.065,47.27,456.791029,54.858094,-75.87,39.231556,27429.047010,20160822_070235
14,KDIX20160822_101303_V06,-3,0.869,152.17,146.077698,12.758636,-75.28,40.636758,6379.318237,20160822_061303
14,KDIX20160822_102258_V06,6,0.909,155.56,154.884766,20.447885,-75.26,40.597254,10223.942551,20160822_062258
14,KDIX20160822_103253_V06,16,0.901,161.29,171.950087,29.293364,-75.23,40.520662,14646.681887,20160822_063253
14,KDIX20160822_104246_V06,26,0.623,174.24,188.926513,39.798026,-75.15,40.444738,19899.012774,20160822_064246
16,KDIX20160822_101303_V06,-3,0.328,80.44,188.224121,10.006756,-75.71,40.443067,5003.377914,20160822_061303
16,KDIX20160822_102258_V06,6,0.505,80.61,190.267333,18.787990,-75.70,40.433880,9393.995242,20160822_062258
16,KDIX20160822_103253_V06,16,0.274,104.85,204.208586,39.743343,-75.56,40.372612,19871.671581,20160822_063253
4,KDIX20160822_095314_V06,-23,0.345,246.40,443.774536,12.451275,-74.72,39.299048,6225.637436,20160822_055314
4,KDIX20160822_100308_V06,-13,0.253,250.34,449.167039,23.260555,-74.70,39.274822,11630.277313,20160822_060308
10,KDIX20160822_100308_V06,-13,0.483,370.97,224.425110,8.307190,-73.99,40.286505,4153.594971,20160822_060308
10,KDIX20160822_101303_V06,-3,0.070,372.43,224.288743,16.093448,-73.99,40.287088,8046.724230,20160822_061303
24,KDIX20160822_102258_V06,6,0.122,331.68,216.471222,17.512665,-74.22,40.322920,8756.332397,20160822_062258
24,KDIX20160822_103253_V06,16,0.124,343.20,214.450187,24.702117,-74.16,40.331892,12351.058440,20160822_063253
12,KDIX20160822_100308_V06,-13,0.064,257.53,518.664062,59.873814,-74.66,38.961920,29936.906815,20160822_060308
15,KDIX20160822_101303_V06,-3,0.450,210.20,151.951691,17.383499,-74.94,40.612376,8691.749573,20160822_061303
17,KDIX20160822_101303_V06,-3,0.312,289.26,214.133057,12.530594,-74.47,40.333581,6265.296936,20160822_061303
25,KDIX20160822_102258_V06,6,0.086,52.54,243.681152,35.472744,-75.86,40.191458,17736.371994,20160822_062258
27,KDIX20160822_102258_V06,6,0.058,274.65,149.148254,30.655197,-74.56,40.626110,15327.598572,20160822_062258
13,KDIX20160824_101457_V06,-4,0.402,11.89,429.016235,18.646069,-76.08,39.353830,9323.034286,20160824_061457
13,KDIX20160824_102656_V06,8,0.868,18.63,432.691998,29.982740,-76.04,39.337840,14991.370244,20160824_062656
13,KDIX20160824_103650_V06,18,0.901,25.99,436.907697,37.484078,-76.00,39.319454,18742.039054,20160824_063650
13,KDIX20160824_104645_V06,28,0.752,32.55,433.604114,50.541150,-75.96,39.334846,25270.574898,20160824_064645
13,KDIX20160824_105640_V06,38,0.731,34.62,422.941230,51.754716,-75.95,39.383018,25877.358009,20160824_065640
13,KDIX20160824_110634_V06,48,0.359,30.05,426.190488,61.430019,-75.98,39.368031,30715.009528,20160824_070634
13,KDIX20160824_111629_V06,58,0.128,33.08,408.642356,63.602350,-75.96,39.447279,31801.175127,20160824_071629
13,KDIX20160824_112624_V06,68,0.145,28.35,398.597212,60.409645,-75.99,39.492136,30204.822634,20160824_072624
13,KDIX20160824_113618_V06,78,0.086,35.43,399.612735,67.224043,-75.95,39.488118,33612.021383,20160824_073618
7,KDIX20160824_100504_V06,-13,0.902,111.93,392.434265,19.278986,-75.50,39.525505,9639.492989,20160824_060504
7,KDIX20160824_101457_V06,-4,0.724,110.27,391.220763,29.394943,-75.51,39.530878,14697.471637,20160824_061457
7,KDIX20160824_102656_V06,8,0.809,108.98,394.058042,41.043347,-75.52,39.518030,20521.673392,20160824_062656
7,KDIX20160824_103650_V06,18,0.594,102.52,399.113135,52.801669,-75.56,39.494900,26400.834425,20160824_063650
7,KDIX20160824_104645_V06,28,0.093,95.94,366.849304,37.671299,-75.60,39.639793,18835.649490,20160824_064645
7,KDIX20160824_105640_V06,38,0.073,96.61,362.834971,47.424816,-75.60,39.657909,23712.408185,20160824_065640
8,KDIX20160824_100504_V06,-13,0.188,252.60,430.260803,5.777267,-74.69,39.360000,2888.633728,20160824_060504
8,KDIX20160824_101457_V06,-4,0.480,256.12,431.963020,14.956364,-74.67,39.352381,7478.182058,20160824_061457
8,KDIX20160824_102656_V06,8,0.628,261.54,435.164663,21.651198,-74.63,39.338027,10825.598908,20160824_062656
8,KDIX20160824_103650_V06,18,0.189,259.87,437.641583,29.329871,-74.64,39.326853,14664.935455,20160824_063650
8,KDIX20160824_104645_V06,28,0.069,255.87,450.772217,26.351551,-74.67,39.267668,13175.775528,20160824_064645
2,KDIX20160824_095509_V06,-23,0.455,206.37,465.377106,20.630455,-74.95,39.200902,10315.227509,20160824_055509
6,KDIX20160824_095509_V06,-23,0.060,368.47,204.979431,9.865952,-74.01,40.374117,4932.975769,20160824_055509
6,KDIX20160824_100504_V06,-13,0.074,376.32,207.541321,8.278976,-73.96,40.362412,4139.488220,20160824_060504
11,KDIX20160824_100504_V06,-13,0.090,208.18,522.011780,41.987873,-74.94,38.945885,20993.936539,20160824_060504
22,KDIX20160824_111629_V06,58,0.113,276.54,338.129913,5.471710,-74.55,39.775152,2735.855103,20160824_071629
1,KDIX20160827_095118_V06,-30,0.948,274.82,401.173187,15.139359,-74.56,39.491232,7569.679260,20160827_055118
1,KDIX20160827_100113_V06,-20,0.088,274.06,399.361657,23.091368,-74.56,39.499385,11545.684055,20160827_060113
1,KDIX20160827_101106_V06,-10,0.186,266.78,404.401511,23.832527,-74.60,39.476625,11916.263567,20160827_061106
1,KDIX20160827_102059_V06,-1,-1.000,261.09,408.058665,25.497015,-74.64,39.460095,12748.507347,20160827_062059
1,KDIX20160827_103053_V06,9,0.600,267.50,403.943131,25.106038,-74.60,39.478696,12553.019190,20160827_063053
1,KDIX20160827_104047_V06,19,0.122,261.32,412.321813,28.242699,-74.64,39.440898,14121.349558,20160827_064047
1,KDIX20160827_105041_V06,29,0.147,263.99,422.863324,26.399246,-74.62,39.393454,13199.622880,20160827_065041
6,KDIX20160827_100113_V06,-20,0.785,101.78,395.555786,6.405109,-75.56,39.510876,3202.554703,20160827_060113
6,KDIX20160827_101106_V06,-10,0.467,97.80,395.381569,17.285690,-75.59,39.511427,8642.844823,20160827_061106
6,KDIX20160827_102059_V06,-1,0.720,89.35,407.987519,30.142156,-75.63,39.454154,15071.078052,20160827_062059
6,KDIX20160827_103053_V06,9,0.828,93.30,407.960178,35.652370,-75.61,39.454518,17826.185009,20160827_063053
6,KDIX20160827_104047_V06,19,0.589,98.56,412.455975,46.949253,-75.58,39.434587,23474.626697,20160827_064047
6,KDIX20160827_105041_V06,29,0.123,95.70,409.520682,53.740234,-75.60,39.447635,26870.116925,20160827_065041
14,KDIX20160827_101106_V06,-10,0.385,272.94,393.999725,12.424225,-74.57,39.523523,6212.112427,20160827_061106
14,KDIX20160827_102059_V06,-1,0.754,269.88,396.134449,20.717956,-74.59,39.513884,10358.977808,20160827_062059
14,KDIX20160827_103053_V06,9,0.571,300.33,392.815701,27.305288,-74.41,39.528963,13652.643756,20160827_063053
14,KDIX20160827_104047_V06,19,0.500,306.88,396.074573,29.885512,-74.37,39.514280,14942.756229,20160827_064047
35,KDIX20160827_112238_V06,61,0.527,174.14,321.081055,20.129745,-75.15,39.849675,10064.872742,20160827_072238
35,KDIX20160827_113231_V06,71,0.896,168.14,329.772390,21.486622,-75.18,39.810310,10743.311169,20160827_073231
35,KDIX20160827_114225_V06,81,0.553,158.81,339.027004,21.299707,-75.24,39.768262,10649.853405,20160827_074225
10,KDIX20160827_100113_V06,-20,0.125,416.49,130.164703,42.088196,-73.72,40.709645,21044.097900,20160827_060113
10,KDIX20160827_101106_V06,-10,-1.000,416.49,130.164703,57.988196,-73.72,40.709645,28994.097900,20160827_061106
10,KDIX20160827_102059_V06,-1,0.050,405.08,119.044853,58.686696,-73.79,40.760090,29343.348201,20160827_062059
13,KDIX20160827_101106_V06,-10,0.448,157.94,331.513824,6.367012,-75.24,39.802057,3183.506012,20160827_061106
13,KDIX20160827_102059_V06,-1,0.109,159.75,323.221073,19.303724,-75.23,39.839474,9651.861923,20160827_062059
15,KDIX20160827_101106_V06,-10,0.135,44.90,200.289734,28.108475,-75.91,40.386234,14054.237366,20160827_061106
15,KDIX20160827_102059_V06,-1,0.528,39.24,203.734920,39.194243,-75.95,40.370288,19597.121295,20160827_062059
20,KDIX20160827_101106_V06,-10,0.071,60.50,229.062866,4.840322,-75.82,40.257846,2420.160770,20160827_061106
20,KDIX20160827_102059_V06,-1,-1.000,60.50,229.062866,19.150322,-75.82,40.257846,9575.160770,20160827_062059
20,KDIX20160827_103053_V06,9,0.204,50.43,203.639597,31.005952,-75.88,40.371568,15502.975979,20160827_063053
34,KDIX20160827_111245_V06,51,0.055,293.92,426.309235,3.592705,-74.45,39.378118,1796.352386,20160827_071245
34,KDIX20160827_112238_V06,61,0.119,294.31,428.069309,11.850925,-74.44,39.370192,5925.462576,20160827_072238
12,KDIX20160827_101106_V06,-10,0.770,134.61,140.504639,11.235655,-75.39,40.661025,5617.827415,20160827_061106
21,KDIX20160827_101106_V06,-10,0.058,238.61,254.726257,45.525635,-74.77,40.150252,22762.817383,20160827_061106
21,KDIX20160827_102059_V06,-1,-1.000,238.61,254.726257,59.835635,-74.77,40.150252,29917.817383,20160827_062059
21,KDIX20160827_103053_V06,9,0.386,259.63,249.289886,29.696777,-74.65,40.175049,14848.388672,20160827_063053
22,KDIX20160827_102059_V06,-1,0.741,130.68,527.071045,15.540980,-75.39,38.920175,7770.490170,20160827_062059
24,KDIX20160827_102059_V06,-1,0.063,134.15,465.719788,28.857115,-75.37,39.196636,14428.557396,20160827_062059
26,KDIX20160827_103053_V06,9,0.330,30.19,321.571259,15.177745,-75.99,39.839078,7588.872433,20160827_063053
27,KDIX20160827_103053_V06,9,0.096,255.02,54.899414,39.187065,-74.68,41.050251,19593.532562,20160827_063053
28,KDIX20160827_104047_V06,19,0.073,326.03,271.924225,36.903473,-74.26,40.073267,18451.736450,20160827_064047
29,KDIX20160827_105041_V06,29,0.092,169.34,339.383575,23.399796,-75.17,39.767077,11699.897766,20160827_065041
30,KDIX20160827_105041_V06,29,0.076,408.58,128.410370,43.601471,-73.77,40.717811,21800.735474,20160827_065041
32,KDIX20160827_111245_V06,51,0.111,71.12,277.913879,31.741310,-75.75,40.038647,15870.655060,20160827_071245
33,KDIX20160827_111245_V06,51,0.090,36.39,438.352173,47.713562,-75.94,39.313764,23856.781006,20160827_071245
38,KDIX20160827_113231_V06,71,0.059,375.85,313.980652,42.634251,-73.97,39.883135,21317.125320,20160827_073231
6,KDIX20160831_100617_V06,-18,0.257,111.12,390.873779,12.899616,-75.51,39.532488,6449.808121,20160831_060617
6,KDIX20160831_101610_V06,-8,0.862,113.36,389.702001,24.471795,-75.50,39.537887,12235.897726,20160831_061610
6,KDIX20160831_102604_V06,2,0.836,116.02,391.642774,33.103925,-75.48,39.529292,16551.962589,20160831_062604
6,KDIX20160831_103558_V06,11,0.855,120.02,392.971362,42.590095,-75.46,39.523522,21295.047279,20160831_063558
6,KDIX20160831_104553_V06,21,0.807,120.20,390.461156,43.228126,-75.46,39.534835,21614.062915,20160831_064553
6,KDIX20160831_105547_V06,31,0.511,118.42,388.923825,44.047760,-75.47,39.541664,22023.879913,20160831_065547
12,KDIX20160831_102604_V06,2,0.761,16.70,437.553833,24.739536,-76.05,39.315790,12369.768143,20160831_062604
12,KDIX20160831_103558_V06,11,0.904,19.54,440.361955,31.584065,-76.04,39.303380,15792.032341,20160831_063558
12,KDIX20160831_104553_V06,21,0.889,26.64,441.365950,38.414842,-76.00,39.299432,19207.421068,20160831_064553
12,KDIX20160831_105547_V06,31,0.744,33.37,444.949782,48.207380,-75.96,39.283824,24103.689956,20160831_065547
12,KDIX20160831_110540_V06,41,0.840,47.19,436.500340,53.718112,-75.88,39.322916,26859.055794,20160831_070540
12,KDIX20160831_111534_V06,51,0.369,44.45,430.392000,62.312584,-75.89,39.350217,31156.291889,20160831_071534
1,KDIX20160831_095623_V06,-28,0.780,292.23,382.744263,8.989868,-74.46,39.574310,4494.934082,20160831_055623
1,KDIX20160831_100617_V06,-18,0.484,298.14,384.032371,18.327183,-74.42,39.568518,9163.591633,20160831_060617
1,KDIX20160831_101610_V06,-8,0.113,295.50,380.782185,18.905644,-74.44,39.583152,9452.821770,20160831_061610
1,KDIX20160831_102604_V06,2,0.236,238.26,339.950043,109.158035,-74.77,39.766476,54579.017639,20160831_062604
5,KDIX20160831_100617_V06,-18,0.889,207.03,450.070007,12.571068,-74.95,39.269856,6285.533905,20160831_060617
5,KDIX20160831_101610_V06,-8,0.955,208.96,450.034673,23.380851,-74.94,39.270067,11690.425283,20160831_061610
5,KDIX20160831_102604_V06,2,0.476,211.87,453.016391,31.119509,-74.92,39.256715,15559.754344,20160831_062604
9,KDIX20160831_100617_V06,-18,0.114,256.27,431.537933,4.540218,-74.66,39.354297,2270.109177,20160831_060617
9,KDIX20160831_101610_V06,-8,0.084,255.18,437.742019,16.643443,-74.67,39.326342,8321.721440,20160831_061610
3,KDIX20160831_095623_V06,-28,0.117,503.75,156.625732,33.113121,-73.21,40.586325,16556.560516,20160831_055623
4,KDIX20160831_095623_V06,-28,0.086,449.71,118.003784,30.854080,-73.52,40.763069,15427.040100,20160831_055623
10,KDIX20160903_103543_V06,8,0.896,119.74,131.020233,12.998154,-75.48,40.702954,6499.076843,20160903_063543
10,KDIX20160903_104537_V06,18,0.895,111.32,130.727277,21.344234,-75.53,40.703807,10672.116759,20160903_064537
10,KDIX20160903_105532_V06,28,0.502,100.29,132.081871,28.603144,-75.59,40.697065,14301.572159,20160903_065532
10,KDIX20160903_110526_V06,38,0.210,100.81,123.101432,27.104692,-75.59,40.737526,13552.346095,20160903_070526
10,KDIX20160903_111520_V06,48,0.107,85.53,121.760206,37.539268,-75.68,40.742615,18769.634084,20160903_071520
2,KDIX20160903_101553_V06,-12,0.197,82.39,399.887207,15.032661,-75.68,39.490193,7516.330719,20160903_061553
2,KDIX20160903_102548_V06,-2,0.811,74.41,401.384996,22.524441,-75.72,39.482932,11262.220306,20160903_062548
2,KDIX20160903_103543_V06,8,0.880,50.44,402.746795,34.698632,-75.86,39.475135,17349.315996,20160903_063543
2,KDIX20160903_104537_V06,18,0.156,38.64,409.366473,47.572185,-75.93,39.444449,23786.092609,20160903_064537
2,KDIX20160903_105532_V06,28,0.354,29.62,389.461243,36.956276,-75.98,39.533370,18478.137970,20160903_065532
2,KDIX20160903_110526_V06,38,0.120,29.08,395.349817,49.755626,-75.99,39.506815,24877.812776,20160903_070526
15,KDIX20160903_103543_V06,8,0.074,57.97,168.775543,15.312307,-75.84,40.529075,7656.153679,20160903_063543
15,KDIX20160903_104537_V06,18,0.421,51.54,171.258449,25.341210,-75.88,40.517426,12670.605013,20160903_064537
15,KDIX20160903_105532_V06,28,0.180,39.67,167.706824,27.243045,-75.95,40.532512,13621.522640,20160903_065532
15,KDIX20160903_110526_V06,38,0.133,31.66,164.401982,27.939832,-76.00,40.546756,13969.915937,20160903_070526
28,KDIX20160903_111520_V06,48,0.294,307.11,168.474518,26.441223,-74.37,40.539180,13220.611572,20160903_071520
28,KDIX20160903_112717_V06,60,0.339,303.33,170.034438,34.073625,-74.39,40.532162,17036.812445,20160903_072717
28,KDIX20160903_113712_V06,70,0.075,297.26,177.661429,32.401164,-74.43,40.497820,16200.582029,20160903_073712
28,KDIX20160903_114705_V06,80,0.055,294.30,182.581855,35.129570,-74.44,40.475661,17564.785029,20160903_074705
3,KDIX20160903_101553_V06,-12,0.147,273.23,389.891541,5.174316,-74.57,39.542027,2587.158203,20160903_061553
3,KDIX20160903_102548_V06,-2,0.619,255.75,392.041989,23.423884,-74.67,39.532161,11711.941807,20160903_062548
3,KDIX20160903_103543_V06,8,0.210,242.65,394.692407,29.745513,-74.74,39.520030,14872.756467,20160903_063543
3,KDIX20160903_104537_V06,18,0.093,243.18,368.707153,14.496220,-74.74,39.637060,7248.109818,20160903_064537
3,KDIX20160903_105532_V06,28,0.056,240.67,374.106673,28.533406,-74.76,39.612702,14266.703068,20160903_065532
19,KDIX20160903_104537_V06,18,0.179,324.11,190.621307,4.047409,-74.27,40.439380,2023.704529,20160903_064537
19,KDIX20160903_105532_V06,28,0.052,313.56,186.873638,25.966783,-74.33,40.456314,12983.391702,20160903_065532
19,KDIX20160903_110526_V06,38,0.057,307.63,173.377278,32.275516,-74.37,40.517103,16137.757982,20160903_070526
5,KDIX20160903_101553_V06,-12,0.082,307.71,354.452209,18.263485,-74.37,39.701720,9131.742477,20160903_061553
5,KDIX20160903_102548_V06,-2,0.266,297.60,341.468545,39.596014,-74.43,39.760197,19798.007063,20160903_062548
11,KDIX20160903_103543_V06,8,0.806,421.48,164.414734,20.611572,-73.69,40.555260,10305.786133,20160903_063543
11,KDIX20160903_104537_V06,18,0.209,414.50,163.114281,30.743121,-73.74,40.561362,15371.560487,20160903_064537
12,KDIX20160903_103543_V06,8,0.170,158.17,466.376923,21.136412,-75.23,39.194750,10568.205833,20160903_063543
12,KDIX20160903_104537_V06,18,0.170,150.16,470.918009,32.082950,-75.28,39.173960,16041.475039,20160903_064537
18,KDIX20160903_104537_V06,18,0.186,380.12,166.567505,4.920242,-73.94,40.546814,2460.121155,20160903_064537
24,KDIX20160903_104537_V06,18,0.053,264.13,249.465302,10.614288,-74.62,40.174309,5307.144165,20160903_064537
6,KDIX20160905_102728_V06,-2,0.917,101.64,408.393738,18.825596,-75.56,39.453059,9412.797928,20160905_062728
6,KDIX20160905_103723_V06,8,0.148,105.61,409.073332,25.025945,-75.54,39.450226,12512.972403,20160905_063723
6,KDIX20160905_104717_V06,18,0.681,91.51,427.867499,39.015072,-75.62,39.364767,19507.535838,20160905_064717
6,KDIX20160905_105711_V06,28,0.800,90.57,426.422326,40.620555,-75.63,39.371217,20310.277451,20160905_065711
6,KDIX20160905_110706_V06,38,0.637,82.82,433.062706,45.500949,-75.67,39.340834,22750.474291,20160905_070706
6,KDIX20160905_111700_V06,48,0.343,88.58,422.402458,44.564302,-75.64,39.389197,22282.151004,20160905_071700
1,KDIX20160905_100738_V06,-22,0.142,220.30,512.933350,8.713120,-74.87,38.987073,4356.559753,20160905_060738
1,KDIX20160905_101733_V06,-12,0.669,217.52,511.654001,16.409420,-74.89,38.992770,8204.709767,20160905_061733
1,KDIX20160905_102728_V06,-2,0.078,214.54,508.390529,17.832566,-74.90,39.007395,8916.283164,20160905_062728
1,KDIX20160905_103723_V06,8,-1.000,211.59,505.313450,19.866362,-74.92,39.021179,9933.180957,20160905_063723
1,KDIX20160905_104717_V06,18,-1.000,208.64,502.236370,21.900157,-74.94,39.034961,10950.078750,20160905_064717
1,KDIX20160905_105711_V06,28,0.065,235.62,476.641291,23.502785,-74.78,39.150843,11751.392322,20160905_065711
1,KDIX20160905_110706_V06,38,0.436,224.40,487.412770,31.867956,-74.85,39.102104,15933.978038,20160905_070706
1,KDIX20160905_111700_V06,48,-1.000,216.11,494.876477,39.292200,-74.90,39.068298,19646.099874,20160905_071700
1,KDIX20160905_112656_V06,57,0.408,196.34,477.383772,42.236133,-75.01,39.146541,21118.066682,20160905_072656
12,KDIX20160905_103723_V06,8,0.676,134.47,133.732666,13.238014,-75.39,40.691507,6619.007111,20160905_063723
12,KDIX20160905_104717_V06,18,0.763,134.47,144.284943,26.300107,-75.39,40.643998,13150.053277,20160905_064717
12,KDIX20160905_105711_V06,28,0.827,132.76,156.457166,30.614598,-75.40,40.589111,15307.299094,20160905_065711
12,KDIX20160905_110706_V06,38,0.431,130.30,160.424018,32.695051,-75.41,40.571127,16347.525648,20160905_070706
12,KDIX20160905_111700_V06,48,0.104,127.66,158.051409,31.007008,-75.43,40.581674,15503.504157,20160905_071700
3,KDIX20160905_101733_V06,-12,0.633,283.17,396.709106,11.501465,-74.51,39.511387,5750.732422,20160905_061733
3,KDIX20160905_102728_V06,-2,0.060,286.73,399.950094,21.543817,-74.49,39.496807,10771.908410,20160905_062728
3,KDIX20160905_103723_V06,8,0.288,287.91,368.078840,41.967456,-74.48,39.640342,20983.728166,20160905_063723
8,KDIX20160905_102728_V06,-2,0.469,50.82,421.486938,5.645638,-75.86,39.390782,2822.818756,20160905_062728
8,KDIX20160905_103723_V06,8,0.665,47.57,424.037729,11.713619,-75.88,39.379059,5856.809615,20160905_063723
8,KDIX20160905_104717_V06,18,-1.000,44.50,426.444136,18.338130,-75.89,39.367996,9169.065143,20160905_064717
8,KDIX20160905_105711_V06,28,-1.000,41.43,428.850542,24.962641,-75.91,39.356931,12481.320670,20160905_065711
8,KDIX20160905_110706_V06,38,0.106,77.38,408.367871,25.324197,-75.70,39.451683,12662.098491,20160905_070706
13,KDIX20160905_103723_V06,8,0.404,29.97,318.215912,16.219397,-75.99,39.854166,8109.698296,20160905_063723
13,KDIX20160905_104717_V06,18,0.472,28.97,324.036726,26.373353,-75.99,39.827881,13186.676635,20160905_064717
14,KDIX20160905_103723_V06,8,0.375,11.35,286.364258,8.050849,-76.10,39.996029,4025.424480,20160905_063723
14,KDIX20160905_104717_V06,18,0.279,12.84,290.614039,17.606871,-76.09,39.977024,8803.435604,20160905_064717
26,KDIX20160905_105711_V06,28,0.194,63.14,187.800995,30.109400,-75.81,40.443794,15054.699898,20160905_065711
26,KDIX20160905_110706_V06,38,0.110,63.45,190.851290,37.664329,-75.81,40.430084,18832.164601,20160905_070706
2,KDIX20160905_100738_V06,-22,0.098,232.24,520.567871,9.537346,-74.80,38.952943,4768.672943,20160905_060738
5,KDIX20160905_101733_V06,-12,0.069,86.56,397.850525,21.638714,-75.65,39.499627,10819.356918,20160905_061733
18,KDIX20160905_103723_V06,8,0.148,119.29,381.042480,8.047508,-75.46,39.577199,4023.754120,20160905_063723
19,KDIX20160905_103723_V06,8,0.104,263.52,105.623474,52.662273,-74.63,40.821978,26331.136703,20160905_063723
24,KDIX20160905_104717_V06,18,0.109,213.60,513.581177,12.360073,-74.91,38.983994,6180.036545,20160905_064717
25,KDIX20160905_104717_V06,18,0.061,51.94,192.670685,36.093445,-75.87,40.421061,18046.722412,20160905_064717
28,KDIX20160905_113650_V06,67,0.065,213.83,363.727783,6.434135,-74.91,39.658868,3217.067719,20160905_073650
3,KDIX20160911_100827_V06,-27,0.054,296.17,381.085388,3.972343,-74.43,39.581787,1986.171722,20160911_060827
3,KDIX20160911_101325_V06,-22,0.193,298.49,381.796679,11.836615,-74.42,39.578586,5918.307504,20160911_061325
3,KDIX20160911_101824_V06,-17,0.309,314.51,382.392994,14.699019,-74.33,39.575870,7349.509558,20160911_061824
3,KDIX20160911_102324_V06,-12,0.393,326.31,379.702679,20.059225,-74.26,39.587915,10029.612741,20160911_062324
3,KDIX20160911_102823_V06,-7,0.211,326.88,373.350352,25.562910,-74.25,39.616518,12781.454908,20160911_062823
3,KDIX20160911_103322_V06,-2,0.294,324.93,368.751256,24.993812,-74.27,39.637244,12496.905931,20160911_063322
3,KDIX20160911_103822_V06,3,0.700,331.79,374.301618,24.591446,-74.23,39.612192,12295.722767,20160911_063822
1,KDIX20160911_100827_V06,-27,0.362,295.37,381.184570,8.066124,-74.44,39.581340,4033.061981,20160911_060827
1,KDIX20160911_101325_V06,-22,0.063,295.37,382.682065,14.297353,-74.44,39.574596,7148.676511,20160911_061325
1,KDIX20160911_101824_V06,-17,0.313,292.48,389.904789,16.369348,-74.45,39.542064,8184.674240,20160911_061824
1,KDIX20160911_102324_V06,-12,0.060,298.53,394.151424,19.841834,-74.42,39.522947,9920.916913,20160911_062324
1,KDIX20160911_102823_V06,-7,0.060,297.55,399.830638,26.111272,-74.43,39.497370,13055.636205,20160911_062823
9,KDIX20160911_102324_V06,-12,0.124,131.86,415.608917,7.873919,-75.39,39.422186,3936.959267,20160911_062324
9,KDIX20160911_102823_V06,-7,0.601,137.63,412.334903,17.538355,-75.35,39.437208,8769.177541,20160911_062823
9,KDIX20160911_103322_V06,-2,0.121,149.33,415.710086,23.009994,-75.29,39.422544,11504.996845,20160911_063322
9,KDIX20160911_103822_V06,3,0.093,144.03,405.320876,25.651216,-75.32,39.469091,12825.607995,20160911_063822
14,KDIX20160911_102823_V06,-7,0.224,281.37,247.718811,7.794922,-74.52,40.182313,3897.460938,20160911_062823
14,KDIX20160911_103322_V06,-2,0.162,283.28,247.544380,15.777086,-74.51,40.183109,7888.543243,20160911_063322
20,KDIX20160911_103322_V06,-2,0.064,176.37,310.538696,7.609138,-75.13,39.897228,3804.569244,20160911_063322
20,KDIX20160911_103822_V06,3,0.117,177.41,308.649583,14.897242,-75.13,39.905773,7448.621090,20160911_063822
24,KDIX20160911_104821_V06,13,0.145,37.79,509.441528,41.701805,-75.92,38.993770,20850.902557,20160911_064821
24,KDIX20160911_105320_V06,18,0.070,38.32,509.818226,48.049655,-75.92,38.992114,24024.827441,20160911_065320
24,KDIX20160911_105819_V06,23,0.320,31.82,463.811890,29.734892,-75.96,39.198774,14867.445946,20160911_065819
26,KDIX20160911_105819_V06,23,0.303,347.73,206.991455,11.011215,-74.13,40.365416,5505.607605,20160911_065819
26,KDIX20160911_110319_V06,28,0.074,350.35,206.393345,17.416536,-74.11,40.368071,8708.267863,20160911_070319
33,KDIX20160911_110818_V06,33,0.205,326.10,315.172363,18.626282,-74.26,39.878516,9313.140869,20160911_070818
33,KDIX20160911_111318_V06,38,0.158,325.21,314.569552,25.414438,-74.26,39.881237,12707.219166,20160911_071318
33,KDIX20160911_111817_V06,43,0.124,332.83,320.452393,13.397507,-74.22,39.854680,6698.753357,20160911_071817
33,KDIX20160911_112315_V06,48,-1.000,332.83,320.452393,21.347507,-74.22,39.854680,10673.753357,20160911_072315
33,KDIX20160911_112815_V06,53,0.126,323.57,315.395813,18.093140,-74.27,39.877528,9046.569824,20160911_072815
15,KDIX20160911_102823_V06,-7,0.110,287.77,211.168884,2.738297,-74.48,40.346923,1369.148254,20160911_062823
21,KDIX20160911_103822_V06,3,0.104,166.97,423.844604,25.303680,-75.18,39.386642,12651.840210,20160911_063822
22,KDIX20160911_103822_V06,3,0.098,352.61,387.887756,23.739441,-74.11,39.550750,11869.720459,20160911_063822
23,KDIX20160911_103822_V06,3,0.077,303.27,198.755463,5.419693,-74.39,40.402839,2709.846497,20160911_063822
32,KDIX20160911_110319_V06,28,0.119,311.33,323.456238,28.560452,-74.34,39.841293,14280.225754,20160911_070319
1,KDIX20160918_103117_V06,-10,0.383,291.10,380.327332,11.678970,-74.46,39.585192,5839.485168,20160918_063117
1,KDIX20160918_104112_V06,0,0.744,295.71,377.756056,22.325498,-74.44,39.596780,11162.749056,20160918_064112
3,KDIX20160918_103117_V06,-10,0.152,330.66,363.869629,6.438438,-74.23,39.659181,3219.219208,20160918_063117
3,KDIX20160918_104112_V06,0,0.159,314.55,365.063188,16.437789,-74.33,39.653913,8218.894626,20160918_064112
7,KDIX20160920_104423_V06,1,0.058,351.77,212.828125,4.070816,-74.11,40.339075,2035.408020,20160920_064423
7,KDIX20160920_104923_V06,6,0.390,351.25,212.082818,10.355114,-74.11,40.342439,5177.557138,20160920_064923
7,KDIX20160920_105423_V06,11,0.481,348.03,212.871202,13.646560,-74.13,40.338937,6823.279793,20160920_065423
7,KDIX20160920_105923_V06,16,0.419,351.54,215.480547,16.812373,-74.11,40.327135,8406.186750,20160920_065923
7,KDIX20160920_110422_V06,21,0.210,351.61,219.550216,24.036351,-74.11,40.308809,12018.175548,20160920_070422
12,KDIX20160920_105423_V06,11,0.133,284.76,384.960266,7.521706,-74.50,39.564305,3760.852814,20160920_065423
12,KDIX20160920_105923_V06,16,0.191,285.20,384.791437,13.137020,-74.50,39.565068,6568.510042,20160920_065923
12,KDIX20160920_110422_V06,21,0.711,288.13,380.291813,13.748246,-74.48,39.585343,6874.123150,20160920_070422
12,KDIX20160920_110922_V06,26,0.110,284.64,378.148511,16.006086,-74.50,39.594981,8003.043127,20160920_070922
12,KDIX20160920_111423_V06,31,0.124,281.39,373.447552,22.405661,-74.52,39.616135,11202.830486,20160920_071423
11,KDIX20160920_105423_V06,11,0.938,96.90,400.450806,25.516899,-75.59,39.488547,12758.449554,20160920_065423
11,KDIX20160920_105923_V06,16,0.867,96.16,401.612184,31.640774,-75.60,39.483274,15820.386799,20160920_065923
11,KDIX20160920_110422_V06,21,0.757,96.36,404.249119,38.053795,-75.59,39.471411,19026.897640,20160920_070422
11,KDIX20160920_110922_V06,26,0.098,92.59,402.858875,46.803930,-75.62,39.477445,23401.965090,20160920_070922
16,KDIX20160920_105423_V06,11,0.053,237.41,236.654449,4.491013,-74.78,40.231605,2245.506287,20160920_065423
16,KDIX20160920_105923_V06,16,-1.000,237.41,236.654449,12.441013,-74.78,40.231605,6220.506287,20160920_065923
16,KDIX20160920_110422_V06,21,0.132,233.21,238.511854,15.143228,-74.80,40.223161,7571.614156,20160920_070422
16,KDIX20160920_110922_V06,26,0.228,225.25,239.387335,20.671191,-74.85,40.219051,10335.595474,20160920_070922
3,KDIX20160920_103922_V06,-4,0.231,285.05,389.955811,4.199142,-74.50,39.541809,2099.571228,20160920_063922
3,KDIX20160920_104423_V06,1,-1.000,285.05,389.955811,12.149142,-74.50,39.541809,6074.571228,20160920_064423
3,KDIX20160920_104923_V06,6,0.053,277.13,392.444944,20.335995,-74.54,39.530556,10167.997682,20160920_064923
8,KDIX20160920_104923_V06,6,0.159,279.22,216.622009,2.895828,-74.53,40.322326,1447.914124,20160920_064923
8,KDIX20160920_105423_V06,11,0.053,279.06,216.303187,9.312859,-74.53,40.323761,4656.429425,20160920_065423
22,KDIX20160920_110422_V06,21,0.120,162.59,275.742584,7.764847,-75.22,40.053380,3882.423401,20160920_070422
22,KDIX20160920_110922_V06,26,-1.000,162.59,275.742584,15.714847,-75.22,40.053380,7857.423401,20160920_070922
22,KDIX20160920_111423_V06,31,0.052,161.05,275.126757,16.974216,-75.23,40.056090,8487.108065,20160920_071423
27,KDIX20160920_114420_V06,61,0.162,283.78,352.676147,16.917824,-74.51,39.709688,8458.911896,20160920_074420
27,KDIX20160920_114920_V06,66,0.099,280.33,352.562107,25.270553,-74.53,39.710184,12635.276685,20160920_074920
9,KDIX20160920_104923_V06,6,0.092,275.26,185.631287,26.753361,-74.56,40.461844,13376.680374,20160920_064923
9,KDIX20160920_105423_V06,11,-1.000,275.26,185.631287,34.703361,-74.56,40.461844,17351.680374,20160920_065423
9,KDIX20160920_105923_V06,16,0.086,274.24,185.837189,27.904339,-74.56,40.460909,13952.169418,20160920_065923
15,KDIX20160920_105423_V06,11,0.071,246.90,583.513794,14.794548,-74.72,38.669692,7397.274017,20160920_065423
25,KDIX20160920_111423_V06,31,0.108,321.76,173.942200,44.977554,-74.28,40.514497,22488.777161,20160920_071423
26,KDIX20160920_113921_V06,56,0.064,366.07,188.561279,13.189713,-74.02,40.448091,6594.856262,20160920_073921
28,KDIX20160920_114920_V06,66,0.121,292.27,199.668640,6.199142,-74.46,40.398720,3099.571228,20160920_074920
29,KDIX20160920_114920_V06,66,0.057,308.50,95.954193,36.003204,-74.36,40.865703,18001.602173,20160920_074920
29,KDIX20160920_115420_V06,71,0.467,324.45,116.944092,13.776306,-74.27,40.771118,6888.153076,20160920_075420
3,KDIX20160926_104025_V06,-9,0.162,281.67,385.649048,4.185669,-74.52,39.561188,2092.834473,20160926_064025
3,KDIX20160926_105020_V06,1,-1.000,281.67,385.649048,20.085669,-74.52,39.561188,10042.834473,20160926_065020
3,KDIX20160926_110014_V06,11,0.117,250.65,411.398751,25.046220,-74.70,39.444918,12523.109775,20160926_070014
10,KDIX20160926_112220_V06,33,0.060,109.64,423.259857,13.718639,-75.52,39.386570,6859.319687,20160926_072220
10,KDIX20160926_113215_V06,43,0.084,109.39,426.160340,22.845252,-75.52,39.373496,11422.625904,20160926_073215
1,KDIX20160926_102035_V06,-29,0.113,133.99,325.957947,2.290047,-75.38,39.825989,1145.023346,20160926_062035
5,KDIX20160926_104025_V06,-9,0.070,216.26,310.920135,4.699867,-74.90,39.896731,2349.933624,20160926_064025
11,KDIX20160926_120200_V06,73,0.083,122.84,430.836792,8.430065,-75.44,39.353158,4215.032578,20160926_080200
4,KDIX20160928_104056_V06,-11,0.102,278.78,386.854980,2.602654,-74.53,39.555741,1301.326752,20160928_064056
4,KDIX20160928_105051_V06,-1,0.953,270.97,390.232669,11.146564,-74.58,39.540472,5573.281934,20160928_065051
4,KDIX20160928_110045_V06,9,0.961,263.07,393.794701,18.424886,-74.63,39.524354,9212.443183,20160928_070045
4,KDIX20160928_111039_V06,19,0.944,253.78,398.502155,24.780378,-74.68,39.503041,12390.189137,20160928_071039
4,KDIX20160928_112034_V06,29,0.861,239.57,401.238688,33.612743,-74.76,39.490496,16806.371540,20160928_072034
4,KDIX20160928_113029_V06,39,0.520,234.92,403.451876,37.773102,-74.79,39.480444,18886.550889,20160928_073029
4,KDIX20160928_114226_V06,51,0.185,231.91,391.783783,25.850639,-74.81,39.532931,12925.319672,20160928_074226
4,KDIX20160928_115221_V06,61,-1.000,231.91,391.783783,41.750639,-74.81,39.532931,20875.319672,20160928_075221
4,KDIX20160928_120216_V06,71,0.053,256.90,402.230698,42.199352,-74.66,39.486291,21099.675924,20160928_080216
1,KDIX20160928_104056_V06,-11,0.207,245.95,430.532135,2.676094,-74.72,39.358680,1338.047028,20160928_064056
1,KDIX20160928_105051_V06,-1,0.922,237.28,436.131175,10.952909,-74.77,39.333316,5476.454399,20160928_065051
1,KDIX20160928_110045_V06,9,0.945,227.88,442.575959,16.030733,-74.83,39.304107,8015.366406,20160928_070045
1,KDIX20160928_111039_V06,19,0.952,222.58,447.574066,20.152741,-74.86,39.281483,10076.370535,20160928_071039
6,KDIX20160928_105051_V06,-1,0.494,152.27,326.381500,5.320740,-75.27,39.824926,2660.369873,20160928_065051
6,KDIX20160928_110045_V06,9,0.618,149.85,328.271671,11.045031,-75.29,39.816308,5522.515484,20160928_070045
6,KDIX20160928_111039_V06,19,0.057,135.97,327.722199,19.693301,-75.37,39.818140,9846.650289,20160928_071039
6,KDIX20160928_112034_V06,29,0.120,122.33,314.245874,29.791174,-75.45,39.878135,14895.586830,20160928_072034
12,KDIX20160928_105051_V06,-1,0.054,86.52,389.396606,4.396519,-75.65,39.537690,2198.259354,20160928_065051
12,KDIX20160928_110045_V06,9,0.772,80.23,399.359725,20.425730,-75.69,39.492430,10212.864920,20160928_070045
12,KDIX20160928_111039_V06,19,-1.000,74.31,408.758893,36.447627,-75.72,39.449721,18223.813567,20160928_071039
12,KDIX20160928_112034_V06,29,0.136,48.26,419.558528,45.939062,-75.87,39.399278,22969.530779,20160928_072034
13,KDIX20160928_110045_V06,9,0.542,364.78,188.532227,5.146927,-74.03,40.448247,2573.463440,20160928_070045
13,KDIX20160928_111039_V06,19,0.369,363.07,190.581228,12.670644,-74.04,40.439054,6335.322142,20160928_071039
13,KDIX20160928_112034_V06,29,0.050,359.49,200.303017,12.688960,-74.06,40.395345,6344.479859,20160928_072034
14,KDIX20160928_110045_V06,9,0.389,239.21,270.931213,25.533054,-74.77,40.077292,12766.527176,20160928_070045
14,KDIX20160928_111039_V06,19,0.052,236.90,278.132352,32.007170,-74.78,40.044823,16003.585128,20160928_071039
17,KDIX20160928_110045_V06,9,0.068,364.82,245.751404,5.159271,-74.03,40.190600,2579.635620,20160928_070045
17,KDIX20160928_111039_V06,19,0.122,364.29,245.644365,12.815222,-74.03,40.191093,6407.610807,20160928_071039
3,KDIX20160928_104056_V06,-11,0.113,211.29,227.845428,4.022949,-74.93,40.270683,2011.474609,20160928_064056
8,KDIX20160928_105051_V06,-1,0.164,191.67,119.967407,8.139702,-75.05,40.755832,4069.850922,20160928_065051
10,KDIX20160928_105051_V06,-1,0.091,294.87,189.354126,1.976089,-74.44,40.445169,988.044739,20160928_065051
11,KDIX20160928_105051_V06,-1,0.063,177.28,174.686890,34.917595,-75.14,40.508965,17458.797455,20160928_065051
18,KDIX20160928_110045_V06,9,0.057,60.19,326.774353,55.015606,-75.81,39.817903,27507.802963,20160928_070045
23,KDIX20160928_113029_V06,39,0.677,300.51,130.702209,8.049866,-74.41,40.709261,4024.932861,20160928_073029
26,KDIX20160928_114226_V06,51,0.070,195.81,280.155426,26.096878,-75.02,40.034697,13048.439026,20160928_074226
27,KDIX20160928_115221_V06,61,0.087,108.10,349.721191,5.129990,-75.53,39.717624,2564.994812,20160928_075221
28,KDIX20160928_120216_V06,71,0.104,300.18,176.572998,25.153168,-74.41,40.502722,12576.583862,20160928_080216
1,KDIX20161010_104746_V06,-16,0.107,215.58,235.131958,2.080109,-74.91,40.237984,1040.054321,20161010_064746
2,KDIX20161010_105741_V06,-6,0.170,217.75,318.147064,5.550285,-74.89,39.864224,2775.142670,20161010_065741
7,KDIX20161028_111640_V06,-6,0.104,168.73,339.655121,7.181557,-75.18,39.765831,3590.778351,20161028_071640
7,KDIX20161028_112635_V06,4,-1.000,168.73,339.655121,23.081557,-75.18,39.765831,11540.778351,20161028_072635
7,KDIX20161028_113631_V06,14,0.106,185.79,367.318396,26.245910,-75.08,39.641875,13122.954811,20161028_073631
4,KDIX20161028_111640_V06,-6,0.358,201.02,348.329956,15.272766,-74.99,39.727860,7636.383057,20161028_071640
6,KDIX20161028_111640_V06,-6,0.107,333.84,240.772858,6.937683,-74.21,40.213472,3468.841553,20161028_071640
8,KDIX20161028_111640_V06,-6,0.070,226.02,318.724640,7.258629,-74.84,39.861813,3629.314423,20161028_071640
12,KDIX20161028_112635_V06,4,0.060,261.21,138.763184,19.123383,-74.64,40.672741,9561.691284,20161028_072635
13,KDIX20161028_113631_V06,14,0.511,344.35,158.381165,14.188568,-74.15,40.584340,7094.284058,20161028_073631
