track_id,filename,from_sunrise,det_score,x,y,r,lon,lat,radius,local_time
8,KMOB20170709_104238_V06,-15,0.106,532.11,214.027557,28.662987,-87.02,31.061478,14331.493378,20170709_054238
8,KMOB20170709_104640_V06,-11,0.587,529.48,214.610564,32.543575,-87.04,31.058977,16271.787449,20170709_054640
8,KMOB20170709_105035_V06,-7,0.703,527.37,216.706132,34.118008,-87.05,31.049629,17059.003857,20170709_055035
8,KMOB20170709_105430_V06,-3,0.626,527.84,219.851786,36.503204,-87.05,31.035422,18251.602090,20170709_055430
8,KMOB20170709_110233_V06,5,0.231,533.68,224.397468,43.813763,-87.02,31.014640,21906.881661,20170709_060233
8,KMOB20170709_110625_V06,9,0.619,533.26,223.234358,45.363054,-87.02,31.019906,22681.527227,20170709_060625
8,KMOB20170709_111033_V06,13,0.338,532.73,223.727025,48.451295,-87.02,31.017710,24225.647528,20170709_061033
8,KMOB20170709_111421_V06,17,0.291,533.88,220.523333,50.700027,-87.01,31.032100,25350.013353,20170709_061421
1,KMOB20170709_103043_V06,-27,0.951,322.84,389.345215,10.214943,-88.12,30.276424,5107.471466,20170709_053043
1,KMOB20170709_103436_V06,-23,0.970,323.20,388.651730,13.437412,-88.12,30.279550,6718.706070,20170709_053436
1,KMOB20170709_103837_V06,-19,0.942,324.01,388.990150,15.560337,-88.11,30.278019,7780.168405,20170709_053837
1,KMOB20170709_104238_V06,-15,0.851,324.58,389.812238,18.912232,-88.11,30.274309,9456.115826,20170709_054238
1,KMOB20170709_104640_V06,-11,0.514,324.10,390.253300,20.901437,-88.11,30.272322,10450.718410,20170709_054640
1,KMOB20170709_105035_V06,-7,0.744,324.08,391.410375,24.334842,-88.11,30.267103,12167.420797,20170709_055035
1,KMOB20170709_105430_V06,-3,0.136,324.91,390.075706,28.333048,-88.11,30.273119,14166.524056,20170709_055430
5,KMOB20170709_103837_V06,-19,0.191,226.60,199.528503,14.616905,-88.62,31.131984,7308.452606,20170709_053837
5,KMOB20170709_104238_V06,-15,0.119,226.72,199.391468,19.767092,-88.62,31.132604,9883.545963,20170709_054238
5,KMOB20170709_104640_V06,-11,0.116,226.06,206.835844,25.124480,-88.63,31.099022,12562.239950,20170709_054640
5,KMOB20170709_105035_V06,-7,0.133,226.94,210.076877,26.267683,-88.62,31.084419,13133.841258,20170709_055035
5,KMOB20170709_105430_V06,-3,0.149,230.55,196.024902,12.718529,-88.60,31.147844,6359.264374,20170709_055430
11,KMOB20170709_104640_V06,-11,0.125,144.14,182.670898,16.924797,-89.06,31.206004,8462.398529,20170709_054640
11,KMOB20170709_105035_V06,-7,0.088,144.30,183.444748,23.192876,-89.06,31.202520,11596.437812,20170709_055035
11,KMOB20170709_105430_V06,-3,0.080,144.67,186.671224,27.374349,-89.05,31.187982,13687.174422,20170709_055430
12,KMOB20170709_104640_V06,-11,0.070,504.42,357.340607,16.346550,-87.18,30.416471,8173.274994,20170709_054640
12,KMOB20170709_105035_V06,-7,0.497,506.59,359.472860,23.344121,-87.16,30.406762,11672.060561,20170709_055035
12,KMOB20170709_105430_V06,-3,0.355,507.22,363.283820,28.725024,-87.16,30.389548,14362.512131,20170709_055430
6,KMOB20170709_103837_V06,-19,0.099,147.01,183.470886,17.080727,-89.04,31.202490,8540.363312,20170709_053837
6,KMOB20170709_104238_V06,-15,0.163,146.98,182.828931,21.798154,-89.04,31.205384,10899.077236,20170709_054238
3,KMOB20170709_103436_V06,-23,0.084,531.53,229.877777,37.912003,-87.03,30.990033,18956.001282,20170709_053436
3,KMOB20170709_103837_V06,-19,0.086,535.67,222.659271,33.876564,-87.01,31.022380,16938.282013,20170709_053837
16,KMOB20170709_110625_V06,9,0.113,344.77,363.223511,23.772671,-88.01,30.394085,11886.335373,20170709_060625
17,KMOB20170709_112156_V06,24,0.085,282.71,401.350098,2.542732,-88.33,30.222301,1271.366119,20170709_062156
18,KMOB20170709_120711_V06,70,0.073,254.09,359.762207,5.366192,-88.48,30.409685,2683.095932,20170709_070711
1,KMOB20170803_105230_V06,-20,0.094,228.08,389.420654,9.061790,-88.61,30.275600,4530.895233,20170803_055230
1,KMOB20170803_110042_V06,-12,0.365,230.60,389.414176,17.066548,-88.60,30.275666,8533.274230,20170803_060042
1,KMOB20170803_110447_V06,-8,0.144,233.17,385.189902,19.330016,-88.59,30.294755,9665.008248,20170803_060447
1,KMOB20170803_110853_V06,-4,0.354,236.21,381.383419,19.239125,-88.57,30.311965,9619.562552,20170803_060853
1,KMOB20170803_111259_V06,0,-1.000,238.89,377.964255,20.287556,-88.56,30.327421,10143.777777,20170803_061259
1,KMOB20170803_111651_V06,4,0.125,241.07,380.459751,20.863526,-88.55,30.316193,10431.762907,20170803_061651
1,KMOB20170803_112056_V06,8,0.157,242.99,381.305367,21.383608,-88.54,30.312402,10691.803981,20170803_062056
1,KMOB20170803_112516_V06,13,0.145,244.23,379.161102,17.720917,-88.53,30.322087,8860.458374,20170803_062516
1,KMOB20170803_112921_V06,17,0.070,244.85,380.168376,23.034164,-88.53,30.317552,11517.081797,20170803_062921
3,KMOB20170803_110042_V06,-12,0.364,312.00,392.872711,14.261894,-88.18,30.260553,7130.947113,20170803_060042
3,KMOB20170803_110447_V06,-8,0.197,310.30,393.139342,20.864915,-88.19,30.259354,10432.457484,20170803_060447
6,KMOB20170803_110447_V06,-8,0.147,355.21,265.735779,2.240036,-87.95,30.833650,1120.018005,20170803_060447
6,KMOB20170803_110853_V06,-4,0.070,356.01,265.631288,8.487885,-87.95,30.834112,4243.942590,20170803_060853
12,KMOB20170803_112056_V06,8,0.141,193.74,388.908447,10.902794,-88.79,30.277274,5451.396942,20170803_062056
12,KMOB20170803_112516_V06,13,0.073,193.02,391.698708,19.709763,-88.80,30.264674,9854.881332,20170803_062516
19,KMOB20170803_113733_V06,25,0.056,389.79,255.009430,5.394531,-87.77,30.881497,2697.265625,20170803_063733
19,KMOB20170803_114153_V06,29,0.278,388.56,251.893660,11.822281,-87.78,30.895572,5911.140424,20170803_064153
5,KMOB20170803_110042_V06,-12,0.059,339.34,363.503662,12.666206,-88.04,30.392869,6333.103180,20170803_060042
9,KMOB20170803_110853_V06,-4,0.054,267.36,383.571808,8.135216,-88.41,30.302407,4067.607880,20170803_060853
11,KMOB20170803_111259_V06,0,0.079,236.52,247.692322,6.063278,-88.57,30.914921,3031.639099,20170803_061259
15,KMOB20170803_112516_V06,13,0.067,314.09,344.553009,15.841297,-88.17,30.478481,7920.648575,20170803_062516
16,KMOB20170803_112516_V06,13,0.059,172.31,402.993286,12.835663,-88.90,30.213228,6417.831421,20170803_062516
17,KMOB20170803_112921_V06,17,0.090,351.15,222.782074,1.990463,-87.97,31.027410,995.231628,20170803_062921
21,KMOB20170803_114153_V06,29,0.060,360.14,344.248413,7.763874,-87.93,30.479498,3881.937027,20170803_064153
23,KMOB20170803_121558_V06,63,0.154,269.67,381.375916,10.816109,-88.40,30.312326,5408.054352,20170803_071558
1,KMOB20171121_120718_V06,-17,0.136,346.14,293.930969,6.792221,-88.00,30.706588,3396.110535,20171121_060718
1,KMOB20171121_121157_V06,-13,0.061,346.51,293.505743,12.097869,-88.00,30.708502,6048.934379,20171121_061157
1,KMOB20171121_121636_V06,-8,0.138,348.09,291.607510,14.866110,-87.99,30.717048,7433.054781,20171121_061636
4,KMOB20171121_122554_V06,1,0.088,301.80,352.943237,5.626060,-88.23,30.440660,2813.030243,20171121_062554
4,KMOB20171121_123037_V06,6,0.062,285.46,339.189941,26.084335,-88.32,30.502668,13042.167664,20171121_063037
6,KMOB20171121_124928_V06,25,0.055,345.84,244.081726,6.128265,-88.00,30.931407,3064.132690,20171121_064928
7,KMOB20171213_124059_V06,-1,0.117,415.24,249.767639,29.672913,-87.64,30.904588,14836.456299,20171213_064059
7,KMOB20171213_125058_V06,9,0.077,413.30,250.847919,38.228601,-87.65,30.899763,19114.300347,20171213_065058
7,KMOB20171213_130249_V06,21,-1.000,411.10,252.070878,48.994285,-87.66,30.894299,24497.142665,20171213_070249
7,KMOB20171213_130737_V06,26,-1.000,410.19,252.580444,53.479987,-87.66,30.892022,26739.993631,20171213_070737
7,KMOB20171213_131226_V06,31,-1.000,409.28,253.090011,57.965689,-87.67,30.889746,28982.844597,20171213_071226
7,KMOB20171213_131715_V06,36,-1.000,408.36,253.599577,62.451391,-87.67,30.887468,31225.695563,20171213_071715
7,KMOB20171213_132203_V06,41,-1.000,407.45,254.109143,66.937093,-87.68,30.885191,33468.546529,20171213_072203
7,KMOB20171213_132651_V06,45,-1.000,406.71,254.516796,70.525655,-87.68,30.883369,35262.827302,20171213_072651
7,KMOB20171213_133141_V06,50,-1.000,405.80,255.026362,75.011357,-87.69,30.881092,37505.678268,20171213_073141
7,KMOB20171213_133630_V06,55,-1.000,404.89,255.535928,79.497058,-87.69,30.878814,39748.529234,20171213_073630
7,KMOB20171213_134135_V06,60,-1.000,403.97,256.045494,83.982760,-87.70,30.876536,41991.380200,20171213_074135
7,KMOB20171213_140108_V06,80,0.253,425.69,317.965484,78.912525,-87.58,30.596762,39456.262489,20171213_080108
4,KMOB20171213_123112_V06,-10,0.065,208.70,354.240509,20.275272,-88.71,30.433940,10137.636185,20171213_063112
4,KMOB20171213_124059_V06,-1,0.128,213.98,341.979504,39.385288,-88.69,30.489336,19692.644180,20171213_064059
4,KMOB20171213_125058_V06,9,-1.000,219.43,329.295706,60.250822,-88.66,30.546636,30125.411072,20171213_065058
4,KMOB20171213_130249_V06,21,0.128,233.06,358.381500,15.782215,-88.59,30.415665,7891.107559,20171213_070249
4,KMOB20171213_130737_V06,26,0.439,232.00,358.779038,20.851063,-88.59,30.413857,10425.531287,20171213_070737
4,KMOB20171213_131226_V06,31,0.111,230.23,357.995117,14.206520,-88.60,30.417368,7103.260040,20171213_071226
3,KMOB20171213_122124_V06,-20,0.063,355.96,306.973511,13.764206,-87.95,30.647661,6882.102966,20171213_062124
3,KMOB20171213_123112_V06,-10,-1.000,355.96,306.973511,29.664206,-87.95,30.647661,14832.102966,20171213_063112
3,KMOB20171213_124059_V06,-1,-1.000,355.96,306.973511,43.974206,-87.95,30.647661,21987.102966,20171213_064059
3,KMOB20171213_125058_V06,9,0.222,340.40,343.385381,53.450038,-88.03,30.483597,26725.019140,20171213_065058
3,KMOB20171213_130249_V06,21,0.061,390.62,343.828339,27.975323,-87.77,30.480913,13987.661362,20171213_070249
6,KMOB20171213_124059_V06,-1,0.278,32.35,438.402893,38.911839,-89.63,30.047796,19455.919266,20171213_064059
9,KMOB20171213_124059_V06,-1,0.053,34.67,301.312042,31.002220,-89.62,30.666147,15501.110077,20171213_064059
10,KMOB20171213_125058_V06,9,0.154,250.35,340.316040,27.802341,-88.50,30.497353,13901.170731,20171213_065058
12,KMOB20171213_125058_V06,9,0.057,213.19,354.460938,24.695641,-88.69,30.433029,12347.820282,20171213_065058
15,KMOB20171213_130737_V06,26,0.065,167.98,389.269135,38.155220,-88.93,30.275009,19077.610016,20171213_070737
17,KMOB20171213_131715_V06,36,0.109,385.65,346.338013,19.616066,-87.79,30.469685,9808.032990,20171213_071715
18,KMOB20171213_132203_V06,41,0.131,335.74,326.077881,38.515991,-88.05,30.561693,19257.995605,20171213_072203
18,KMOB20171213_132651_V06,45,0.067,326.59,340.000366,57.340565,-88.10,30.498961,28670.282364,20171213_072651
20,KMOB20171213_133141_V06,50,0.169,232.28,360.779663,14.404495,-88.59,30.404838,7202.247620,20171213_073141
21,KMOB20171213_133630_V06,55,0.059,389.45,340.788757,26.078274,-87.77,30.494643,13039.136887,20171213_073630
21,KMOB20171213_134135_V06,60,0.059,433.06,306.817078,83.648438,-87.55,30.646841,41824.218750,20171213_074135
22,KMOB20171213_134135_V06,60,0.261,344.04,319.174225,33.908764,-88.01,30.592760,16954.381943,20171213_074135
24,KMOB20171213_140108_V06,80,0.094,212.82,423.587372,15.076874,-88.69,30.121246,7538.436890,20171213_080108
26,KMOB20171213_140108_V06,80,0.069,225.59,360.002167,18.299046,-88.63,30.408246,9149.522781,20171213_080108
