track_id,filename,from_sunrise,det_score,x,y,r,lon,lat,radius,local_time
3,KEAX20170930_120009_V06,-12,0.179,394.64,243.129456,38.316330,-93.72,39.065144,19158.164978,20170930_070009
3,KEAX20170930_120950_V06,-3,0.057,398.61,243.840862,49.656077,-93.69,39.061830,24828.038685,20170930_070950
8,KEAX20170930_120950_V06,-3,0.943,477.99,102.226685,18.220940,-93.23,39.696409,9110.469818,20170930_070950
8,KEAX20170930_121931_V06,7,0.914,472.76,104.897955,30.115099,-93.26,39.684646,15057.549641,20170930_071931
10,KEAX20170930_120950_V06,-3,0.195,223.03,387.342773,3.268639,-94.70,38.416040,1634.319305,20170930_070950
10,KEAX20170930_121931_V06,7,0.244,221.68,380.258117,18.546060,-94.71,38.447921,9273.030110,20170930_071931
9,KEAX20170930_120950_V06,-3,0.943,430.51,79.276367,19.189896,-93.50,39.801872,9594.947815,20170930_070950
17,KEAX20170930_121931_V06,7,0.093,202.42,367.305481,4.651024,-94.82,38.505785,2325.511932,20170930_071931
19,KEAX20170930_130754_V06,55,0.190,283.70,90.589020,38.872143,-94.36,39.753357,19436.071396,20170930_080754
