track_id,filename,from_sunrise,det_score,x,y,r,lon,lat,radius,local_time
1,KTLX20170725_110408_V06,-28,0.949,415.70,411.630676,13.841942,-96.65,34.828299,6920.970917,20170725_060408
1,KTLX20170725_111352_V06,-19,0.745,422.53,406.992193,22.383670,-96.61,34.849003,11191.834791,20170725_061352
1,KTLX20170725_112335_V06,-9,0.053,429.02,404.793082,25.720461,-96.57,34.858712,12860.230281,20170725_062335
2,KTLX20170725_110408_V06,-28,0.185,256.66,269.276306,5.785862,-97.52,35.471284,2892.930984,20170725_060408
2,KTLX20170725_111352_V06,-19,0.174,255.19,269.799525,21.399842,-97.52,35.468910,10699.921226,20170725_061352
2,KTLX20170725_112335_V06,-9,0.109,252.85,260.529296,23.135598,-97.54,35.510660,11567.799142,20170725_062335
6,KTLX20170725_111352_V06,-19,0.171,328.12,540.665771,16.373386,-97.12,34.248265,8186.693192,20170725_061352
6,KTLX20170725_112335_V06,-9,0.727,331.28,537.402258,26.855643,-97.11,34.262952,13427.821360,20170725_062335
14,KTLX20170725_114303_V06,11,0.183,197.81,362.389771,5.914589,-97.84,35.050585,2957.294464,20170725_064303
14,KTLX20170725_115246_V06,20,0.064,199.10,359.630209,17.136371,-97.83,35.063054,8568.185309,20170725_065246
5,KTLX20170725_110408_V06,-28,0.069,39.54,455.220520,50.192585,-98.70,34.625126,25096.292496,20170725_060408
11,KTLX20170725_112335_V06,-9,0.262,556.78,100.368958,33.676445,-95.85,36.224264,16838.222504,20170725_062335
12,KTLX20170725_112335_V06,-9,0.082,396.30,357.956604,4.474800,-96.75,35.070709,2237.400055,20170725_062335
15,KTLX20170725_114303_V06,11,0.161,34.78,389.168518,59.204796,-98.73,34.922467,29602.397919,20170725_064303
17,KTLX20170725_115246_V06,20,0.069,293.65,415.268921,7.643715,-97.31,34.813554,3821.857452,20170725_065246
21,KTLX20170725_124301_V06,71,0.176,27.13,413.839508,46.233078,-98.77,34.810785,23116.539001,20170725_074301
1,KTLX20170806_120456_V06,23,0.107,223.59,269.979523,13.952934,-97.70,35.467618,6976.467133,20170806_070456
2,KTLX20170806_121719_V06,36,0.060,144.41,348.848846,9.549011,-98.13,35.109896,4774.505615,20170806_071719
1,KTLX20170815_130039_V06,72,0.242,107.73,421.733643,39.390564,-98.33,34.779849,19695.281982,20170815_080039
2,KTLX20170818_113041_V06,-21,0.797,255.36,269.693451,4.858463,-97.52,35.469390,2429.231644,20170818_063041
2,KTLX20170818_113418_V06,-17,0.946,256.29,269.674663,9.322330,-97.52,35.469485,4661.165202,20170818_063418
2,KTLX20170818_113756_V06,-14,0.927,258.68,268.575071,13.740679,-97.51,35.474466,6870.339449,20170818_063756
2,KTLX20170818_114134_V06,-10,0.807,261.50,266.629701,18.210858,-97.49,35.483261,9105.429240,20170818_064134
2,KTLX20170818_114511_V06,-6,0.659,265.06,265.013570,23.083806,-97.47,35.490577,11541.902752,20170818_064511
2,KTLX20170818_114849_V06,-3,0.313,266.94,261.658977,23.822734,-97.46,35.505711,11911.367086,20170818_064849
4,KTLX20170818_113418_V06,-17,0.306,276.47,347.856293,4.560852,-97.41,35.117315,2280.426025,20170818_063418
4,KTLX20170818_113756_V06,-14,0.189,276.95,347.804571,9.360372,-97.40,35.117551,4680.186157,20170818_063756
4,KTLX20170818_114134_V06,-10,0.111,275.36,341.756711,16.160856,-97.41,35.144798,8080.428090,20170818_064134
8,KTLX20170818_113418_V06,-17,0.120,396.43,355.993347,3.129990,-96.75,35.079554,1564.994812,20170818_063418
8,KTLX20170818_113756_V06,-14,0.123,395.79,355.978368,7.364645,-96.75,35.079637,3682.322431,20170818_063756
8,KTLX20170818_114134_V06,-10,0.204,394.78,357.724513,10.258180,-96.76,35.071791,5129.089909,20170818_064134
19,KTLX20170818_114849_V06,-3,0.082,257.74,327.909058,8.059467,-97.51,35.207059,4029.733658,20170818_064849
19,KTLX20170818_115241_V06,1,0.122,257.50,327.992396,14.555854,-97.51,35.206681,7277.926930,20170818_065241
1,KTLX20170818_112704_V06,-24,0.064,318.65,257.332092,24.393524,-97.17,35.525303,12196.762085,20170818_062704
9,KTLX20170818_113418_V06,-17,0.052,37.32,445.173737,40.420547,-98.71,34.670258,20210.273743,20170818_063418
11,KTLX20170818_113756_V06,-14,0.249,388.58,477.627625,15.017164,-96.80,34.531532,7508.582115,20170818_063756
12,KTLX20170818_113756_V06,-14,0.126,420.13,268.711761,20.619797,-96.62,35.472254,10309.898376,20170818_063756
13,KTLX20170818_113756_V06,-14,0.116,413.24,420.226166,6.122871,-96.66,34.789630,3061.435699,20170818_063756
14,KTLX20170818_113756_V06,-14,0.087,381.47,501.270782,21.467251,-96.83,34.425116,10733.625412,20170818_063756
15,KTLX20170818_113756_V06,-14,0.065,245.84,308.161957,5.539368,-97.58,35.295910,2769.683838,20170818_063756
18,KTLX20170818_114511_V06,-6,0.057,407.75,295.812622,15.855133,-96.68,35.350478,7927.566528,20170818_064511
20,KTLX20170818_115631_V06,5,0.082,271.50,409.139404,22.472095,-97.43,34.841084,11236.047745,20170818_065631
20,KTLX20170818_120022_V06,9,0.056,280.12,415.439819,15.063667,-97.39,34.812740,7531.833649,20170818_070022
21,KTLX20170818_115631_V06,5,0.058,179.75,414.508850,7.767487,-97.93,34.815195,3883.743286,20170818_065631
22,KTLX20170818_120022_V06,9,0.160,274.60,335.260345,15.963943,-97.42,35.174071,7981.971741,20170818_070022
23,KTLX20170818_120022_V06,9,0.066,356.87,170.458252,18.336517,-96.96,35.916424,9168.258667,20170818_070022
25,KTLX20170818_120737_V06,16,0.251,37.70,470.597290,54.991482,-98.71,34.555714,27495.740891,20170818_070737
30,KTLX20170818_122220_V06,31,0.082,44.79,426.231232,32.030384,-98.67,34.756098,16015.192032,20170818_072220
30,KTLX20170818_122557_V06,34,-1.000,44.79,426.231232,36.800384,-98.67,34.756098,18400.192032,20170818_072557
30,KTLX20170818_122921_V06,38,0.083,51.68,420.442871,17.517349,-98.63,34.782611,8758.674622,20170818_072921
31,KTLX20170818_122557_V06,34,0.076,280.98,200.184113,20.499313,-97.38,35.782835,10249.656677,20170818_072557
35,KTLX20170818_123245_V06,41,0.051,394.77,172.179260,36.506241,-96.75,35.907941,18253.120422,20170818_073245
36,KTLX20170818_130000_V06,69,0.072,311.05,499.200684,23.418537,-97.22,34.435247,11709.268570,20170818_080000
38,KTLX20170818_130325_V06,72,0.056,349.19,416.631226,11.134727,-97.01,34.807119,5567.363739,20170818_080325
