track_id,filename,from_sunrise,det_score,x,y,r,lon,lat,radius,local_time
1,KLCH20150828_112124_V06,-26,0.069,179.06,355.901245,29.896923,-93.84,29.871366,14948.461533,20150828_062124
2,KLCH20150828_112124_V06,-26,0.050,207.85,378.975250,22.330322,-93.69,29.767915,11165.161133,20150828_062124
3,KLCH20150828_113108_V06,-16,0.170,307.18,343.516510,14.215420,-93.18,29.928714,7107.709885,20150828_063108
4,KLCH20150828_113108_V06,-16,0.107,462.25,113.879333,22.049103,-92.37,30.961684,11024.551392,20150828_063108
4,KLCH20150828_114055_V06,-7,0.121,453.44,115.550171,17.194809,-92.41,30.954438,8597.404480,20150828_064055
8,KLCH20150828_114055_V06,-7,0.078,466.80,127.745514,17.165436,-92.34,30.898997,8582.717896,20150828_064055
13,KLCH20150828_121711_V06,30,0.057,271.68,376.849945,32.684479,-93.36,29.778284,16342.239380,20150828_071711
10,KLCH20151003_122606_V06,19,0.332,267.60,335.677399,15.558502,-93.38,29.963971,7779.251099,20151003_072606
10,KLCH20151003_123551_V06,28,0.106,261.29,348.579712,25.291236,-93.42,29.905729,12645.618207,20151003_073551
10,KLCH20151003_124538_V06,38,0.114,275.33,354.001738,26.004000,-93.34,29.881363,13001.999896,20151003_074538
1,KLCH20151003_115646_V06,-11,0.619,355.90,289.112183,15.065720,-92.93,30.173788,7532.859802,20151003_065646
1,KLCH20151003_120632_V06,-1,0.577,357.22,295.006231,26.656100,-92.92,30.147188,13328.049890,20151003_070632
2,KLCH20151003_115646_V06,-11,0.370,322.79,368.412964,12.020790,-93.10,29.816369,6010.395050,20151003_065646
5,KLCH20151003_115646_V06,-11,0.069,198.61,318.620728,7.991158,-93.74,30.039960,3995.578766,20151003_065646
7,KLCH20151003_120632_V06,-1,0.069,145.41,370.797546,29.487410,-94.02,29.803232,14743.704796,20151003_070632
8,KLCH20151003_120632_V06,-1,0.052,15.42,327.703644,14.012074,-94.69,29.991764,7006.036758,20151003_070632
9,KLCH20151003_121619_V06,9,0.233,262.72,332.630432,17.646336,-93.41,29.977680,8823.167801,20151003_071619
12,KLCH20151003_122606_V06,19,0.054,302.83,353.207611,26.079575,-93.20,29.885006,13039.787292,20151003_072606
1,KLCH20151006_114731_V06,-22,0.133,320.14,359.616638,2.456108,-93.11,29.856057,1228.054047,20151006_064731
1,KLCH20151006_115717_V06,-12,0.678,320.46,357.423441,10.988717,-93.11,29.865949,5494.358711,20151006_065717
1,KLCH20151006_120703_V06,-2,0.725,319.44,365.354750,16.266274,-93.12,29.830178,8133.137224,20151006_070703
1,KLCH20151006_121648_V06,7,0.753,315.78,369.187254,23.016490,-93.13,29.812904,11508.244963,20151006_071648
1,KLCH20151006_122634_V06,17,0.178,298.26,374.537760,40.611024,-93.22,29.788795,20305.511983,20151006_072634
1,KLCH20151006_123620_V06,27,0.060,294.60,370.634913,42.276078,-93.24,29.806397,21138.038893,20151006_073620
1,KLCH20151006_124605_V06,37,0.060,267.91,350.513245,8.586887,-93.38,29.897055,4293.443680,20151006_074605
1,KLCH20151006_125551_V06,46,0.133,265.34,343.601994,17.524377,-93.40,29.928211,8762.188597,20151006_075551
4,KLCH20151006_115717_V06,-12,0.536,127.94,371.778656,18.257154,-94.11,29.798225,9128.577232,20151006_065717
4,KLCH20151006_120703_V06,-2,-1.000,127.94,371.778656,34.157154,-94.11,29.798225,17078.577232,20151006_070703
4,KLCH20151006_121648_V06,7,0.107,157.25,372.181191,37.608473,-93.95,29.797350,18804.236726,20151006_071648
4,KLCH20151006_122634_V06,17,0.113,146.15,368.918942,46.162650,-94.01,29.811729,23081.325105,20151006_072634
4,KLCH20151006_123620_V06,27,-1.000,141.40,366.303921,54.428988,-94.04,29.823372,27214.493784,20151006_073620
4,KLCH20151006_124605_V06,37,0.061,167.38,386.352081,21.182129,-93.90,29.733716,10591.064453,20151006_074605
3,KLCH20151006_115717_V06,-12,0.593,358.12,282.443542,10.860245,-92.91,30.203840,5430.122375,20151006_065717
3,KLCH20151006_120703_V06,-2,0.336,353.87,297.655996,28.902208,-92.94,30.135275,14451.103812,20151006_070703
20,KLCH20151006_132508_V06,76,0.182,36.53,404.786896,61.381321,-94.58,29.645303,30690.660477,20151006_082508
20,KLCH20151006_133454_V06,85,0.126,36.59,406.768394,68.321458,-94.58,29.636369,34160.728795,20151006_083454
5,KLCH20151006_115717_V06,-12,0.170,202.96,314.347626,12.001518,-93.72,30.059322,6000.759125,20151006_065717
8,KLCH20151006_115717_V06,-12,0.076,271.47,355.904480,14.445217,-93.36,29.872760,7222.608566,20151006_065717
10,KLCH20151006_120703_V06,-2,0.073,494.24,176.358429,2.829285,-92.20,30.678741,1414.642334,20151006_070703
7,KLCH20151019_115135_V06,-26,0.068,445.49,136.058380,12.202820,-92.46,30.862201,6101.409912,20151019_065135
7,KLCH20151019_120122_V06,-16,0.061,460.59,128.751390,24.444146,-92.38,30.894672,12222.073014,20151019_070122
7,KLCH20151019_121109_V06,-6,0.063,480.73,120.553293,32.049810,-92.27,30.930926,16024.904852,20151019_071109
7,KLCH20151019_121444_V06,-3,-1.000,486.51,118.151098,34.543949,-92.24,30.941538,17271.974324,20151019_071444
7,KLCH20151019_121906_V06,2,0.455,487.89,116.656185,32.171576,-92.23,30.948226,16085.787853,20151019_071906
7,KLCH20151019_122328_V06,6,0.523,484.35,115.844680,33.742369,-92.25,30.952022,16871.184711,20151019_072328
7,KLCH20151019_122750_V06,10,0.518,485.98,120.532526,33.854119,-92.24,30.930820,16927.059551,20151019_072750
7,KLCH20151019_123213_V06,15,0.155,479.03,113.436301,42.407351,-92.28,30.963084,21203.675554,20151019_073213
30,KLCH20151019_122328_V06,6,0.135,113.06,324.305908,5.797424,-94.18,30.011795,2898.712158,20151019_072328
30,KLCH20151019_122750_V06,10,-1.000,113.06,324.305908,12.157424,-94.18,30.011795,6078.712158,20151019_072750
30,KLCH20151019_123213_V06,15,0.198,108.63,323.932483,15.647579,-94.21,30.013308,7823.789489,20151019_073213
30,KLCH20151019_123635_V06,19,0.207,109.12,324.062163,20.207236,-94.21,30.012742,10103.617865,20151019_073635
30,KLCH20151019_124058_V06,23,0.593,106.52,325.892666,22.432680,-94.22,30.004384,11216.340074,20151019_074058
20,KLCH20151019_121109_V06,-6,0.102,414.54,449.233551,27.452568,-92.63,29.450534,13726.284027,20151019_071109
20,KLCH20151019_121444_V06,-3,0.715,414.92,449.010489,30.168306,-92.62,29.451531,15084.152842,20151019_071444
20,KLCH20151019_121906_V06,2,0.233,409.42,448.076534,32.353959,-92.65,29.455869,16176.979572,20151019_071906
20,KLCH20151019_122328_V06,6,0.325,416.04,443.150757,23.136398,-92.62,29.477937,11568.199158,20151019_072328
1,KLCH20151019_115135_V06,-26,0.722,418.69,456.554413,31.157173,-92.60,29.417413,15578.586578,20151019_065135
1,KLCH20151019_120122_V06,-16,0.204,417.27,455.054825,37.013517,-92.61,29.424211,18506.758714,20151019_070122
2,KLCH20151019_115135_V06,-26,0.437,328.27,407.565979,17.339172,-93.07,29.639734,8669.586182,20151019_065135
2,KLCH20151019_120122_V06,-16,-1.000,328.27,407.565979,33.239172,-93.07,29.639734,16619.586182,20151019_070122
2,KLCH20151019_121109_V06,-6,0.078,334.89,390.140760,32.354318,-93.04,29.718291,16177.159155,20151019_071109
11,KLCH20151019_120122_V06,-16,0.153,544.98,425.441895,21.649025,-91.95,29.553098,10824.512482,20151019_070122
11,KLCH20151019_121109_V06,-6,0.372,546.69,427.521561,31.620360,-91.94,29.543633,15810.180066,20151019_071109
11,KLCH20151019_121444_V06,-3,-1.000,547.17,428.110146,34.712436,-91.94,29.540955,17356.218062,20151019_071444
11,KLCH20151019_121906_V06,2,0.062,543.49,421.400757,27.571434,-91.96,29.571399,13785.717010,20151019_071906
12,KLCH20151019_120122_V06,-16,0.140,385.36,239.792847,2.668091,-92.77,30.395803,1334.045410,20151019_070122
12,KLCH20151019_121109_V06,-6,0.583,366.99,261.266424,16.978721,-92.87,30.299241,8489.360460,20151019_071109
15,KLCH20151019_120122_V06,-16,0.092,201.64,313.825531,2.747391,-93.73,30.061650,1373.695374,20151019_070122
15,KLCH20151019_121109_V06,-6,0.175,194.70,312.598068,14.394531,-93.76,30.067042,7197.265692,20151019_071109
25,KLCH20151019_121906_V06,2,0.426,127.12,379.647705,17.141975,-94.11,29.762704,8570.987701,20151019_071906
25,KLCH20151019_122328_V06,6,0.074,125.97,380.547907,22.705858,-94.12,29.758604,11352.928949,20151019_072328
31,KLCH20151019_122328_V06,6,0.088,302.93,421.372131,19.834366,-93.20,29.577538,9917.182922,20151019_072328
31,KLCH20151019_122750_V06,10,0.184,303.39,421.688313,25.022016,-93.20,29.576111,12511.008203,20151019_072750
31,KLCH20151019_123213_V06,15,-1.000,303.81,421.975752,31.906244,-93.20,29.574814,15953.122094,20151019_073213
31,KLCH20151019_123635_V06,19,0.420,307.37,419.664917,17.501595,-93.18,29.585234,8750.797272,20151019_073635
31,KLCH20151019_124058_V06,23,0.388,308.14,419.507742,23.497756,-93.17,29.585942,11748.878114,20151019_074058
31,KLCH20151019_124521_V06,28,-1.000,308.84,419.364856,31.116994,-93.17,29.586585,15558.497062,20151019_074521
31,KLCH20151019_124944_V06,32,0.486,310.55,417.391541,20.038490,-93.16,29.595483,10019.245148,20151019_074944
9,KLCH20151019_120122_V06,-16,0.209,172.39,392.128998,5.959625,-93.88,29.707792,2979.812622,20151019_070122
19,KLCH20151019_121109_V06,-6,0.187,138.74,319.955475,6.116692,-94.05,30.032331,3058.345795,20151019_071109
21,KLCH20151019_121109_V06,-6,0.059,257.06,352.667236,15.029716,-93.44,29.887257,7514.858246,20151019_071109
22,KLCH20151019_121444_V06,-3,0.377,486.53,114.953613,28.655106,-92.24,30.955956,14327.552795,20151019_071444
23,KLCH20151019_121444_V06,-3,0.217,133.51,376.633881,19.758307,-94.08,29.776519,9879.153252,20151019_071444
24,KLCH20151019_121444_V06,-3,0.081,510.83,305.391968,21.269585,-92.12,30.096126,10634.792328,20151019_071444
35,KLCH20151019_123213_V06,15,0.784,307.29,420.320801,20.139915,-93.18,29.582276,10069.957733,20151019_073213
42,KLCH20151019_124521_V06,28,0.075,272.98,375.609192,8.049805,-93.36,29.783888,4024.902344,20151019_074521
43,KLCH20151019_124521_V06,28,0.050,63.14,343.717377,22.947250,-94.44,29.922086,11473.625183,20151019_074521
45,KLCH20151019_130917_V06,52,0.109,354.61,404.272339,25.934586,-92.93,29.654369,12967.292786,20151019_080917
12,KLCH20151029_121913_V06,-5,0.659,143.25,322.814728,10.473106,-94.03,30.019582,5236.553192,20151029_071913
12,KLCH20151029_122900_V06,5,0.730,141.98,324.160893,20.025459,-94.03,30.013470,10012.729589,20151029_072900
12,KLCH20151029_123235_V06,8,0.844,139.50,325.399267,22.636083,-94.05,30.007804,11318.041608,20151029_073235
12,KLCH20151029_123657_V06,12,0.864,139.24,325.710316,27.968277,-94.05,30.006392,13984.138450,20151029_073657
12,KLCH20151029_124119_V06,17,0.913,137.00,328.089615,33.509361,-94.06,29.995587,16754.680748,20151029_074119
12,KLCH20151029_124542_V06,21,0.939,137.58,325.763946,37.479030,-94.06,30.006095,18739.515087,20151029_074542
12,KLCH20151029_125004_V06,26,0.404,137.07,324.601683,42.200915,-94.06,30.011320,21100.457704,20151029_075004
12,KLCH20151029_125427_V06,30,0.883,134.18,323.363533,45.019924,-94.08,30.016808,22509.962235,20151029_075427
21,KLCH20151029_123657_V06,12,0.398,269.82,389.055420,11.428223,-93.37,29.723218,5714.111328,20151029_073657
21,KLCH20151029_124119_V06,17,0.834,269.76,392.631673,16.110696,-93.37,29.707087,8055.347750,20151029_074119
21,KLCH20151029_124542_V06,21,0.858,270.17,396.379111,18.724091,-93.37,29.690185,9362.045667,20151029_074542
21,KLCH20151029_125004_V06,26,0.833,272.05,402.594668,19.969403,-93.36,29.662160,9984.701725,20151029_075004
21,KLCH20151029_125427_V06,30,0.935,270.43,406.153198,25.643795,-93.37,29.646099,12821.897552,20151029_075427
21,KLCH20151029_130414_V06,40,0.924,270.47,417.178086,27.953210,-93.37,29.596369,13976.605133,20151029_080414
21,KLCH20151029_131400_V06,50,0.562,269.65,426.953101,33.983070,-93.37,29.552271,16991.534967,20151029_081400
21,KLCH20151029_132347_V06,59,0.121,267.03,432.437618,38.601887,-93.39,29.527514,19300.943689,20151029_082347
22,KLCH20151029_124119_V06,17,0.427,172.17,404.470734,17.421364,-93.88,29.652118,8710.681915,20151029_074119
22,KLCH20151029_124542_V06,21,0.528,171.76,406.163221,22.147438,-93.88,29.644473,11073.718936,20151029_074542
22,KLCH20151029_125004_V06,26,0.383,171.88,411.544890,23.730820,-93.88,29.620201,11865.409896,20151029_075004
22,KLCH20151029_125427_V06,30,0.362,170.47,417.995483,23.939936,-93.88,29.591068,11969.967796,20151029_075427
22,KLCH20151029_130414_V06,40,0.368,179.16,429.247440,28.717106,-93.84,29.540535,14358.552926,20151029_080414
22,KLCH20151029_131400_V06,50,0.872,183.37,444.821082,27.561300,-93.82,29.470388,13780.650249,20151029_081400
22,KLCH20151029_132347_V06,59,0.774,185.54,447.923098,31.794126,-93.81,29.456446,15897.062806,20151029_082347
3,KLCH20151029_120926_V06,-15,0.521,317.15,362.344421,12.379753,-93.13,29.843765,6189.876556,20151029_070926
3,KLCH20151029_121913_V06,-5,0.929,319.90,370.070934,21.970786,-93.11,29.808903,10985.392759,20151029_071913
3,KLCH20151029_122900_V06,5,0.930,319.19,374.445262,29.105618,-93.12,29.789175,14552.808768,20151029_072900
3,KLCH20151029_123235_V06,8,0.933,317.94,375.565622,31.335314,-93.12,29.784126,15667.657081,20151029_073235
3,KLCH20151029_123657_V06,12,0.440,317.83,375.588596,33.185952,-93.12,29.784023,16592.976191,20151029_073657
3,KLCH20151029_124119_V06,17,0.181,323.59,377.564737,36.427393,-93.09,29.775085,18213.696732,20151029_074119
1,KLCH20151029_120926_V06,-15,0.934,501.67,121.928162,12.117470,-92.16,30.923892,6058.734894,20151029_070926
1,KLCH20151029_121913_V06,-5,0.984,502.22,130.220618,24.484105,-92.16,30.886474,12242.052697,20151029_071913
1,KLCH20151029_122900_V06,5,0.884,498.40,135.286410,32.466021,-92.18,30.863789,16233.010597,20151029_072900
1,KLCH20151029_123235_V06,8,0.933,499.80,138.215943,37.349786,-92.17,30.850521,18674.893046,20151029_073235
1,KLCH20151029_123657_V06,12,0.710,503.16,139.794242,42.051039,-92.15,30.843263,21025.519595,20151029_073657
1,KLCH20151029_124119_V06,17,-1.000,506.92,142.081511,48.076797,-92.13,30.832788,24038.398434,20151029_074119
1,KLCH20151029_124542_V06,21,-1.000,509.93,143.911327,52.897403,-92.12,30.824406,26448.701505,20151029_074542
1,KLCH20151029_125004_V06,26,-1.000,513.69,146.198596,58.923161,-92.10,30.813926,29461.580344,20151029_075004
1,KLCH20151029_125427_V06,30,0.116,500.13,150.714068,60.137657,-92.17,30.794146,30068.828685,20151029_075427
1,KLCH20151029_130414_V06,40,-1.000,496.31,157.128518,69.718671,-92.19,30.765377,34859.335417,20151029_080414
1,KLCH20151029_131400_V06,50,0.059,471.58,120.888458,38.356827,-92.32,30.929751,19178.413391,20151029_081400
2,KLCH20151029_120926_V06,-15,0.551,203.71,321.088867,8.571136,-93.71,30.028931,4285.568237,20151029_070926
2,KLCH20151029_121913_V06,-5,0.741,204.85,322.447488,17.498936,-93.71,30.022826,8749.468026,20151029_071913
2,KLCH20151029_122900_V06,5,0.902,202.47,329.782371,25.812302,-93.72,29.989695,12906.151002,20151029_072900
2,KLCH20151029_123235_V06,8,0.911,202.61,330.566621,30.309626,-93.72,29.986161,15154.812942,20151029_073235
2,KLCH20151029_123657_V06,12,0.337,200.71,330.103021,33.968175,-93.73,29.988214,16984.087743,20151029_073657
13,KLCH20151029_121913_V06,-5,0.388,115.39,377.280640,17.264696,-94.17,29.772954,8632.348061,20151029_071913
13,KLCH20151029_122900_V06,5,0.544,112.70,379.271223,21.162699,-94.18,29.763874,10581.349420,20151029_072900
13,KLCH20151029_123235_V06,8,0.127,107.84,381.282424,21.468249,-94.21,29.754615,10734.124651,20151029_073235
17,KLCH20151029_122900_V06,5,0.197,171.80,402.314545,12.563087,-93.88,29.661834,6281.543732,20151029_072900
17,KLCH20151029_123235_V06,8,0.266,171.77,402.613353,17.095055,-93.88,29.660485,8547.527571,20151029_073235
5,KLCH20151029_120926_V06,-15,0.178,130.84,500.038757,12.108892,-94.09,29.219800,6054.446220,20151029_070926
7,KLCH20151029_120926_V06,-15,0.095,369.98,276.598572,8.091049,-92.85,30.230046,4045.524597,20151029_070926
10,KLCH20151029_120926_V06,-15,0.056,481.36,248.759521,12.610001,-92.27,30.352725,6305.000305,20151029_070926
18,KLCH20151029_122900_V06,5,0.099,562.06,273.995361,33.863251,-91.85,30.235236,16931.625366,20151029_072900
24,KLCH20151029_124542_V06,21,0.093,118.39,366.770660,41.917423,-94.16,29.820469,20958.711624,20151029_074542
25,KLCH20151029_124542_V06,21,0.086,208.28,419.935425,8.266724,-93.69,29.583166,4133.361816,20151029_074542
27,KLCH20151029_125427_V06,30,0.127,156.65,530.673462,26.332367,-93.95,29.082422,13166.183472,20151029_075427
30,KLCH20151029_125427_V06,30,0.053,358.13,445.837646,15.335709,-92.92,29.466837,7667.854309,20151029_075427
31,KLCH20151029_130414_V06,40,0.051,35.88,386.028931,45.140106,-94.58,29.729868,22570.053101,20151029_080414
32,KLCH20151029_131400_V06,50,0.066,47.38,283.703583,34.341785,-94.53,30.191953,17170.892715,20151029_081400
34,KLCH20151029_131400_V06,50,0.051,32.89,479.660034,43.259796,-94.59,29.307413,21629.898071,20151029_081400
35,KLCH20151029_133332_V06,69,0.284,307.44,475.875092,16.206966,-93.18,29.331677,8103.483200,20151029_083332
37,KLCH20151029_134319_V06,79,0.280,214.26,406.596527,5.125595,-93.66,29.643442,2562.797546,20151029_084319
40,KLCH20151029_134319_V06,79,0.080,460.54,180.044647,14.947815,-92.38,30.663356,7473.907471,20151029_084319
40,KLCH20151029_134654_V06,82,0.160,453.31,174.830719,11.012054,-92.42,30.687104,5506.027222,20151029_084654
9,KLCH20151220_125440_V06,-10,0.100,238.78,278.360870,4.556519,-93.53,30.222216,2278.259277,20151220_065440
9,KLCH20151220_125850_V06,-6,0.156,238.52,278.184848,10.237108,-93.54,30.223006,5118.553935,20151220_065850
9,KLCH20151220_130253_V06,-2,0.054,235.54,279.058176,13.090583,-93.55,30.219029,6545.291416,20151220_070253
9,KLCH20151220_130708_V06,3,0.055,234.19,290.224159,18.306435,-93.56,30.168649,9153.217578,20151220_070708
9,KLCH20151220_131112_V06,7,0.095,238.27,308.594849,28.727242,-93.54,30.085843,14363.620758,20151220_071112
3,KLCH20151220_123726_V06,-27,0.107,395.15,371.966431,29.907219,-92.72,29.799472,14953.609467,20151220_063726
3,KLCH20151220_124150_V06,-23,0.249,395.74,371.844419,34.662457,-92.72,29.800010,17331.228343,20151220_064150
8,KLCH20151220_125440_V06,-10,0.205,284.25,251.237366,9.425797,-93.30,30.344910,4712.898254,20151220_065440
8,KLCH20151220_125850_V06,-6,0.278,283.59,251.316298,15.678687,-93.30,30.344552,7839.343535,20151220_065850
8,KLCH20151220_130253_V06,-2,0.175,280.66,250.043030,11.715652,-93.32,30.350284,5857.826233,20151220_070253
1,KLCH20151220_123726_V06,-27,0.636,446.64,332.380829,36.542675,-92.46,29.976750,18271.337509,20151220_063726
2,KLCH20151220_123726_V06,-27,0.142,352.98,314.223907,20.939850,-92.94,30.060557,10469.924927,20151220_063726
5,KLCH20151220_125030_V06,-14,0.107,139.95,313.096313,11.183937,-94.05,30.063308,5591.968536,20151220_065030
10,KLCH20151220_125850_V06,-6,0.138,326.71,271.690857,15.083557,-93.08,30.252611,7541.778564,20151220_065850
11,KLCH20151220_125850_V06,-6,0.070,187.25,317.544891,3.118172,-93.80,30.044564,1559.085846,20151220_065850
15,KLCH20151220_131924_V06,15,0.067,328.08,347.245361,16.299938,-93.07,29.911820,8149.969101,20151220_071924
15,KLCH20151220_132333_V06,19,0.063,331.36,342.928894,12.758759,-93.05,29.931270,6379.379272,20151220_072333
16,KLCH20151220_132333_V06,19,0.113,302.99,344.306732,23.601456,-93.20,29.925154,11800.727844,20151220_072333
19,KLCH20151220_133629_V06,32,0.050,296.79,344.367737,27.704231,-93.23,29.924879,13852.115631,20151220_073629
20,KLCH20151220_135826_V06,54,0.432,295.79,349.511536,4.344925,-93.24,29.901677,2172.462463,20151220_075826
22,KLCH20151220_135826_V06,54,0.076,161.01,529.224792,16.678577,-93.93,29.089080,8339.288712,20151220_075826
