track_id,filename,from_sunrise,det_score,x,y,r,lon,lat,radius,local_time
1,KDOX20150722_092939_V06,-25,0.960,301.69,169.494049,10.804962,-75.43,39.413330,5402.481079,20150722_052939
1,KDOX20150722_093908_V06,-15,0.958,301.73,172.649647,14.919853,-75.43,39.399119,7459.926600,20150722_053908
1,KDOX20150722_094834_V06,-6,0.849,302.60,175.788515,18.320284,-75.42,39.384982,9160.141799,20150722_054834
1,KDOX20150722_095801_V06,4,0.717,305.69,189.962852,25.997979,-75.41,39.321143,12998.989461,20150722_055801
1,KDOX20150722_100729_V06,13,0.820,291.84,159.499553,23.841118,-75.49,39.458332,11920.558870,20150722_060729
1,KDOX20150722_101701_V06,23,0.678,289.63,163.914035,26.064551,-75.50,39.438445,13032.275725,20150722_061701
5,KDOX20150722_092939_V06,-25,0.489,283.97,157.262360,12.876923,-75.53,39.468379,6438.461304,20150722_052939
5,KDOX20150722_093908_V06,-15,0.054,284.43,154.166050,19.940061,-75.53,39.482326,9970.030449,20150722_053908
5,KDOX20150722_094834_V06,-6,0.190,299.96,134.815369,32.138830,-75.44,39.569506,16069.414917,20150722_054834
5,KDOX20150722_095801_V06,4,0.076,318.12,144.833239,46.611858,-75.33,39.524344,23305.929056,20150722_055801
5,KDOX20150722_100729_V06,13,0.427,307.45,149.105436,44.523465,-75.40,39.505143,22261.732741,20150722_060729
5,KDOX20150722_101701_V06,23,0.056,309.42,149.152626,49.110813,-75.39,39.504926,24555.406583,20150722_061701
2,KDOX20150722_092939_V06,-25,0.955,234.52,404.081604,13.568687,-75.81,38.356154,6784.343719,20150722_052939
2,KDOX20150722_093908_V06,-15,0.428,234.21,404.434162,19.262493,-75.82,38.354560,9631.246615,20150722_053908
2,KDOX20150722_094834_V06,-6,0.869,234.96,417.353715,24.646371,-75.81,38.296380,12323.185523,20150722_054834
2,KDOX20150722_095801_V06,4,0.470,231.76,418.654674,25.419698,-75.83,38.290460,12709.849159,20150722_055801
2,KDOX20150722_100729_V06,13,0.108,235.30,395.404724,12.252930,-75.81,38.395252,6126.464844,20150722_060729
4,KDOX20150722_092939_V06,-25,0.560,168.09,202.191742,19.031967,-76.20,39.263581,9515.983582,20150722_052939
4,KDOX20150722_093908_V06,-15,0.905,169.18,201.986909,19.898436,-76.20,39.264545,9949.218131,20150722_053908
4,KDOX20150722_094834_V06,-6,0.916,176.44,214.267163,32.009146,-76.16,39.209505,16004.573224,20150722_054834
4,KDOX20150722_095801_V06,4,0.486,179.34,225.376586,42.215453,-76.14,39.159575,21107.726649,20150722_055801
6,KDOX20150722_092939_V06,-25,0.471,463.59,147.196930,11.723572,-74.49,39.509893,5861.785889,20150722_052939
6,KDOX20150722_093908_V06,-15,0.878,469.30,159.308002,22.934176,-74.46,39.455083,11467.088028,20150722_053908
6,KDOX20150722_094834_V06,-6,0.868,473.31,168.751979,29.637572,-74.43,39.412357,14818.785854,20150722_054834
6,KDOX20150722_095801_V06,4,0.295,489.61,167.446316,34.771886,-74.34,39.417387,17385.942797,20150722_055801
14,KDOX20150722_092939_V06,-25,0.053,212.30,340.212891,7.204121,-75.94,38.643351,3602.060318,20150722_052939
14,KDOX20150722_093908_V06,-15,0.211,211.42,343.113962,14.486646,-75.95,38.630262,7243.323076,20150722_053908
14,KDOX20150722_094834_V06,-6,0.784,206.36,351.352498,16.234491,-75.98,38.593025,8117.245289,20150722_054834
14,KDOX20150722_095801_V06,4,-1.000,201.48,359.502261,19.088567,-76.01,38.556186,9544.283442,20150722_055801
14,KDOX20150722_100729_V06,13,0.547,210.60,374.282215,28.007763,-75.95,38.489856,14003.881503,20150722_060729
3,KDOX20150722_092939_V06,-25,0.932,379.28,209.366516,10.675812,-74.98,39.232860,5337.905884,20150722_052939
3,KDOX20150722_093908_V06,-15,0.902,384.35,223.672270,25.230763,-74.95,39.168314,12615.381600,20150722_053908
3,KDOX20150722_094834_V06,-6,0.211,390.09,238.546390,36.875059,-74.92,39.101183,18437.529601,20150722_054834
3,KDOX20150722_095801_V06,4,0.205,379.31,220.423431,15.620422,-74.98,39.183064,7810.211182,20150722_055801
24,KDOX20150722_095801_V06,4,0.932,18.87,415.744232,20.141104,-77.05,38.293133,10070.551872,20150722_055801
24,KDOX20150722_100729_V06,13,0.908,24.31,425.641429,28.106188,-77.01,38.248987,14053.094084,20150722_060729
24,KDOX20150722_101701_V06,23,0.329,34.14,445.266223,43.070215,-76.96,38.161351,21535.107589,20150722_061701
32,KDOX20150722_095801_V06,4,0.082,333.70,312.066650,5.622482,-75.25,38.771050,2811.241150,20150722_055801
32,KDOX20150722_100729_V06,13,0.129,332.87,314.155492,16.147843,-75.25,38.761650,8073.921672,20150722_060729
37,KDOX20150722_100729_V06,13,0.155,272.18,511.205780,20.503784,-75.60,37.874102,10251.892090,20150722_060729
37,KDOX20150722_101701_V06,23,0.075,274.11,510.292982,28.418510,-75.59,37.878228,14209.254979,20150722_061701
47,KDOX20150722_110649_V06,72,0.084,186.32,359.699951,2.794601,-76.09,38.554841,1397.300720,20150722_070649
47,KDOX20150722_111616_V06,82,0.179,186.17,360.710288,9.896566,-76.09,38.550286,4948.282952,20150722_071616
48,KDOX20150722_110649_V06,72,0.052,16.19,451.251556,21.235352,-77.06,38.133016,10617.675781,20150722_070649
48,KDOX20150722_111616_V06,82,0.057,21.67,459.162913,39.036524,-77.03,38.097818,19518.261824,20150722_071616
13,KDOX20150722_092939_V06,-25,0.057,382.86,233.157654,15.054871,-74.96,39.125630,7527.435303,20150722_052939
15,KDOX20150722_092939_V06,-25,0.052,293.57,204.990051,29.634018,-75.48,39.253464,14817.008972,20150722_052939
26,KDOX20150722_095801_V06,4,0.253,328.45,367.305359,9.202232,-75.28,38.522294,4601.116180,20150722_055801
28,KDOX20150722_095801_V06,4,0.228,204.89,52.563599,11.825348,-76.00,39.938595,5912.673950,20150722_055801
40,KDOX20150722_102631_V06,32,0.087,186.13,359.807495,3.007736,-76.09,38.554351,1503.868103,20150722_062631
42,KDOX20150722_102631_V06,32,0.051,452.96,108.897095,34.806236,-74.55,39.682845,17403.118134,20150722_062631
43,KDOX20150722_103603_V06,42,0.070,194.46,571.956665,18.408726,-76.04,37.598995,9204.362869,20150722_063603
44,KDOX20150722_103603_V06,42,0.051,343.71,63.072937,10.533966,-75.18,39.892307,5266.983032,20150722_063603
45,KDOX20150722_104743_V06,53,0.144,384.85,256.579407,20.946198,-74.95,39.020098,10473.098755,20150722_064743
46,KDOX20150722_104743_V06,53,0.051,35.13,380.044678,65.257370,-76.96,38.455149,32628.684998,20150722_064743
2,KDOX20150810_094702_V06,-23,0.357,454.44,132.919983,14.156952,-74.54,39.574603,7078.475952,20150810_054702
2,KDOX20150810_095149_V06,-19,0.914,455.61,131.688539,17.835005,-74.53,39.580096,8917.502697,20150810_055149
2,KDOX20150810_095636_V06,-14,0.914,457.06,132.084287,20.171118,-74.53,39.578249,10085.558993,20150810_055636
2,KDOX20150810_100123_V06,-9,0.931,457.92,132.378889,23.313299,-74.52,39.576883,11656.649747,20150810_060123
2,KDOX20150810_100612_V06,-4,0.942,454.70,137.742825,30.288203,-74.54,39.552874,15144.101380,20150810_060612
2,KDOX20150810_101101_V06,1,0.940,453.73,140.054542,36.573840,-74.55,39.542507,18286.920167,20150810_061101
2,KDOX20150810_101549_V06,5,0.860,453.50,140.867303,42.737148,-74.55,39.538857,21368.574223,20150810_061549
2,KDOX20150810_102038_V06,10,0.820,458.89,139.724087,44.531212,-74.52,39.543763,22265.606116,20150810_062038
2,KDOX20150810_102526_V06,15,0.661,463.26,135.868683,43.921507,-74.49,39.560921,21960.753570,20150810_062526
2,KDOX20150810_103016_V06,20,0.328,460.88,132.160047,47.603131,-74.50,39.577733,23801.565551,20150810_063016
2,KDOX20150810_103509_V06,25,0.145,463.88,128.497628,47.306082,-74.49,39.594084,23653.040872,20150810_063509
1,KDOX20150810_094216_V06,-28,0.951,381.04,197.869415,11.784927,-74.97,39.284598,5892.463684,20150810_054216
1,KDOX20150810_094702_V06,-23,0.948,380.08,198.318348,17.519485,-74.98,39.282599,8759.742613,20150810_054702
1,KDOX20150810_095149_V06,-19,0.800,382.32,198.357482,22.984372,-74.96,39.282370,11492.185887,20150810_055149
1,KDOX20150810_095636_V06,-14,0.718,383.96,200.724739,27.364059,-74.95,39.271670,13682.029628,20150810_055636
1,KDOX20150810_100123_V06,-9,0.617,385.72,203.002487,29.450115,-74.94,39.261369,14725.057350,20150810_060123
1,KDOX20150810_100612_V06,-4,0.269,391.72,202.817689,34.138554,-74.91,39.262049,17069.276953,20150810_060612
1,KDOX20150810_101101_V06,1,0.602,400.57,207.277442,35.073564,-74.86,39.241721,17536.782223,20150810_061101
1,KDOX20150810_101549_V06,5,-1.000,406.64,209.805883,36.657826,-74.82,39.230154,18328.913086,20150810_061549
1,KDOX20150810_102038_V06,10,0.073,394.05,218.456528,50.315118,-74.90,39.191556,25157.559207,20150810_062038
1,KDOX20150810_102526_V06,15,-1.000,390.29,224.702205,58.857249,-74.92,39.163527,29428.624371,20150810_062526
1,KDOX20150810_103016_V06,20,0.212,374.32,207.503143,5.643311,-75.01,39.241361,2821.655273,20150810_063016
4,KDOX20150810_094702_V06,-23,0.059,296.15,160.016693,5.771866,-75.46,39.456010,2885.932922,20150810_054702
4,KDOX20150810_095149_V06,-19,0.771,296.36,159.550401,10.428138,-75.46,39.458110,5214.068874,20150810_055149
4,KDOX20150810_095636_V06,-14,0.946,296.39,159.363177,11.111996,-75.46,39.458953,5555.997948,20150810_055636
4,KDOX20150810_100123_V06,-9,0.946,295.39,157.873753,15.271225,-75.47,39.465660,7635.612728,20150810_060123
4,KDOX20150810_100612_V06,-4,0.893,293.56,155.680782,17.891603,-75.48,39.475533,8945.801355,20150810_060612
4,KDOX20150810_101101_V06,1,0.850,295.67,154.973083,21.559939,-75.47,39.478723,10779.969598,20150810_061101
4,KDOX20150810_101549_V06,5,0.217,298.18,156.487676,24.116994,-75.45,39.471905,12058.497200,20150810_061549
10,KDOX20150810_095636_V06,-14,0.549,299.94,86.829712,10.630051,-75.44,39.785602,5315.025330,20150810_055636
10,KDOX20150810_100123_V06,-9,0.947,298.84,84.204754,18.228786,-75.45,39.797423,9114.393193,20150810_060123
10,KDOX20150810_100612_V06,-4,0.911,301.48,81.768599,23.320944,-75.43,39.808393,11660.471847,20150810_060612
10,KDOX20150810_101101_V06,1,0.802,305.00,77.661240,23.822616,-75.41,39.826886,11911.307868,20150810_061101
10,KDOX20150810_101549_V06,5,0.730,310.25,74.580992,24.892745,-75.38,39.840746,12446.372259,20150810_061549
10,KDOX20150810_102038_V06,10,0.144,313.73,66.985926,25.384261,-75.36,39.874936,12692.130419,20150810_062038
13,KDOX20150810_095636_V06,-14,0.076,231.07,390.975677,5.514656,-75.83,38.415122,2757.328033,20150810_055636
13,KDOX20150810_100123_V06,-9,0.869,230.68,387.997115,11.854463,-75.84,38.428530,5927.231381,20150810_060123
13,KDOX20150810_100612_V06,-4,0.936,231.13,387.314958,15.727719,-75.83,38.431612,7863.859727,20150810_060612
13,KDOX20150810_101101_V06,1,0.852,229.86,386.900699,19.368843,-75.84,38.433453,9684.421495,20150810_061101
13,KDOX20150810_101549_V06,5,0.681,226.92,386.813099,22.884101,-75.86,38.433788,11442.050433,20150810_061549
13,KDOX20150810_102038_V06,10,0.161,221.31,385.246489,28.309440,-75.89,38.440725,14154.720113,20150810_062038
14,KDOX20150810_100123_V06,-9,0.134,170.77,174.753937,14.068039,-76.19,39.387244,7034.019470,20150810_060123
14,KDOX20150810_100612_V06,-4,0.365,170.34,174.760914,20.174564,-76.19,39.387197,10087.281827,20150810_060612
14,KDOX20150810_101101_V06,1,0.175,169.71,173.513772,22.040635,-76.20,39.392790,11020.317561,20150810_061101
14,KDOX20150810_101549_V06,5,0.407,171.22,169.269768,25.833151,-76.19,39.411958,12916.575471,20150810_061549
30,KDOX20150810_104940_V06,39,0.057,433.29,252.830231,42.867752,-74.67,39.035477,21433.876038,20150810_064940
30,KDOX20150810_105428_V06,44,0.072,433.07,253.926739,49.178157,-74.67,39.030547,24589.078353,20150810_065428
30,KDOX20150810_105917_V06,49,0.152,436.86,255.980701,50.296868,-74.65,39.021151,25148.433932,20150810_065917
30,KDOX20150810_110405_V06,54,-1.000,439.77,257.773444,52.645883,-74.63,39.012963,26322.941643,20150810_070405
30,KDOX20150810_110853_V06,58,0.101,438.16,260.981935,49.997822,-74.64,38.998577,24998.910872,20150810_070853
15,KDOX20150810_100123_V06,-9,0.077,408.86,280.686432,25.196091,-74.81,38.910863,12598.045349,20150810_060123
15,KDOX20150810_100612_V06,-4,0.099,409.13,280.520445,30.719797,-74.81,38.911603,15359.898494,20150810_060612
15,KDOX20150810_101101_V06,1,-1.000,409.35,280.386585,36.713109,-74.81,38.912199,18356.554256,20150810_061101
15,KDOX20150810_101549_V06,5,0.116,398.72,273.990387,12.855820,-74.87,38.941320,6427.909851,20150810_061549
8,KDOX20150810_095149_V06,-19,0.062,328.23,367.469360,18.423523,-75.28,38.521557,9211.761475,20150810_055149
8,KDOX20150810_095636_V06,-14,-1.000,328.23,367.469360,26.373523,-75.28,38.521557,13186.761475,20150810_055636
8,KDOX20150810_100123_V06,-9,-1.000,328.23,367.469360,34.323523,-75.28,38.521557,17161.761475,20150810_060123
8,KDOX20150810_100612_V06,-4,-1.000,328.23,367.469360,42.273523,-75.28,38.521557,21136.761475,20150810_060612
8,KDOX20150810_101101_V06,1,0.273,313.48,371.468637,57.284216,-75.36,38.503630,28642.107877,20150810_061101
28,KDOX20150810_103509_V06,25,0.465,302.70,166.877197,20.369690,-75.42,39.425115,10184.844971,20150810_063509
28,KDOX20150810_104000_V06,30,0.106,299.96,167.073845,27.665330,-75.44,39.424230,13832.665141,20150810_064000
28,KDOX20150810_104450_V06,34,0.350,299.71,166.438904,24.247406,-75.44,39.427090,12123.703003,20150810_064450
28,KDOX20150810_104940_V06,39,0.062,299.72,167.221219,31.145036,-75.44,39.423566,15572.518033,20150810_064940
11,KDOX20150810_095636_V06,-14,0.506,426.04,176.566772,8.785736,-74.71,39.379197,4392.868042,20150810_055636
16,KDOX20150810_100123_V06,-9,0.074,305.39,218.564484,8.265335,-75.41,39.192331,4132.667542,20150810_060123
18,KDOX20150810_100612_V06,-4,0.071,305.74,378.585205,66.202446,-75.41,38.471596,33101.222992,20150810_060612
26,KDOX20150810_102526_V06,15,0.053,280.55,496.467560,21.037628,-75.55,37.940548,10518.814087,20150810_062526
31,KDOX20150810_110405_V06,54,0.071,437.84,251.225891,43.417709,-74.64,39.042527,21708.854675,20150810_070405
3,KDOX20150814_095019_V06,-24,0.812,180.63,177.564514,12.401634,-76.13,39.374939,6200.817108,20150814_055019
3,KDOX20150814_095948_V06,-15,0.922,182.76,178.495337,20.951529,-76.12,39.370820,10475.764337,20150814_055948
3,KDOX20150814_100919_V06,-5,0.955,188.04,187.406814,35.436140,-76.09,39.330861,17718.070144,20150814_060919
3,KDOX20150814_101410_V06,0,0.925,184.78,190.815911,39.747450,-76.11,39.315402,19873.724877,20150814_061410
3,KDOX20150814_101901_V06,5,0.868,183.12,192.747349,41.839093,-76.12,39.306649,20919.546461,20150814_061901
3,KDOX20150814_102353_V06,9,0.851,181.88,193.157034,47.104138,-76.12,39.304762,23552.068820,20150814_062353
3,KDOX20150814_102844_V06,14,0.211,174.98,193.637351,51.187406,-76.16,39.302359,25593.703094,20150814_062844
3,KDOX20150814_103335_V06,19,-1.000,168.94,194.177549,55.531650,-76.20,39.299704,27765.824946,20150814_063335
3,KDOX20150814_103826_V06,24,0.257,169.19,198.308930,54.057015,-76.20,39.281108,27028.507461,20150814_063826
29,KDOX20150814_101410_V06,0,0.089,14.87,383.835754,16.118671,-77.07,38.436508,8059.335709,20150814_061410
29,KDOX20150814_101901_V06,5,0.100,15.90,386.139969,24.041719,-77.07,38.426214,12020.859426,20150814_061901
29,KDOX20150814_102353_V06,9,0.766,19.04,386.885909,27.617510,-77.05,38.423104,13808.755075,20150814_062353
29,KDOX20150814_102844_V06,14,0.855,22.63,392.802738,32.247323,-77.03,38.396741,16123.661456,20150814_062844
29,KDOX20150814_103335_V06,19,0.851,25.99,395.982569,33.573803,-77.01,38.382682,16786.901475,20150814_063335
29,KDOX20150814_103826_V06,24,0.890,27.12,402.416334,39.520497,-77.00,38.353795,19760.248409,20150814_063826
29,KDOX20150814_104316_V06,29,0.221,30.76,412.740377,50.545924,-76.98,38.307579,25272.962100,20150814_064316
13,KDOX20150814_095019_V06,-24,0.063,462.87,135.553680,5.464828,-74.49,39.562358,2732.414246,20150814_055019
13,KDOX20150814_095948_V06,-15,-1.000,462.87,135.553680,19.774828,-74.49,39.562358,9887.414246,20150814_055948
13,KDOX20150814_100919_V06,-5,-1.000,462.87,135.553680,35.674828,-74.49,39.562358,17837.414246,20150814_060919
13,KDOX20150814_101410_V06,0,0.554,466.84,138.342051,34.899600,-74.47,39.549613,17449.800094,20150814_061410
13,KDOX20150814_101901_V06,5,0.362,467.71,137.145287,35.339501,-74.46,39.554960,17669.750346,20150814_061901
13,KDOX20150814_102353_V06,9,0.633,468.57,133.654153,34.268690,-74.46,39.570639,17134.344865,20150814_062353
13,KDOX20150814_102844_V06,14,0.741,467.26,137.949442,41.915149,-74.47,39.551361,20957.574334,20150814_062844
13,KDOX20150814_103335_V06,19,0.522,467.93,138.047568,44.419589,-74.46,39.550887,22209.794730,20150814_063335
5,KDOX20150814_095019_V06,-24,0.431,304.02,99.849670,12.888374,-75.42,39.726967,6444.187164,20150814_055019
5,KDOX20150814_095948_V06,-15,0.953,303.00,90.279408,14.365993,-75.42,39.770066,7182.996588,20150814_055948
5,KDOX20150814_100919_V06,-5,0.917,303.83,95.689015,24.860458,-75.42,39.745704,12430.228801,20150814_060919
5,KDOX20150814_101410_V06,0,0.878,306.08,90.668970,24.428383,-75.40,39.768308,12214.191581,20150814_061410
5,KDOX20150814_101901_V06,5,0.757,305.33,90.997684,27.473911,-75.41,39.766828,13736.955470,20150814_061901
4,KDOX20150814_095019_V06,-24,0.742,232.77,387.518799,9.840088,-75.82,38.430725,4920.043945,20150814_055019
4,KDOX20150814_095948_V06,-15,0.742,233.79,388.270788,20.001191,-75.82,38.427357,10000.595409,20150814_055948
4,KDOX20150814_100919_V06,-5,0.604,231.72,397.161146,25.859209,-75.83,38.387273,12929.604704,20150814_060919
4,KDOX20150814_101410_V06,0,-1.000,230.80,401.288689,29.013356,-75.84,38.368664,14506.678048,20150814_061410
4,KDOX20150814_101901_V06,5,0.084,234.70,403.913420,27.465876,-75.81,38.356915,13732.937980,20150814_061901
4,KDOX20150814_102353_V06,9,0.077,243.98,406.111852,25.855241,-75.76,38.347171,12927.620427,20150814_062353
8,KDOX20150814_095019_V06,-24,0.170,367.71,202.797363,16.450287,-75.05,39.262689,8225.143433,20150814_055019
8,KDOX20150814_095948_V06,-15,0.188,365.82,203.620412,25.653478,-75.06,39.259018,12826.738988,20150814_055948
8,KDOX20150814_100919_V06,-5,0.478,373.46,197.235478,28.388785,-75.01,39.287621,14194.392596,20150814_060919
8,KDOX20150814_101410_V06,0,-1.000,376.64,194.522295,30.278471,-75.00,39.299772,15139.235381,20150814_061410
8,KDOX20150814_101901_V06,5,-1.000,379.82,191.809112,32.168156,-74.98,39.311919,16084.078166,20150814_061901
8,KDOX20150814_102353_V06,9,0.187,393.42,194.639711,34.723948,-74.90,39.298834,17361.974069,20150814_062353
8,KDOX20150814_102844_V06,14,0.157,389.86,198.484319,43.280948,-74.92,39.281613,21640.474054,20150814_062844
2,KDOX20150814_095019_V06,-24,0.893,298.09,163.676727,6.563797,-75.45,39.439529,3281.898499,20150814_055019
2,KDOX20150814_095948_V06,-15,0.863,298.78,161.437643,16.478115,-75.45,39.449613,8239.057477,20150814_055948
2,KDOX20150814_100919_V06,-5,0.237,301.31,160.709500,17.924087,-75.43,39.452892,8962.043291,20150814_060919
2,KDOX20150814_101410_V06,0,0.127,302.78,143.795477,22.676395,-75.42,39.529063,11338.197602,20150814_061410
28,KDOX20150814_101410_V06,0,0.093,397.15,264.811523,12.716751,-74.88,38.982704,6358.375549,20150814_061410
28,KDOX20150814_101901_V06,5,0.133,396.64,264.399306,19.122958,-74.88,38.984574,9561.479016,20150814_061901
28,KDOX20150814_102353_V06,9,0.229,405.40,266.088872,24.871237,-74.83,38.976713,12435.618515,20150814_062353
28,KDOX20150814_102844_V06,14,0.082,411.52,263.411733,26.390187,-74.80,38.988581,13195.093729,20150814_062844
32,KDOX20150814_101410_V06,0,0.062,308.48,120.532501,6.216003,-75.39,39.633817,3108.001709,20150814_061410
32,KDOX20150814_101901_V06,5,0.051,309.58,121.064842,13.107673,-75.38,39.631417,6553.836433,20150814_061901
32,KDOX20150814_102353_V06,9,0.111,316.39,121.901413,15.141246,-75.34,39.627624,7570.622970,20150814_062353
32,KDOX20150814_102844_V06,14,0.118,318.60,127.651216,19.547528,-75.33,39.601719,9773.764047,20150814_062844
11,KDOX20150814_095019_V06,-24,0.081,424.57,178.057770,2.546448,-74.72,39.372536,1273.223877,20150814_055019
11,KDOX20150814_095948_V06,-15,0.680,428.27,179.952360,12.180143,-74.70,39.363869,6090.071381,20150814_055948
14,KDOX20150814_095948_V06,-15,0.202,393.44,265.230957,12.932846,-74.90,38.980915,6466.423035,20150814_055948
14,KDOX20150814_100919_V06,-5,0.050,401.26,263.160740,26.587358,-74.86,38.990022,13293.678793,20150814_060919
18,KDOX20150814_100919_V06,-5,0.452,178.61,81.885681,8.278236,-76.15,39.805732,4139.118195,20150814_060919
18,KDOX20150814_101410_V06,0,0.098,178.76,81.502697,14.606870,-76.15,39.807462,7303.434957,20150814_061410
27,KDOX20150814_101410_V06,0,0.148,372.46,200.591248,24.172287,-75.02,39.272529,12086.143494,20150814_061410
27,KDOX20150814_101901_V06,5,0.193,371.69,200.229774,29.695914,-75.02,39.274173,14847.957223,20150814_061901
38,KDOX20150814_102353_V06,9,0.061,328.56,411.805237,22.542557,-75.28,38.321852,11271.278381,20150814_062353
38,KDOX20150814_102844_V06,14,0.218,330.55,413.044649,28.072714,-75.27,38.316252,14036.357139,20150814_062844
44,KDOX20150814_111702_V06,63,0.095,401.23,334.357452,11.160263,-74.86,38.669362,5580.131531,20150814_071702
44,KDOX20150814_112151_V06,67,0.269,399.53,334.976681,17.274977,-74.87,38.666622,8637.488303,20150814_072151
44,KDOX20150814_112639_V06,72,-1.000,397.98,335.539617,25.001989,-74.88,38.664129,12500.994460,20150814_072639
44,KDOX20150814_113127_V06,77,0.540,395.91,337.761047,10.748993,-74.89,38.654181,5374.496460,20150814_073127
15,KDOX20150814_095948_V06,-15,0.160,321.07,422.044464,4.453766,-75.32,38.275782,2226.882935,20150814_055948
26,KDOX20150814_101410_V06,0,0.310,235.36,405.773254,21.946529,-75.81,38.348550,10973.264694,20150814_061410
31,KDOX20150814_101410_V06,0,0.066,335.96,312.034760,4.969147,-75.23,38.771172,2484.573364,20150814_061410
37,KDOX20150814_102353_V06,9,0.073,206.17,329.142761,20.096436,-75.98,38.693053,10048.217773,20150814_062353
39,KDOX20150814_102353_V06,9,0.057,279.85,197.387238,16.061737,-75.56,39.287652,8030.868530,20150814_062353
42,KDOX20150814_104807_V06,34,0.055,390.55,242.683289,29.292221,-74.92,39.082540,14646.110535,20150814_064807
43,KDOX20150814_110725_V06,53,0.061,404.84,332.033997,15.515316,-74.84,38.679722,7757.658005,20150814_070725
2,KDOX20150821_095348_V06,-27,0.244,233.77,399.745178,4.249313,-75.82,38.375673,2124.656677,20150821_055348
2,KDOX20150821_095722_V06,-23,0.624,234.08,399.431886,9.539228,-75.82,38.377090,4769.614250,20150821_055722
2,KDOX20150821_100058_V06,-20,0.809,235.18,400.682813,11.564235,-75.81,38.371475,5782.117533,20150821_060058
2,KDOX20150821_100432_V06,-16,0.891,234.97,404.887580,13.909276,-75.81,38.352532,6954.637877,20150821_060432
2,KDOX20150821_100806_V06,-12,0.882,235.71,408.014542,15.901786,-75.81,38.338460,7950.893060,20150821_060806
2,KDOX20150821_101141_V06,-9,0.695,236.45,408.460188,17.716070,-75.80,38.336466,8858.035181,20150821_061141
2,KDOX20150821_101516_V06,-5,0.775,236.53,411.776202,22.086037,-75.80,38.321531,11043.018372,20150821_061516
2,KDOX20150821_101851_V06,-2,0.785,236.05,415.177604,25.185807,-75.81,38.306202,12592.903301,20150821_061851
2,KDOX20150821_102224_V06,2,0.808,234.95,417.212027,26.793677,-75.81,38.297018,13396.838733,20150821_062224
2,KDOX20150821_102557_V06,5,0.871,235.95,420.291086,29.900060,-75.81,38.283167,14950.030023,20150821_062557
2,KDOX20150821_102932_V06,9,0.929,236.37,424.601612,33.061547,-75.80,38.263758,16530.773696,20150821_062932
2,KDOX20150821_103253_V06,12,0.902,236.50,425.850058,32.906661,-75.80,38.258137,16453.330362,20150821_063253
2,KDOX20150821_103614_V06,16,0.692,235.35,426.015757,33.995741,-75.81,38.257370,16997.870283,20150821_063614
2,KDOX20150821_103935_V06,19,0.893,235.44,429.784712,35.428920,-75.81,38.240395,17714.460057,20150821_063935
2,KDOX20150821_104256_V06,22,0.350,237.29,434.953939,37.552812,-75.80,38.217143,18776.405763,20150821_064256
1,KDOX20150821_095348_V06,-27,0.657,381.34,204.189301,6.122849,-74.97,39.256129,3061.424255,20150821_055348
1,KDOX20150821_095722_V06,-23,0.934,381.28,203.688472,9.813087,-74.97,39.258386,4906.543615,20150821_055722
1,KDOX20150821_100058_V06,-20,0.945,382.45,205.651395,13.252926,-74.96,39.249518,6626.463212,20150821_060058
1,KDOX20150821_100432_V06,-16,0.938,383.26,208.083286,16.638049,-74.96,39.238547,8319.024598,20150821_060432
1,KDOX20150821_100806_V06,-12,0.955,383.73,209.987163,20.255073,-74.96,39.229962,10127.536525,20150821_060806
1,KDOX20150821_101141_V06,-9,0.953,384.87,212.405695,24.760033,-74.95,39.219042,12380.016300,20150821_061141
1,KDOX20150821_101516_V06,-5,0.973,385.24,213.818047,29.538884,-74.95,39.212672,14769.441979,20150821_061516
1,KDOX20150821_101851_V06,-2,0.975,385.78,215.539295,32.180241,-74.94,39.204907,16090.120690,20150821_061851
1,KDOX20150821_102224_V06,2,0.981,388.08,219.619719,36.243718,-74.93,39.186473,18121.858769,20150821_062224
1,KDOX20150821_102557_V06,5,0.967,390.70,222.897374,38.929091,-74.92,39.171645,19464.545698,20150821_062557
1,KDOX20150821_102932_V06,9,0.950,390.66,224.151500,39.584911,-74.92,39.165998,19792.455424,20150821_062932
1,KDOX20150821_103253_V06,12,0.894,389.57,221.254005,39.445360,-74.92,39.179075,19722.679916,20150821_063253
1,KDOX20150821_103614_V06,16,0.260,394.91,225.352243,45.614371,-74.89,39.160477,22807.185263,20150821_063614
11,KDOX20150821_095722_V06,-23,0.620,177.55,190.301819,8.187378,-76.15,39.317471,4093.688965,20150821_055722
11,KDOX20150821_100058_V06,-20,0.764,177.03,190.252788,11.967288,-76.15,39.317674,5983.644144,20150821_060058
11,KDOX20150821_100432_V06,-16,0.897,177.09,192.305034,12.049007,-76.15,39.308434,6024.503481,20150821_060432
11,KDOX20150821_100806_V06,-12,0.860,179.41,199.235777,19.688629,-76.14,39.277302,9844.314363,20150821_060806
11,KDOX20150821_101141_V06,-9,0.902,180.80,205.186117,28.607990,-76.13,39.250553,14303.994916,20150821_061141
11,KDOX20150821_101516_V06,-5,0.888,179.09,204.556404,32.734417,-76.14,39.253330,16367.208503,20150821_061516
11,KDOX20150821_101851_V06,-2,0.707,179.96,204.906615,34.685289,-76.14,39.251783,17342.644471,20150821_061851
11,KDOX20150821_102224_V06,2,0.442,181.12,203.834552,37.299846,-76.13,39.256650,18649.923075,20150821_062224
11,KDOX20150821_102557_V06,5,0.066,182.63,205.015140,39.896137,-76.12,39.251385,19948.068641,20150821_062557
29,KDOX20150821_101851_V06,-2,0.168,12.10,413.792023,16.361252,-77.09,38.301383,8180.625916,20150821_061851
29,KDOX20150821_102224_V06,2,0.112,12.34,414.182297,21.659527,-77.08,38.299645,10829.763501,20150821_062224
29,KDOX20150821_102557_V06,5,0.618,14.89,418.302363,22.172968,-77.07,38.281296,11086.484206,20150821_062557
29,KDOX20150821_102932_V06,9,0.793,19.96,420.115729,26.713675,-77.04,38.273532,13356.837453,20150821_062932
29,KDOX20150821_103253_V06,12,0.893,22.47,418.381751,30.346406,-77.03,38.281537,15173.203071,20150821_063253
29,KDOX20150821_103614_V06,16,0.736,25.57,424.506937,34.626414,-77.01,38.254192,17313.206985,20150821_063614
29,KDOX20150821_103935_V06,19,0.485,28.54,427.437971,38.267105,-76.99,38.241221,19133.552700,20150821_063935
29,KDOX20150821_104256_V06,22,0.191,30.80,428.594674,41.559333,-76.98,38.236182,20779.666506,20150821_064256
41,KDOX20150821_103614_V06,16,0.368,444.79,131.459229,12.158386,-74.60,39.581598,6079.193115,20150821_063614
41,KDOX20150821_103935_V06,19,0.061,444.04,131.308537,16.277402,-74.60,39.582307,8138.700975,20150821_063935
41,KDOX20150821_104256_V06,22,0.067,443.91,130.443262,19.321837,-74.60,39.586209,9660.918584,20150821_064256
41,KDOX20150821_104618_V06,26,0.136,447.35,139.259103,28.341931,-74.58,39.546366,14170.965319,20150821_064618
41,KDOX20150821_104940_V06,29,0.200,446.28,139.114728,30.217316,-74.59,39.547061,15108.657866,20150821_064940
41,KDOX20150821_105301_V06,33,0.070,442.77,144.773643,32.487090,-74.61,39.521724,16243.545220,20150821_065301
41,KDOX20150821_105623_V06,36,0.171,444.50,152.370844,37.249651,-74.60,39.487441,18624.825551,20150821_065623
41,KDOX20150821_105945_V06,39,-1.000,444.59,157.887074,40.855811,-74.60,39.462597,20427.905632,20150821_065945
41,KDOX20150821_110307_V06,43,0.196,443.52,156.515032,39.431560,-74.61,39.468819,19715.779908,20150821_070307
10,KDOX20150821_095722_V06,-23,0.855,298.58,168.463593,7.177597,-75.45,39.417971,3588.798523,20150821_055722
10,KDOX20150821_100058_V06,-20,0.956,298.75,171.463288,10.655207,-75.45,39.404462,5327.603639,20150821_060058
10,KDOX20150821_100432_V06,-16,0.958,299.63,173.940732,12.929730,-75.44,39.393305,6464.864784,20150821_060432
10,KDOX20150821_100806_V06,-12,0.910,299.82,176.408700,15.786069,-75.44,39.382190,7893.034442,20150821_060806
10,KDOX20150821_101141_V06,-9,0.831,300.35,174.602027,16.462331,-75.44,39.390326,8231.165722,20150821_061141
10,KDOX20150821_101516_V06,-5,0.511,300.66,175.575974,19.271621,-75.44,39.385940,9635.810585,20150821_061516
10,KDOX20150821_101851_V06,-2,0.100,297.42,178.199682,21.639070,-75.45,39.374123,10819.535098,20150821_061851
26,KDOX20150821_101141_V06,-9,0.524,177.31,99.643158,9.691643,-76.16,39.725723,4845.821381,20150821_061141
26,KDOX20150821_101516_V06,-5,0.621,177.87,101.114578,14.760230,-76.15,39.719116,7380.115131,20150821_061516
26,KDOX20150821_101851_V06,-2,0.802,180.11,105.268752,14.738422,-76.14,39.700488,7369.211220,20150821_061851
26,KDOX20150821_102224_V06,2,0.530,181.59,110.935331,17.484086,-76.13,39.675021,8742.042826,20150821_062224
26,KDOX20150821_102557_V06,5,0.276,184.79,118.286361,22.941117,-76.11,39.642026,11470.558501,20150821_062557
26,KDOX20150821_102932_V06,9,0.182,185.02,122.273122,25.448829,-76.11,39.624081,12724.414266,20150821_062932
26,KDOX20150821_103253_V06,12,0.276,183.81,116.175964,20.981499,-76.12,39.651497,10490.749359,20150821_063253
26,KDOX20150821_103614_V06,16,0.109,183.77,117.078528,26.670790,-76.12,39.647432,13335.394785,20150821_063614
36,KDOX20150821_103253_V06,12,0.548,295.34,164.302521,31.849518,-75.47,39.436708,15924.758911,20150821_063253
36,KDOX20150821_103614_V06,16,0.776,294.45,164.808239,35.957564,-75.47,39.434429,17978.782118,20150821_063614
36,KDOX20150821_103935_V06,19,0.795,294.64,166.499519,34.080115,-75.47,39.426812,17040.057280,20150821_063935
36,KDOX20150821_104256_V06,22,0.865,294.29,169.451629,32.976295,-75.47,39.413517,16488.147449,20150821_064256
36,KDOX20150821_104618_V06,26,0.878,297.00,175.009686,37.897737,-75.46,39.388489,18948.868591,20150821_064618
36,KDOX20150821_104940_V06,29,0.869,295.55,174.171868,36.919676,-75.47,39.392261,18459.838168,20150821_064940
36,KDOX20150821_105301_V06,33,-1.000,294.75,174.788724,37.020488,-75.47,39.389482,18510.243755,20150821_065301
36,KDOX20150821_105623_V06,36,0.536,292.21,168.022003,29.466415,-75.49,39.419951,14733.207703,20150821_065623
36,KDOX20150821_105945_V06,39,0.714,291.59,167.434065,32.597042,-75.49,39.422598,16298.521169,20150821_065945
36,KDOX20150821_110307_V06,43,0.135,289.76,168.132599,28.467987,-75.50,39.419447,14233.993530,20150821_070307
17,KDOX20150821_100058_V06,-20,0.068,296.77,111.321259,15.475937,-75.46,39.675308,7737.968445,20150821_060058
17,KDOX20150821_100432_V06,-16,0.242,297.61,111.186614,20.235230,-75.45,39.675915,10117.614862,20150821_060432
17,KDOX20150821_100806_V06,-12,-1.000,298.22,111.088691,25.431079,-75.45,39.676356,12715.539530,20150821_060806
17,KDOX20150821_101141_V06,-9,0.124,300.17,121.418777,29.147080,-75.44,39.629836,14573.540182,20150821_061141
18,KDOX20150821_100432_V06,-16,0.180,208.33,352.558167,7.963837,-75.97,38.587646,3981.918335,20150821_060432
18,KDOX20150821_100806_V06,-12,0.090,206.87,351.720409,14.100854,-75.97,38.591381,7050.426788,20150821_060806
19,KDOX20150821_100432_V06,-16,0.152,322.50,277.856201,4.485779,-75.31,38.925223,2242.889404,20150821_060432
19,KDOX20150821_100806_V06,-12,0.145,322.11,278.786516,10.255323,-75.31,38.921035,5127.661642,20150821_060806
31,KDOX20150821_102224_V06,2,0.052,234.62,194.022400,11.778435,-75.82,39.302252,5889.217377,20150821_062224
31,KDOX20150821_102557_V06,5,0.231,234.42,194.449240,15.642469,-75.82,39.300326,7821.234438,20150821_062557
52,KDOX20150821_104618_V06,26,0.114,429.33,251.072601,27.898392,-74.69,39.043541,13949.195862,20150821_064618
52,KDOX20150821_104940_V06,29,0.081,429.09,251.840823,32.237349,-74.69,39.040090,16118.674374,20150821_064940
51,KDOX20150821_104618_V06,26,0.123,220.16,304.524231,12.932228,-75.90,38.804279,6466.114044,20150821_064618
51,KDOX20150821_104940_V06,29,-1.000,220.16,304.524231,17.702228,-75.90,38.804279,8851.114044,20150821_064940
51,KDOX20150821_105301_V06,33,0.376,216.67,305.245005,19.952856,-75.92,38.800952,9976.428200,20150821_065301
6,KDOX20150821_095348_V06,-27,0.084,394.41,529.471497,10.193999,-74.90,37.790689,5096.999645,20150821_055348
21,KDOX20150821_100806_V06,-12,0.182,228.26,188.955902,5.494987,-75.86,39.324944,2747.493744,20150821_060806
25,KDOX20150821_100806_V06,-12,0.057,349.87,374.529938,3.293488,-75.15,38.489516,1646.743774,20150821_060806
28,KDOX20150821_101516_V06,-5,0.095,74.45,379.071259,12.427773,-76.73,38.462247,6213.886261,20150821_061516
30,KDOX20150821_102224_V06,2,0.076,75.10,398.422852,15.349650,-76.73,38.375136,7674.825191,20150821_062224
33,KDOX20150821_102557_V06,5,0.054,204.64,83.243591,11.924866,-76.00,39.800434,5962.432861,20150821_062557
33,KDOX20150821_102932_V06,9,-1.000,204.64,83.243591,18.284866,-76.00,39.800434,9142.432861,20150821_062932
33,KDOX20150821_103253_V06,12,0.053,205.92,88.745941,15.401733,-75.99,39.775691,7700.866699,20150821_063253
39,KDOX20150821_103253_V06,12,0.059,153.59,55.859192,38.480743,-76.30,39.921956,19240.371704,20150821_063253
42,KDOX20150821_103614_V06,16,0.167,229.26,389.829620,6.249382,-75.85,38.420248,3124.691010,20150821_063614
45,KDOX20150821_103614_V06,16,0.067,87.01,424.098633,10.343742,-76.66,38.260230,5171.871185,20150821_063614
53,KDOX20150821_104940_V06,29,0.499,389.33,159.423157,33.867416,-74.92,39.457538,16933.708191,20150821_064940
54,KDOX20150821_105301_V06,33,0.827,290.03,169.952148,32.842346,-75.50,39.411253,16421.173096,20150821_065301
57,KDOX20150821_112536_V06,65,0.072,341.90,307.348328,23.572830,-75.20,38.792214,11786.415100,20150821_072536
3,KDOX20150903_100623_V06,-26,0.134,376.23,201.774750,8.291061,-75.00,39.267119,4145.530701,20150903_060623
3,KDOX20150903_101534_V06,-17,0.250,374.12,202.960142,15.304180,-75.01,39.261826,7652.090062,20150903_061534
3,KDOX20150903_102447_V06,-8,0.143,373.85,206.865205,17.286355,-75.01,39.244244,8643.177637,20150903_062447
3,KDOX20150903_102930_V06,-3,0.136,370.86,207.364311,16.569767,-75.03,39.242059,8284.883425,20150903_062930
3,KDOX20150903_103416_V06,2,0.106,360.10,193.240222,23.371266,-75.09,39.305870,11685.633070,20150903_063416
3,KDOX20150903_103903_V06,7,0.173,356.00,189.034349,26.395770,-75.12,39.324879,13197.885073,20150903_063903
3,KDOX20150903_104351_V06,11,0.416,353.42,183.846186,27.299419,-75.13,39.348285,13649.709573,20150903_064351
10,KDOX20150903_101534_V06,-17,0.861,295.56,167.735535,7.799118,-75.47,39.421247,3899.559021,20150903_061534
10,KDOX20150903_102447_V06,-8,0.136,294.52,170.935698,20.607423,-75.47,39.406834,10303.711598,20150903_062447
10,KDOX20150903_102930_V06,-3,0.660,291.74,177.202700,23.181473,-75.49,39.378604,11590.736677,20150903_062930
10,KDOX20150903_103416_V06,2,0.336,292.06,177.666366,27.242642,-75.49,39.376517,13621.321237,20150903_063416
10,KDOX20150903_103903_V06,7,0.143,291.11,181.080414,29.242834,-75.49,39.361139,14621.417235,20150903_063903
10,KDOX20150903_104351_V06,11,0.077,280.11,193.401276,25.400845,-75.56,39.305605,12700.422287,20150903_064351
10,KDOX20150903_104839_V06,16,-1.000,280.11,193.401276,33.350845,-75.56,39.305605,16675.422287,20150903_064839
10,KDOX20150903_105327_V06,21,0.051,288.23,213.473450,16.936584,-75.51,39.215244,8468.292236,20150903_065327
11,KDOX20150903_101534_V06,-17,0.319,423.89,183.159851,5.047318,-74.72,39.349583,2523.658752,20150903_061534
11,KDOX20150903_102447_V06,-8,0.433,426.24,186.870296,13.046544,-74.71,39.332790,6523.272177,20150903_062447
11,KDOX20150903_102930_V06,-3,-1.000,427.45,188.789491,17.732351,-74.70,39.324103,8866.175673,20150903_062930
11,KDOX20150903_103416_V06,2,0.134,433.05,199.294372,17.495585,-74.67,39.276586,8747.792263,20150903_063416
11,KDOX20150903_103903_V06,7,0.107,419.33,198.990226,26.807926,-74.75,39.278452,13403.963190,20150903_063903
11,KDOX20150903_104351_V06,11,0.642,414.15,200.515145,31.796765,-74.78,39.271757,15898.382379,20150903_064351
11,KDOX20150903_104839_V06,16,0.244,433.16,211.854889,24.873688,-74.67,39.220016,12436.843872,20150903_064839
11,KDOX20150903_105327_V06,21,-1.000,433.16,211.854889,32.823688,-74.67,39.220016,16411.843872,20150903_065327
11,KDOX20150903_105813_V06,26,0.366,432.68,214.646964,33.154463,-74.67,39.207460,16577.231336,20150903_065813
44,KDOX20150903_105327_V06,21,0.553,392.98,301.179993,15.334686,-74.90,38.819019,7667.343140,20150903_065327
44,KDOX20150903_105813_V06,26,0.156,390.78,301.904096,22.646242,-74.92,38.815815,11323.121123,20150903_065813
44,KDOX20150903_110258_V06,30,0.365,386.86,303.433040,26.155032,-74.94,38.809027,13077.515809,20150903_070258
44,KDOX20150903_110743_V06,35,0.573,383.32,303.518706,26.609586,-74.96,38.808727,13304.792817,20150903_070743
44,KDOX20150903_111229_V06,40,0.509,381.18,310.598852,26.586133,-74.97,38.776888,13293.066285,20150903_071229
19,KDOX20150903_102447_V06,-8,0.085,213.37,344.526459,12.497437,-75.94,38.623949,6248.718262,20150903_062447
19,KDOX20150903_102930_V06,-3,-1.000,213.37,344.526459,20.447437,-75.94,38.623949,10223.718262,20150903_062930
19,KDOX20150903_103416_V06,2,0.080,208.93,354.105911,26.641314,-75.96,38.580690,13320.657050,20150903_063416
19,KDOX20150903_103903_V06,7,-1.000,205.63,361.209319,33.289105,-75.98,38.548610,16644.552338,20150903_063903
19,KDOX20150903_104351_V06,11,0.057,196.00,361.473150,31.808618,-76.04,38.547152,15904.308862,20150903_064351
19,KDOX20150903_104839_V06,16,-1.000,189.09,365.780315,34.948153,-76.08,38.527543,17474.076637,20150903_064839
19,KDOX20150903_105327_V06,21,0.063,206.71,358.508033,34.040613,-75.98,38.560805,17020.306747,20150903_065327
6,KDOX20150903_100623_V06,-26,0.083,163.92,189.585693,15.032494,-76.23,39.320191,7516.246796,20150903_060623
6,KDOX20150903_101534_V06,-17,0.790,175.93,191.467720,18.724549,-76.16,39.312163,9362.274430,20150903_061534
6,KDOX20150903_102447_V06,-8,0.284,179.38,195.020712,25.263155,-76.14,39.296284,12631.577736,20150903_062447
48,KDOX20150903_105327_V06,21,0.067,19.54,315.509644,13.136318,-77.05,38.744561,6568.159103,20150903_065327
48,KDOX20150903_105813_V06,26,-1.000,19.54,315.509644,21.086318,-77.05,38.744561,10543.159103,20150903_065813
48,KDOX20150903_110258_V06,30,0.389,23.29,304.554063,30.071204,-77.03,38.794191,15035.602125,20150903_070258
48,KDOX20150903_110743_V06,35,0.116,24.63,302.615311,30.562450,-77.03,38.803025,15281.224909,20150903_070743
67,KDOX20150903_114555_V06,73,0.082,421.71,242.555267,27.455353,-74.74,39.082173,13727.676392,20150903_074555
67,KDOX20150903_115042_V06,78,0.089,422.16,243.807559,36.563574,-74.73,39.076517,18281.787243,20150903_075042
67,KDOX20150903_115527_V06,83,0.164,421.57,246.374780,38.248192,-74.74,39.064976,19124.095824,20150903_075527
2,KDOX20150903_100623_V06,-26,0.165,213.84,379.969360,22.013153,-75.93,38.464321,11006.576538,20150903_060623
2,KDOX20150903_101534_V06,-17,0.063,205.18,379.908117,37.051493,-75.98,38.464376,18525.746349,20150903_061534
24,KDOX20150903_102930_V06,-3,0.076,276.99,152.004303,12.638367,-75.57,39.492020,6319.183350,20150903_062930
24,KDOX20150903_103416_V06,2,0.072,274.05,149.385097,20.659459,-75.59,39.503795,10329.729353,20150903_063416
27,KDOX20150903_103416_V06,2,0.124,218.78,145.414490,22.145782,-75.91,39.520823,11072.891235,20150903_063416
27,KDOX20150903_103903_V06,7,0.051,218.65,145.672408,28.468836,-75.91,39.519659,14234.418159,20150903_063903
23,KDOX20150903_102930_V06,-3,0.118,409.28,265.045959,24.705597,-74.81,38.981291,12352.798462,20150903_062930
23,KDOX20150903_103416_V06,2,-1.000,409.28,265.045959,32.655597,-74.81,38.981291,16327.798462,20150903_063416
23,KDOX20150903_103903_V06,7,-1.000,409.28,265.045959,40.605597,-74.81,38.981291,20302.798462,20150903_063903
23,KDOX20150903_104351_V06,11,0.163,423.46,272.208993,39.253508,-74.73,38.948561,19626.753808,20150903_064351
39,KDOX20150903_104839_V06,16,0.480,298.02,520.568787,14.731449,-75.45,37.832031,7365.724564,20150903_064839
39,KDOX20150903_105327_V06,21,0.073,298.12,520.559062,20.566656,-75.45,37.832075,10283.328029,20150903_065327
51,KDOX20150903_110743_V06,35,0.590,375.23,243.359436,29.814667,-75.01,39.079857,14907.333374,20150903_070743
51,KDOX20150903_111229_V06,40,0.388,373.56,243.289974,36.547108,-75.01,39.080205,18273.554031,20150903_071229
51,KDOX20150903_111715_V06,45,0.495,372.56,248.212036,29.002747,-75.02,39.058058,14501.373291,20150903_071715
51,KDOX20150903_112202_V06,50,0.184,372.26,247.513947,35.319804,-75.02,39.061209,17659.902229,20150903_072202
51,KDOX20150903_112648_V06,54,0.075,381.19,256.915375,20.147995,-74.97,39.018671,10073.997498,20150903_072648
53,KDOX20150903_110743_V06,35,0.083,293.97,521.004150,12.771084,-75.47,37.830065,6385.541916,20150903_070743
53,KDOX20150903_111229_V06,40,0.283,294.78,521.532261,18.771618,-75.47,37.827687,9385.809154,20150903_071229
55,KDOX20150903_112202_V06,50,0.232,321.91,523.096680,27.040977,-75.32,37.820577,13520.488739,20150903_072202
55,KDOX20150903_112648_V06,54,0.179,322.40,522.584912,32.507558,-75.31,37.822879,16253.778886,20150903_072648
61,KDOX20150903_113621_V06,64,0.228,295.24,47.518555,31.758728,-75.47,39.962625,15879.364014,20150903_073621
61,KDOX20150903_114107_V06,69,0.507,295.57,48.108871,36.521347,-75.47,39.959967,18260.673405,20150903_074107
61,KDOX20150903_114555_V06,73,0.168,294.66,47.347168,31.851059,-75.47,39.963396,15925.529480,20150903_074555
63,KDOX20150903_113621_V06,64,0.062,33.54,302.456635,36.522701,-76.97,38.804425,18261.350632,20150903_073621
63,KDOX20150903_114107_V06,69,0.098,33.59,302.714941,42.579335,-76.97,38.803265,21289.667360,20150903_074107
63,KDOX20150903_114555_V06,73,0.078,32.48,304.379517,37.117340,-76.98,38.795686,18558.670044,20150903_074555
66,KDOX20150903_114555_V06,73,0.093,487.79,322.657990,6.780457,-74.36,38.718514,3390.228271,20150903_074555
66,KDOX20150903_115042_V06,78,0.111,487.94,323.040712,13.018658,-74.36,38.716783,6509.328918,20150903_075042
5,KDOX20150903_100623_V06,-26,0.087,81.77,411.445496,45.993076,-76.69,38.316901,22996.538162,20150903_060623
22,KDOX20150903_102930_V06,-3,0.120,257.11,514.608032,33.202110,-75.68,37.858627,16601.055145,20150903_062930
25,KDOX20150903_102930_V06,-3,0.072,37.12,440.888733,48.496410,-76.94,38.181286,24248.205185,20150903_062930
25,KDOX20150903_103416_V06,2,-1.000,37.12,440.888733,56.446410,-76.94,38.181286,28223.205185,20150903_063416
25,KDOX20150903_103903_V06,7,0.066,23.78,414.411255,24.983822,-77.02,38.299520,12491.910934,20150903_063903
28,KDOX20150903_103416_V06,2,0.122,219.73,77.368225,11.948296,-75.91,39.827276,5974.147797,20150903_063416
30,KDOX20150903_103903_V06,7,0.195,399.93,264.608582,14.563370,-74.86,38.983540,7281.684875,20150903_063903
32,KDOX20150903_103903_V06,7,0.117,94.25,362.982849,5.073689,-76.62,38.535907,2536.844254,20150903_063903
38,KDOX20150903_104351_V06,11,0.073,34.83,494.407043,39.295792,-76.95,37.940088,19647.895813,20150903_064351
40,KDOX20150903_104839_V06,16,0.254,325.80,149.467133,21.574173,-75.29,39.503426,10787.086487,20150903_064839
45,KDOX20150903_105327_V06,21,0.103,374.32,149.695129,8.457108,-75.01,39.501701,4228.553772,20150903_065327
50,KDOX20150903_105813_V06,26,0.247,14.55,266.247559,11.952972,-77.09,38.965983,5976.486206,20150903_065813
56,KDOX20150903_112202_V06,50,0.144,323.49,412.284363,12.996826,-75.31,38.319731,6498.413086,20150903_072202
58,KDOX20150903_113134_V06,59,0.470,392.09,343.839172,21.837234,-74.91,38.626906,10918.617249,20150903_073134
59,KDOX20150903_113134_V06,59,0.086,407.00,254.304504,25.236633,-74.82,39.029738,12618.316650,20150903_073134
60,KDOX20150903_113134_V06,59,0.077,103.39,471.090149,39.290054,-76.56,38.049520,19645.027161,20150903_073134
60,KDOX20150903_113621_V06,64,-1.000,103.39,471.090149,47.240054,-76.56,38.049520,23620.027161,20150903_073621
60,KDOX20150903_114107_V06,69,0.055,89.47,443.242737,31.034012,-76.64,38.174153,15517.005920,20150903_074107
62,KDOX20150903_113621_V06,64,0.079,424.79,208.597015,8.104233,-74.72,39.234997,4052.116394,20150903_073621
68,KDOX20150903_114555_V06,73,0.080,325.45,532.839844,26.096645,-75.30,37.776663,13048.322678,20150903_074555
70,KDOX20150903_115042_V06,78,0.410,461.04,132.226013,10.599197,-74.50,39.577428,5299.598694,20150903_075042
7,KDOX20150911_103808_V06,-1,0.085,282.22,157.838013,2.013474,-75.54,39.465778,1006.736755,20150911_063808
7,KDOX20150911_104745_V06,8,0.988,284.19,162.517695,15.090566,-75.53,39.444713,7545.282818,20150911_064745
7,KDOX20150911_105720_V06,18,0.980,286.52,173.566758,24.961776,-75.52,39.394963,12480.887901,20150911_065720
7,KDOX20150911_110913_V06,30,0.965,288.59,179.373372,38.391238,-75.51,39.368820,19195.618991,20150911_070913
7,KDOX20150911_111848_V06,39,0.888,284.57,183.667162,42.483248,-75.53,39.349467,21241.623851,20150911_071848
7,KDOX20150911_112823_V06,49,0.449,284.54,185.860199,43.862835,-75.53,39.339590,21931.417565,20150911_072823
7,KDOX20150911_113758_V06,58,0.280,285.98,157.428458,45.430499,-75.52,39.467640,22715.249294,20150911_073758
7,KDOX20150911_114733_V06,68,0.052,281.13,143.203982,43.323708,-75.55,39.531677,21661.854075,20150911_074733
3,KDOX20150911_103808_V06,-1,0.903,176.23,201.952789,23.020584,-76.16,39.264955,11510.292053,20150911_063808
3,KDOX20150911_104745_V06,8,0.349,180.70,209.558114,37.570801,-76.13,39.230860,18785.400693,20150911_064745
3,KDOX20150911_105720_V06,18,0.113,186.09,245.195714,42.914446,-76.10,39.070543,21457.222911,20150911_065720
3,KDOX20150911_110913_V06,30,0.176,170.78,270.394798,57.312570,-76.19,38.956525,28656.284910,20150911_070913
8,KDOX20150911_103808_V06,-1,0.083,207.64,224.476410,11.023048,-75.97,39.164490,5511.524200,20150911_063808
8,KDOX20150911_104745_V06,8,0.426,195.70,222.673541,20.878176,-76.04,39.172274,10439.087824,20150911_064745
8,KDOX20150911_105720_V06,18,0.820,223.61,197.333070,19.656199,-75.88,39.287118,9828.099675,20150911_065720
8,KDOX20150911_110913_V06,30,-1.000,251.50,170.190057,19.930518,-75.72,39.409858,9965.258867,20150911_070913
8,KDOX20150911_111848_V06,39,0.063,234.37,175.060411,34.403446,-75.82,39.387644,17201.722813,20150911_071848
5,KDOX20150911_103808_V06,-1,0.320,211.96,342.201538,4.609493,-75.95,38.634385,2304.746628,20150911_063808
5,KDOX20150911_104745_V06,8,0.058,209.25,344.292160,20.431232,-75.96,38.624901,10215.616205,20150911_064745
5,KDOX20150911_105720_V06,18,0.227,216.98,354.438296,23.501564,-75.92,38.579391,11750.782186,20150911_065720
12,KDOX20150911_104745_V06,8,0.726,172.33,109.176514,15.733345,-76.18,39.682613,7866.672516,20150911_064745
12,KDOX20150911_105720_V06,18,0.446,171.02,113.375815,24.610194,-76.19,39.663654,12305.097158,20150911_065720
12,KDOX20150911_110913_V06,30,0.092,148.44,83.138735,51.739953,-76.32,39.798896,25869.976459,20150911_070913
12,KDOX20150911_111848_V06,39,0.056,117.86,61.539856,33.160835,-76.50,39.894673,16580.417633,20150911_071848
9,KDOX20150911_103808_V06,-1,0.069,22.35,420.387726,23.328384,-77.03,38.272494,11664.192200,20150911_063808
9,KDOX20150911_104745_V06,8,0.186,25.85,429.809396,37.833701,-77.01,38.230335,18916.850596,20150911_064745
28,KDOX20150911_114733_V06,68,0.056,245.42,360.983215,16.459740,-75.75,38.550464,8229.869843,20150911_074733
28,KDOX20150911_115708_V06,78,0.124,239.95,379.158975,32.678647,-75.78,38.468508,16339.323444,20150911_075708
2,KDOX20150911_102831_V06,-11,0.086,386.77,213.057861,13.649414,-74.94,39.216058,6824.707031,20150911_062831
16,KDOX20150911_105720_V06,18,0.078,294.25,141.043976,14.757965,-75.47,39.541451,7378.982544,20150911_065720
24,KDOX20150911_112823_V06,49,0.053,248.50,353.639008,16.047230,-75.74,38.583590,8023.614883,20150911_072823
25,KDOX20150911_112823_V06,49,0.051,350.91,388.050232,2.049934,-75.15,38.428603,1024.967194,20150911_072823
26,KDOX20150911_113758_V06,58,0.082,459.54,59.880859,45.326271,-74.51,39.903263,22663.135529,20150911_073758
4,KDOX20150919_104706_V06,1,0.958,288.59,142.266937,12.766037,-75.51,39.535929,6383.018494,20150919_064706
4,KDOX20150919_105627_V06,10,0.965,290.97,140.923593,22.006681,-75.49,39.541986,11003.340258,20150919_065627
4,KDOX20150919_110554_V06,19,0.920,290.72,137.222855,33.804756,-75.49,39.558651,16902.377875,20150919_070554
4,KDOX20150919_111517_V06,29,0.403,290.90,127.261649,47.136876,-75.49,39.603511,23568.437917,20150919_071517
4,KDOX20150919_112440_V06,38,0.468,293.61,131.379454,52.084610,-75.48,39.584973,26042.305081,20150919_072440
4,KDOX20150919_113402_V06,48,0.054,252.15,124.359375,14.043369,-75.72,39.616263,7021.684647,20150919_073402
6,KDOX20150919_104706_V06,1,0.919,465.26,134.462952,12.334946,-74.48,39.567157,6167.472839,20150919_064706
6,KDOX20150919_105627_V06,10,0.962,469.80,131.105752,20.623092,-74.45,39.582055,10311.545987,20150919_065627
6,KDOX20150919_110554_V06,19,0.833,472.80,126.948267,28.411702,-74.43,39.600628,14205.851126,20150919_070554
6,KDOX20150919_111517_V06,29,0.324,482.54,126.770474,33.190087,-74.38,39.600929,16595.043688,20150919_071517
5,KDOX20150919_104706_V06,1,0.934,427.79,178.778931,13.817200,-74.70,39.369172,6908.599854,20150919_064706
5,KDOX20150919_105627_V06,10,0.955,431.68,177.853622,22.819325,-74.68,39.373194,11409.662338,20150919_065627
5,KDOX20150919_110554_V06,19,0.916,441.46,183.005915,22.669435,-74.62,39.349608,11334.717421,20150919_070554
7,KDOX20150919_104706_V06,1,0.431,211.72,338.393768,14.142033,-75.95,38.651530,7071.016312,20150919_064706
7,KDOX20150919_105627_V06,10,0.344,215.98,338.956955,21.239126,-75.92,38.649097,10619.562754,20150919_065627
7,KDOX20150919_110554_V06,19,0.484,220.99,337.788409,22.896878,-75.89,38.654475,11448.438751,20150919_070554
2,KDOX20150919_102824_V06,-18,0.559,381.18,208.040894,9.917084,-74.97,39.238787,4958.541870,20150919_062824
2,KDOX20150919_103745_V06,-9,0.216,380.29,203.839416,16.818300,-74.97,39.257729,8409.150051,20150919_063745
1,KDOX20150919_101904_V06,-27,0.088,265.95,355.307312,7.981354,-75.64,38.576286,3990.676880,20150919_061904
1,KDOX20150919_102824_V06,-18,-1.000,265.95,355.307312,22.291354,-75.64,38.576286,11145.676880,20150919_062824
1,KDOX20150919_103745_V06,-9,-1.000,265.95,355.307312,36.601354,-75.64,38.576286,18300.676880,20150919_063745
1,KDOX20150919_104706_V06,1,0.110,299.83,381.191210,62.120879,-75.44,38.459862,31060.439295,20150919_064706
21,KDOX20150919_115246_V06,66,0.061,40.56,434.765869,46.477695,-76.92,38.209113,23238.847733,20150919_075246
21,KDOX20150919_120206_V06,76,0.097,42.85,436.171033,58.242345,-76.91,38.202950,29121.172399,20150919_080206
8,KDOX20150919_104706_V06,1,0.296,478.55,152.114441,9.859512,-74.40,39.487013,4929.756165,20150919_064706
12,KDOX20150919_105627_V06,10,0.193,512.71,103.334045,16.616684,-74.20,39.704737,8308.341980,20150919_065627
13,KDOX20150919_105627_V06,10,0.117,301.84,517.441040,15.743965,-75.43,37.846121,7871.982574,20150919_065627
16,KDOX20150919_111517_V06,29,0.285,200.37,365.737427,4.249474,-76.01,38.528071,2124.736786,20150919_071517
18,KDOX20150919_112440_V06,38,0.058,426.52,215.116394,16.080093,-74.71,39.205575,8040.046692,20150919_072440
19,KDOX20150919_113402_V06,48,0.081,335.42,177.782074,13.895813,-75.23,39.375825,6947.906494,20150919_073402
6,KDOX20150929_105143_V06,-4,0.071,390.49,250.149292,3.499786,-74.92,39.048917,1749.893188,20150929_065143
6,KDOX20150929_105628_V06,1,0.231,390.97,249.958503,10.085549,-74.91,39.049763,5042.774368,20150929_065628
6,KDOX20150929_110112_V06,6,0.357,394.07,250.020234,13.444248,-74.90,39.049404,6722.124246,20150929_070112
6,KDOX20150929_110557_V06,10,0.122,395.89,248.047657,13.893153,-74.89,39.058238,6946.576650,20150929_070557
8,KDOX20150929_110112_V06,6,0.657,251.16,469.295349,15.502848,-75.72,38.062669,7751.423836,20150929_070112
8,KDOX20150929_110557_V06,10,0.874,249.23,471.054950,23.056441,-75.73,38.054716,11528.220708,20150929_070557
8,KDOX20150929_111044_V06,15,0.919,242.48,466.247108,25.512428,-75.77,38.076271,12756.213817,20150929_071044
8,KDOX20150929_111532_V06,20,0.130,238.15,463.823432,29.101610,-75.79,38.087116,14550.805005,20150929_071532
1,KDOX20150929_102804_V06,-27,0.079,182.41,403.441681,27.646225,-76.11,38.357696,13823.112488,20150929_062804
1,KDOX20150929_103247_V06,-23,-1.000,182.41,403.441681,34.006225,-76.11,38.357696,17003.112488,20150929_063247
1,KDOX20150929_103730_V06,-18,0.059,178.84,388.518372,22.793999,-76.13,38.424793,11396.999359,20150929_063730
3,KDOX20150929_104658_V06,-9,0.362,203.85,334.515869,5.582596,-75.99,38.668791,2791.297913,20150929_064658
10,KDOX20150929_110112_V06,6,0.079,295.95,86.728760,36.092094,-75.46,39.786054,18046.047211,20150929_070112
12,KDOX20150929_111044_V06,15,0.052,177.54,141.111755,20.341606,-76.15,39.538990,10170.803070,20150929_071044
13,KDOX20150929_112503_V06,30,0.083,194.28,355.892395,2.048653,-76.05,38.572237,1024.326324,20150929_072503
1,KDOX20151011_104932_V06,-17,0.435,283.51,145.918427,4.826187,-75.54,39.519465,2413.093567,20151011_064932
1,KDOX20151011_105902_V06,-7,0.980,287.51,146.027186,11.482475,-75.51,39.518991,5741.237388,20151011_065902
1,KDOX20151011_110830_V06,2,0.978,294.29,146.645037,21.363352,-75.47,39.516227,10681.675999,20151011_070830
1,KDOX20151011_111757_V06,11,0.978,293.75,147.878982,28.996497,-75.48,39.510669,14498.248447,20151011_071757
1,KDOX20151011_112246_V06,16,0.968,298.23,147.939945,35.891198,-75.45,39.510399,17945.599099,20151011_072246
1,KDOX20151011_112737_V06,21,0.929,299.18,149.671685,38.028093,-75.44,39.502601,19014.046672,20151011_072737
1,KDOX20151011_113229_V06,26,0.786,297.81,152.571533,39.760921,-75.45,39.489541,19880.460500,20151011_073229
1,KDOX20151011_113721_V06,31,0.299,295.62,162.971667,37.620370,-75.47,39.442702,18810.185159,20151011_073721
3,KDOX20151011_105902_V06,-7,0.788,204.22,343.586700,9.980278,-75.99,38.627946,4990.139008,20151011_065902
3,KDOX20151011_110830_V06,2,0.927,201.65,346.486826,18.743639,-76.00,38.614813,9371.819662,20151011_070830
3,KDOX20151011_111757_V06,11,0.945,202.48,350.979610,23.755262,-76.00,38.594600,11877.630896,20151011_071757
3,KDOX20151011_112246_V06,16,0.930,202.19,352.097849,25.875094,-76.00,38.589555,12937.546849,20151011_072246
3,KDOX20151011_112737_V06,21,0.564,205.68,354.365835,29.163130,-75.98,38.579435,14581.564971,20151011_072737
3,KDOX20151011_113229_V06,26,0.079,203.90,359.455924,32.968846,-75.99,38.556461,16484.423220,20151011_073229
14,KDOX20151011_105902_V06,-7,0.056,341.94,429.499268,5.745888,-75.20,38.242018,2872.943878,20151011_065902
14,KDOX20151011_110830_V06,2,0.335,343.14,431.331117,14.800105,-75.19,38.233752,7400.052555,20151011_070830
14,KDOX20151011_111757_V06,11,0.890,343.63,432.221854,16.608799,-75.19,38.229734,8304.399573,20151011_071757
14,KDOX20151011_112246_V06,16,0.819,342.45,432.989963,20.919615,-75.20,38.226289,10459.807352,20151011_072246
14,KDOX20151011_112737_V06,21,0.330,339.36,429.751329,25.871882,-75.22,38.240912,12935.940804,20151011_072737
5,KDOX20151011_105902_V06,-7,0.141,376.40,214.662018,2.463577,-75.00,39.209076,1231.788635,20151011_065902
5,KDOX20151011_110830_V06,2,0.280,371.57,219.729474,17.753879,-75.03,39.186356,8876.939715,20151011_070830
26,KDOX20151011_120546_V06,59,0.122,356.31,415.595367,5.510101,-75.12,38.304449,2755.050659,20151011_080546
26,KDOX20151011_121514_V06,69,0.135,356.92,414.368836,14.049065,-75.11,38.309964,7024.532620,20151011_081514
4,KDOX20151011_105902_V06,-7,0.181,388.18,265.256989,11.216461,-74.93,38.980934,5608.230591,20151011_065902
6,KDOX20151011_105902_V06,-7,0.100,301.24,284.244080,10.299271,-75.43,38.896524,5149.635315,20151011_065902
7,KDOX20151011_105902_V06,-7,0.074,267.09,336.106750,9.155331,-75.63,38.662779,4577.665329,20151011_065902
10,KDOX20151011_105902_V06,-7,0.070,259.36,370.527435,30.876617,-75.67,38.507662,15438.308716,20151011_065902
10,KDOX20151011_110830_V06,2,0.187,253.13,388.322693,22.718666,-75.71,38.427431,11359.333038,20151011_070830
16,KDOX20151011_110830_V06,2,0.186,320.52,119.163879,2.567261,-75.32,39.639930,1283.630371,20151011_070830
20,KDOX20151011_112246_V06,16,0.116,285.49,102.627625,15.966530,-75.52,39.714429,7983.264923,20151011_072246
22,KDOX20151011_112737_V06,21,0.111,397.17,257.912933,17.659653,-74.88,39.013773,8829.826355,20151011_072737
25,KDOX20151011_115619_V06,50,0.062,214.48,400.359528,26.770050,-75.93,38.372494,13385.025024,20151011_075619
1,KDOX20151020_111452_V06,-1,0.238,309.71,475.772827,11.488026,-75.38,38.033810,5744.012833,20151020_071452
1,KDOX20151020_112418_V06,9,0.100,318.11,469.252858,19.590478,-75.34,38.063148,9795.238878,20151020_072418
2,KDOX20151020_111452_V06,-1,0.101,274.63,400.583954,19.663757,-75.59,38.372421,9831.878662,20151020_071452
3,KDOX20151020_111452_V06,-1,0.093,219.18,292.523773,15.402679,-75.91,38.858306,7701.339722,20151020_071452
14,KDOX20151028_120128_V06,37,0.119,326.70,337.872223,31.046814,-75.29,38.654880,15523.406982,20151028_080128
14,KDOX20151028_120640_V06,42,0.208,325.03,336.590968,37.503562,-75.30,38.660663,18751.781142,20151028_080640
14,KDOX20151028_121155_V06,47,0.217,322.06,319.438660,27.001282,-75.31,38.737938,13500.640869,20151028_081155
1,KDOX20151028_105733_V06,-27,0.404,43.97,177.407990,44.677349,-76.93,39.368281,22338.674545,20151028_065733
5,KDOX20151028_111154_V06,-13,0.051,347.81,56.136353,20.629745,-75.16,39.923489,10314.872742,20151028_071154
8,KDOX20151028_112614_V06,2,0.080,142.16,200.767181,41.398018,-76.35,39.268920,20699.008942,20151028_072614
15,KDOX20151028_120128_V06,37,0.086,194.36,96.453918,51.846657,-76.06,39.740647,25923.328400,20151028_080128
16,KDOX20151028_120128_V06,37,0.057,126.71,52.078064,38.232803,-76.45,39.937733,19116.401672,20151028_080128
18,KDOX20151028_121155_V06,47,0.448,480.39,74.332275,38.244041,-74.39,39.837164,19122.020721,20151028_081155
1,KDOX20151030_111418_V06,-12,0.435,278.15,406.532227,7.203438,-75.56,38.345651,3601.718903,20151030_071418
1,KDOX20151030_112345_V06,-3,0.295,297.93,379.808044,60.405735,-75.45,38.466092,30202.867508,20151030_072345
2,KDOX20151030_111418_V06,-12,0.402,233.52,383.219727,4.529541,-75.82,38.450103,2264.770508,20151030_071418
3,KDOX20151030_111418_V06,-12,0.356,271.04,341.227478,8.006271,-75.61,38.639749,4003.135681,20151030_071418
5,KDOX20151030_111418_V06,-12,0.082,297.56,245.972595,6.040680,-75.45,39.068894,3020.339966,20151030_071418
11,KDOX20151030_112345_V06,-3,0.094,200.62,340.515015,6.900921,-76.01,38.641681,3450.460434,20151030_072345
12,KDOX20151030_113801_V06,12,0.115,218.62,416.236267,15.670105,-75.91,38.301078,7835.052490,20151030_073801
13,KDOX20151030_122108_V06,55,0.105,228.15,520.299500,13.170135,-75.85,37.832527,6585.067749,20151030_082108
1,KDOX20151101_111902_V06,-9,0.458,269.20,336.242981,2.550812,-75.62,38.662185,1275.405884,20151101_061902
1,KDOX20151101_112352_V06,-5,0.601,268.99,335.990195,7.999391,-75.62,38.663322,3999.695673,20151101_062352
4,KDOX20151101_111902_V06,-9,0.136,298.45,240.741272,4.772507,-75.45,39.092456,2386.253357,20151101_061902
7,KDOX20151101_111902_V06,-9,0.056,538.63,451.409180,15.065292,-74.08,38.135607,7532.646179,20151101_061902
9,KDOX20151101_113359_V06,5,0.105,275.21,385.099121,10.625305,-75.58,38.442173,5312.652588,20151101_063359
