track_id,filename,from_sunset,det_score,x,y,r,lon,lat,radius,local_time
1,KGRK20000107_000214,19.520,0.060,482.039,561.341,43.091,-96.444,29.540,21545.284,20000106_180214
1,KGRK20000107_001205,29.370,0.052,485.015,556.894,51.671,-96.428,29.559,25835.581,20000106_181205
2,KGRK20000107_010228,79.753,0.051,322.608,392.323,17.740,-97.265,30.305,8870.052,20000106_190228
2,KGRK20000107_011218,89.587,0.151,327.671,382.997,26.520,-97.239,30.347,13260.097,20000106_191218
3,KGRK20000107_011218,89.587,0.341,374.841,270.959,12.497,-96.992,30.852,6248.341,20000106_191218
1,KGRK20000107_235702,13.532,0.060,105.860,422.778,29.068,-98.390,30.164,14533.890,20000107_175702
1,KGRK20000108_221816,-86.034,0.150,252.990,386.391,8.691,-97.627,30.332,4345.707,20000108_161816
1,KGRK20000110_002724,42.289,0.349,538.073,162.592,22.091,-96.132,31.335,11045.712,20000109_182724
2,KGRK20000110_004704,61.955,0.055,527.598,219.311,16.523,-96.190,31.080,8261.604,20000109_184704
3,KGRK20000110_005654,71.789,0.092,287.847,476.951,12.772,-97.446,29.924,6385.796,20000109_185654
5,KGRK20000111_001638,30.701,0.228,390.424,151.977,20.440,-96.907,31.388,10220.005,20000110_181638
5,KGRK20000111_002629,40.551,0.156,390.411,150.494,31.893,-96.907,31.395,15946.708,20000110_182629
5,KGRK20000111_003619,50.385,0.063,390.895,147.657,31.675,-96.905,31.408,15837.717,20000110_183619
7,KGRK20000111_011539,89.718,0.062,286.958,482.909,16.619,-97.450,29.897,8309.600,20000110_191539
7,KGRK20000111_012530,99.568,0.090,286.809,480.852,24.944,-97.451,29.906,12471.773,20000110_192530
1,KGRK20000110_221729,-88.449,0.153,187.707,348.200,2.617,-97.968,30.503,1308.283,20000110_161729
4,KGRK20000110_234557,0.018,0.072,399.315,147.738,29.251,-96.861,31.407,14625.282,20000110_174557
6,KGRK20000111_005559,70.051,0.182,416.331,463.565,13.521,-96.780,29.983,6760.590,20000110_185559
1,KGRK20000111_223114,-75.528,0.119,183.464,287.511,10.135,-97.991,30.777,5067.425,20000111_163114
2,KGRK20000112_003903,52.288,0.283,74.219,423.048,17.775,-98.555,30.161,8887.711,20000111_183903
3,KGRK20000112_003903,52.288,0.145,247.442,331.069,18.918,-97.657,30.581,9459.076,20000111_183903
1,KGRK20000113_001121,23.750,0.554,249.399,339.983,11.846,-97.646,30.541,5922.808,20000112_181121
1,KGRK20000113_002111,33.583,0.856,255.403,336.241,19.022,-97.615,30.558,9510.983,20000112_182111
1,KGRK20000113_003101,43.417,0.916,254.726,329.865,27.629,-97.619,30.587,13814.426,20000112_183101
1,KGRK20000113_004051,53.250,0.836,259.721,329.557,30.456,-97.593,30.588,15227.820,20000112_184051
1,KGRK20000113_005041,63.083,0.175,268.436,318.821,43.022,-97.547,30.637,21510.842,20000112_185041
1,KGRK20000113_010031,72.917,-1.000,276.887,308.766,54.952,-97.503,30.682,27475.775,20000112_190031
1,KGRK20000113_011021,82.750,0.169,282.236,305.967,50.809,-97.475,30.695,25404.590,20000112_191021
1,KGRK20000113_012012,92.600,0.135,277.855,296.435,63.009,-97.498,30.738,31504.278,20000112_192012
1,KGRK20000113_013001,102.417,0.133,280.847,292.353,67.618,-97.483,30.756,33809.213,20000112_193001
2,KGRK20000113_002111,33.583,0.065,251.032,406.418,14.488,-97.637,30.241,7244.173,20000112_182111
2,KGRK20000113_003101,43.417,0.806,236.426,391.645,20.288,-97.713,30.308,10144.099,20000112_183101
2,KGRK20000113_004051,53.250,0.059,250.070,400.003,24.136,-97.642,30.270,12068.223,20000112_184051
1,KGRK20000113_235304,4.621,0.734,232.437,363.434,14.400,-97.734,30.435,7199.879,20000113_175304
1,KGRK20000114_000254,14.454,0.939,227.412,371.819,23.957,-97.760,30.397,11978.259,20000113_180254
1,KGRK20000114_001243,24.271,0.954,219.907,379.832,30.867,-97.799,30.361,15433.400,20000113_181243
1,KGRK20000114_002233,34.104,0.871,220.854,377.601,31.435,-97.794,30.371,15717.378,20000113_182233
1,KGRK20000114_003223,43.937,0.872,208.595,404.095,49.264,-97.858,30.251,24632.089,20000113_183223
1,KGRK20000114_004213,53.771,0.870,197.346,405.655,62.483,-97.916,30.244,31241.742,20000113_184213
1,KGRK20000114_005203,63.604,0.238,190.765,403.693,70.067,-97.950,30.253,35033.374,20000113_185203
1,KGRK20000114_010152,73.421,0.062,186.907,407.846,70.201,-97.970,30.234,35100.501,20000113_190152
5,KGRK20000114_001243,24.271,0.058,489.063,335.409,5.694,-96.397,30.558,2847.099,20000113_181243
6,KGRK20000114_002233,34.104,0.067,171.100,378.302,17.115,-98.053,30.367,8557.364,20000113_182233
7,KGRK20000114_003223,43.937,0.050,327.178,134.085,17.045,-97.240,31.470,8522.362,20000113_183223
1,KGRK20000116_222810,-82.856,0.153,183.328,298.294,8.861,-97.992,30.728,4430.403,20000116_162810
2,KGRK20000116_223800,-73.023,0.054,211.239,374.953,4.588,-97.845,30.383,2293.922,20000116_163800
1,KGRK20000118_001643,24.824,0.497,244.766,347.144,12.057,-97.670,30.509,6028.259,20000117_181643
1,KGRK20000118_002631,34.624,0.627,249.163,340.605,20.164,-97.648,30.538,10082.215,20000117_182631
1,KGRK20000118_003620,44.441,0.846,253.673,334.389,26.376,-97.624,30.566,13188.042,20000117_183620
1,KGRK20000118_004611,54.291,0.813,255.694,329.312,29.579,-97.614,30.589,14789.331,20000117_184611
1,KGRK20000118_005600,64.107,0.552,259.931,328.811,31.813,-97.592,30.592,15906.399,20000117_185600
4,KGRK20000118_004611,54.291,0.250,239.542,394.179,15.466,-97.697,30.297,7733.215,20000117_184611
4,KGRK20000118_005600,64.107,0.277,241.066,388.618,27.082,-97.689,30.322,13541.244,20000117_185600
4,KGRK20000118_010549,73.924,0.238,243.362,385.366,28.701,-97.677,30.336,14350.548,20000117_190549
4,KGRK20000118_011539,83.757,0.279,240.695,374.979,36.133,-97.691,30.383,18066.635,20000117_191539
1,KGRK20000125_010621,68.278,0.413,461.143,295.041,11.492,-96.541,30.741,5746.067,20000124_190621
1,KGRK20000125_011610,78.095,0.075,463.922,288.927,27.325,-96.527,30.769,13662.527,20000124_191610
1,KGRK20000127_015405,114.232,0.257,255.742,399.191,21.154,-97.613,30.274,10577.129,20000126_195405
2,KGRK20000127_021345,133.899,0.078,363.785,287.593,15.715,-97.050,30.777,7857.716,20000126_201345
2,KGRK20000129_003744,36.104,0.101,389.160,234.376,8.706,-96.916,31.017,4353.050,20000128_183744
2,KGRK20000129_004813,46.587,0.061,389.138,237.409,20.633,-96.916,31.003,10316.307,20000128_184813
1,KGRK20000128_230807,-53.513,0.184,382.254,220.693,7.180,-96.952,31.079,3589.764,20000128_170807
2,KGRK20000201_011409,69.862,0.080,24.578,147.333,33.086,-98.831,31.402,16543.064,20000131_191409
2,KGRK20000201_012000,75.712,0.774,28.094,143.064,43.230,-98.813,31.422,21614.886,20000131_192000
2,KGRK20000201_012549,81.529,0.169,32.255,135.054,52.929,-98.791,31.458,26464.717,20000131_192549
1,KGRK20000201_001548,11.512,0.084,26.812,151.031,47.157,-98.819,31.386,23578.312,20000131_181548
1,KGRK20000205_224110,-87.497,0.080,399.598,175.768,2.580,-96.860,31.281,1289.879,20000205_164110
2,KGRK20000207_004829,38.957,0.596,227.487,394.629,14.993,-97.760,30.294,7496.323,20000206_184829
2,KGRK20000207_005819,48.790,0.623,223.888,392.088,23.479,-97.778,30.306,11739.430,20000206_185819
2,KGRK20000207_010809,58.623,0.073,218.513,383.748,26.682,-97.807,30.343,13340.845,20000206_190809
1,KGRK20000206_224038,-88.893,0.058,288.815,167.355,8.340,-97.442,31.320,4170.174,20000206_164038
3,KGRK20000207_005819,48.790,0.073,240.467,333.686,16.569,-97.693,30.569,8284.620,20000206_185819
4,KGRK20000207_010809,58.623,0.248,344.243,410.779,30.585,-97.153,30.222,15292.709,20000206_190809
5,KGRK20000208_003831,28.132,0.599,242.896,355.623,10.975,-97.680,30.470,5487.549,20000207_183831
5,KGRK20000208_004821,37.965,0.979,243.430,358.040,20.117,-97.677,30.460,10058.394,20000207_184821
5,KGRK20000208_005810,47.782,0.974,242.716,363.129,29.285,-97.681,30.437,14642.486,20000207_185810
5,KGRK20000208_010800,57.615,0.907,239.634,365.155,31.193,-97.697,30.427,15596.529,20000207_190800
5,KGRK20000208_011750,67.448,0.529,234.861,376.041,41.385,-97.722,30.378,20692.692,20000207_191750
6,KGRK20000208_003831,28.132,0.279,252.844,411.053,16.473,-97.628,30.221,8236.387,20000207_183831
6,KGRK20000208_004821,37.965,0.157,238.331,418.307,29.244,-97.703,30.188,14621.998,20000207_184821
6,KGRK20000208_005810,47.782,0.104,235.829,401.806,36.610,-97.716,30.262,18304.777,20000207_185810
6,KGRK20000208_010800,57.615,0.170,231.003,396.330,49.712,-97.741,30.287,24855.753,20000207_190800
6,KGRK20000208_011750,67.448,0.056,217.583,413.407,72.859,-97.811,30.209,36429.721,20000207_191750
3,KGRK20000207_231954,-50.485,0.208,371.848,326.776,12.916,-97.008,30.600,6457.935,20000207_171954
3,KGRK20000207_232945,-40.635,0.130,370.262,326.552,20.798,-97.016,30.601,10398.892,20000207_172945
1,KGRK20000207_225024,-79.985,0.052,257.262,389.955,11.118,-97.605,30.316,5559.103,20000207_165024
2,KGRK20000207_230014,-70.152,0.053,373.315,304.467,9.217,-97.000,30.701,4608.734,20000207_170014
3,KGRK20000209_004642,35.462,0.672,243.029,339.531,18.829,-97.680,30.543,9414.463,20000208_184642
3,KGRK20000209_005632,45.295,0.240,243.033,337.538,30.894,-97.680,30.552,15447.242,20000208_185632
3,KGRK20000209_010621,55.112,0.105,242.708,327.009,35.096,-97.681,30.600,17548.241,20000208_190621
1,KGRK20000208_234753,-23.355,0.108,366.044,327.499,10.674,-97.038,30.597,5337.044,20000208_174753
1,KGRK20000208_235741,-13.555,0.628,366.273,327.267,18.104,-97.037,30.598,9052.210,20000208_175741
2,KGRK20000209_003654,25.662,0.600,256.538,394.304,16.991,-97.609,30.296,8495.693,20000208_183654
2,KGRK20000209_004642,35.462,0.087,255.994,394.223,24.659,-97.612,30.297,12329.387,20000208_184642
1,KGRK20000210_003553,23.797,0.784,219.614,379.215,25.696,-97.801,30.364,12847.778,20000209_183553
1,KGRK20000210_004543,33.630,0.606,223.402,378.163,31.050,-97.781,30.369,15525.129,20000209_184543
1,KGRK20000210_005533,43.464,0.247,226.095,375.039,30.447,-97.767,30.383,15223.574,20000209_185533
3,KGRK20000210_004543,33.630,0.673,246.399,328.761,20.908,-97.662,30.592,10454.140,20000209_184543
3,KGRK20000210_005533,43.464,0.556,248.973,328.000,26.002,-97.649,30.595,13001.059,20000209_185533
3,KGRK20000210_010523,53.297,0.104,251.471,323.709,29.040,-97.636,30.614,14519.936,20000209_190523
2,KGRK20000210_003553,23.797,0.523,234.340,207.257,17.044,-97.727,31.139,8522.150,20000209_183553
8,KGRK20000211_000641,-6.246,0.143,244.452,346.661,5.867,-97.672,30.511,2933.474,20000210_180641
8,KGRK20000211_001631,3.588,-1.000,244.452,346.661,21.502,-97.672,30.511,10750.974,20000210_181631
8,KGRK20000211_002733,14.621,0.930,252.358,337.903,28.770,-97.631,30.550,14384.992,20000210_182733
8,KGRK20000211_003723,24.454,0.568,251.018,324.987,31.253,-97.638,30.609,15626.365,20000210_183723
8,KGRK20000211_004713,34.288,0.476,252.317,329.457,41.212,-97.631,30.589,20606.076,20000210_184713
4,KGRK20000210_232721,-45.579,0.102,235.365,389.027,6.420,-97.719,30.320,3210.238,20000210_172721
4,KGRK20000210_233711,-35.746,0.662,238.364,390.002,17.455,-97.703,30.315,8727.345,20000210_173711
4,KGRK20000210_234700,-25.929,0.075,256.369,398.456,18.146,-97.610,30.277,9073.005,20000210_174700
11,KGRK20000211_004713,34.288,0.153,237.967,389.447,20.368,-97.705,30.318,10183.941,20000210_184713
11,KGRK20000211_005703,44.121,0.216,239.398,387.547,28.937,-97.698,30.326,14468.667,20000210_185703
1,KGRK20000210_225644,-76.196,0.281,427.637,336.125,16.785,-96.718,30.557,8392.445,20000210_165644
2,KGRK20000210_225644,-76.196,0.066,232.182,375.856,7.964,-97.736,30.379,3982.094,20000210_165644
3,KGRK20000210_231731,-55.412,0.720,427.078,221.127,13.703,-96.717,31.076,6851.349,20000210_171731
5,KGRK20000210_235651,-16.079,0.476,176.958,360.428,5.991,-98.023,30.448,2995.584,20000210_175651
10,KGRK20000211_001631,3.588,0.223,229.460,395.576,17.904,-97.749,30.290,8951.784,20000210_181631
12,KGRK20000211_004713,34.288,0.054,307.123,210.373,27.642,-97.345,31.126,13821.041,20000210_184713
6,KGRK20000212_004606,32.335,0.098,289.646,346.564,23.263,-97.437,30.512,11631.748,20000211_184606
6,KGRK20000212_005155,38.151,0.345,289.320,347.019,29.403,-97.438,30.510,14701.641,20000211_185155
6,KGRK20000212_005744,43.968,0.487,289.475,352.000,28.824,-97.438,30.487,14412.080,20000211_185744
6,KGRK20000212_010333,49.785,0.291,293.309,355.683,29.453,-97.418,30.471,14726.350,20000211_190333
6,KGRK20000212_010922,55.601,0.119,294.195,360.576,30.303,-97.413,30.448,15151.259,20000211_190922
6,KGRK20000212_011624,62.635,-1.000,295.956,366.112,31.270,-97.404,30.423,15634.816,20000211_191624
6,KGRK20000212_012614,72.468,-1.000,298.417,373.853,32.622,-97.391,30.389,16310.878,20000211_192614
6,KGRK20000212_013603,82.285,0.146,279.743,335.744,61.426,-97.488,30.560,30712.836,20000211_193603
6,KGRK20000212_014553,92.118,0.056,280.350,326.739,84.195,-97.485,30.601,42097.610,20000211_194553
3,KGRK20000212_000521,-8.415,0.057,243.455,348.323,6.972,-97.677,30.503,3486.185,20000211_180521
3,KGRK20000212_001110,-2.599,-1.000,243.455,348.323,16.221,-97.677,30.503,8110.435,20000211_181110
3,KGRK20000212_001700,3.235,0.697,241.638,354.128,18.041,-97.687,30.477,9020.577,20000211_181700
3,KGRK20000212_002249,9.051,0.747,242.049,353.533,23.159,-97.685,30.480,11579.559,20000211_182249
3,KGRK20000212_002839,14.885,0.724,253.570,347.028,30.837,-97.625,30.509,15418.569,20000211_182839
3,KGRK20000212_003428,20.701,0.228,254.512,343.940,40.840,-97.620,30.523,20419.916,20000211_183428
3,KGRK20000212_004017,26.518,0.066,258.252,341.478,44.640,-97.600,30.534,22320.073,20000211_184017
3,KGRK20000212_004606,32.335,0.083,239.162,351.973,8.889,-97.700,30.487,4444.498,20000211_184606
3,KGRK20000212_005155,38.151,0.675,239.105,351.790,14.039,-97.700,30.488,7019.427,20000211_185155
3,KGRK20000212_005744,43.968,0.447,240.529,352.754,16.804,-97.692,30.483,8401.934,20000211_185744
3,KGRK20000212_010333,49.785,-1.000,241.717,353.538,20.050,-97.686,30.480,10024.766,20000211_190333
3,KGRK20000212_010922,55.601,-1.000,242.905,354.323,23.295,-97.680,30.476,11647.598,20000211_190922
3,KGRK20000212_011624,62.635,-1.000,244.342,355.271,27.220,-97.673,30.472,13609.877,20000211_191624
3,KGRK20000212_012614,72.468,-1.000,246.351,356.597,32.707,-97.662,30.466,16353.348,20000211_192614
3,KGRK20000212_013603,82.285,-1.000,248.356,357.921,38.184,-97.652,30.460,19092.168,20000211_193603
3,KGRK20000212_014553,92.118,0.096,262.285,325.730,45.512,-97.579,30.605,22755.882,20000211_194553
3,KGRK20000212_015543,101.951,0.297,255.764,327.536,49.200,-97.613,30.597,24600.083,20000211_195543
5,KGRK20000212_004017,26.518,0.914,232.798,400.083,14.062,-97.732,30.270,7030.863,20000211_184017
5,KGRK20000212_004606,32.335,0.867,233.367,400.326,18.911,-97.729,30.269,9455.520,20000211_184606
5,KGRK20000212_005155,38.151,0.910,234.264,401.023,20.209,-97.724,30.266,10104.311,20000211_185155
5,KGRK20000212_005744,43.968,0.601,237.905,405.036,21.445,-97.705,30.248,10722.632,20000211_185744
5,KGRK20000212_010333,49.785,0.136,244.083,407.174,21.011,-97.673,30.238,10505.706,20000211_190333
1,KGRK20000211_235824,-15.365,0.248,171.356,364.464,3.143,-98.052,30.429,1571.699,20000211_175824
1,KGRK20000212_000521,-8.415,0.284,171.684,363.634,10.930,-98.051,30.433,5465.120,20000211_180521
8,KGRK20000212_012614,72.468,0.055,278.691,327.473,68.898,-97.494,30.598,34448.936,20000211_192614
6,KGRK20000213_001831,3.921,0.089,242.040,347.547,4.815,-97.685,30.507,2407.711,20000212_181831
6,KGRK20000213_002821,13.754,0.376,239.315,344.448,18.327,-97.699,30.521,9163.361,20000212_182821
6,KGRK20000213_003811,23.587,0.859,237.772,336.208,24.014,-97.707,30.558,12006.765,20000212_183811
6,KGRK20000213_004800,33.404,0.284,234.564,333.240,29.475,-97.724,30.571,14737.710,20000212_184800
6,KGRK20000213_005748,43.204,0.510,233.885,329.231,32.446,-97.727,30.589,16222.805,20000212_185748
6,KGRK20000213_010738,53.037,0.297,227.148,317.552,42.035,-97.763,30.642,21017.519,20000212_190738
7,KGRK20000213_004800,33.404,0.759,219.202,384.129,23.724,-97.803,30.342,11862.225,20000212_184800
7,KGRK20000213_005748,43.204,0.889,219.782,383.691,25.186,-97.800,30.344,12593.187,20000212_185748
7,KGRK20000213_010738,53.037,0.365,219.718,382.307,25.361,-97.800,30.350,12680.740,20000212_190738
5,KGRK20000213_001831,3.921,0.145,211.035,396.184,12.096,-97.845,30.287,6047.953,20000212_181831
5,KGRK20000213_002821,13.754,0.240,218.407,374.252,29.895,-97.807,30.386,14947.554,20000212_182821
1,KGRK20000212_225839,-75.946,0.231,196.927,347.106,5.479,-97.920,30.508,2739.437,20000212_165839
3,KGRK20000212_231819,-56.279,0.130,171.687,340.103,2.318,-98.051,30.539,1159.208,20000212_171819
9,KGRK20000213_012718,72.704,0.061,346.658,422.323,35.269,-97.141,30.170,17634.640,20000212_192718
8,KGRK20000214_001924,3.980,0.447,251.952,352.772,12.531,-97.633,30.483,6265.671,20000213_181924
8,KGRK20000214_002514,9.813,0.895,256.838,354.760,20.613,-97.608,30.475,10306.531,20000213_182514
8,KGRK20000214_003103,15.630,0.968,261.799,356.809,27.634,-97.582,30.465,13817.052,20000213_183103
8,KGRK20000214_003653,21.463,0.840,263.331,361.863,33.138,-97.574,30.443,16568.988,20000213_183653
8,KGRK20000214_004242,27.280,0.888,269.277,360.642,37.314,-97.543,30.448,18657.009,20000213_184242
8,KGRK20000214_004832,33.113,0.339,272.741,356.386,42.178,-97.525,30.467,21088.813,20000213_184832
8,KGRK20000214_005421,38.930,-1.000,276.413,352.594,46.974,-97.506,30.484,23486.788,20000213_185421
8,KGRK20000214_010011,44.763,0.057,274.839,362.157,48.465,-97.514,30.441,24232.564,20000213_190011
9,KGRK20000214_003653,21.463,0.264,238.113,409.665,13.008,-97.704,30.227,6503.891,20000213_183653
9,KGRK20000214_004242,27.280,0.964,241.126,411.392,17.215,-97.689,30.219,8607.725,20000213_184242
9,KGRK20000214_004832,33.113,0.921,245.415,415.663,21.100,-97.666,30.200,10550.016,20000213_184832
9,KGRK20000214_005421,38.930,0.913,252.968,415.846,24.600,-97.627,30.199,12300.032,20000213_185421
9,KGRK20000214_010011,44.763,0.284,259.768,421.855,24.957,-97.592,30.172,12478.614,20000213_190011
9,KGRK20000214_010600,50.580,0.075,270.228,425.563,25.982,-97.537,30.155,12991.009,20000213_190600
4,KGRK20000214_000745,-7.670,0.074,201.352,491.584,4.710,-97.893,29.857,2355.053,20000213_180745
4,KGRK20000214_001335,-1.837,0.312,202.353,491.488,12.223,-97.888,29.857,6111.292,20000213_181335
4,KGRK20000214_001924,3.980,0.544,206.303,491.886,16.050,-97.868,29.855,8025.112,20000213_181924
4,KGRK20000214_002514,9.813,0.058,209.744,493.872,20.184,-97.850,29.846,10092.214,20000213_182514
1,KGRK20000213_234913,-26.204,0.804,365.185,331.148,11.656,-97.043,30.581,5828.011,20000213_174913
1,KGRK20000213_235502,-20.387,0.868,365.661,328.972,15.342,-97.040,30.591,7670.915,20000213_175502
1,KGRK20000214_000156,-13.487,0.149,375.353,324.296,21.644,-96.990,30.611,10821.787,20000213_180156
1,KGRK20000214_000745,-7.670,0.232,368.196,331.520,11.553,-97.027,30.579,5776.291,20000213_180745
1,KGRK20000214_001335,-1.837,0.370,368.744,332.022,17.445,-97.024,30.577,8722.597,20000213_181335
5,KGRK20000214_001335,-1.837,0.547,176.698,370.366,4.963,-98.024,30.403,2481.392,20000213_181335
5,KGRK20000214_001924,3.980,0.319,177.596,369.900,11.588,-98.020,30.405,5794.168,20000213_181924
12,KGRK20000214_004242,27.280,0.078,347.619,107.301,28.424,-97.132,31.590,14211.990,20000213_184242
12,KGRK20000214_004832,33.113,0.291,350.087,107.647,36.444,-97.119,31.589,18221.926,20000213_184832
6,KGRK20000215_003243,16.478,0.736,236.103,349.877,10.402,-97.716,30.496,5201.050,20000214_183243
6,KGRK20000215_004233,26.312,0.852,232.196,348.539,18.607,-97.736,30.502,9303.495,20000214_184233
6,KGRK20000215_005223,36.145,0.860,228.559,347.793,27.289,-97.755,30.506,13644.312,20000214_185223
6,KGRK20000215_010214,45.995,0.215,227.784,354.888,30.503,-97.759,30.474,15251.680,20000214_190214
6,KGRK20000215_011204,55.828,-1.000,226.840,361.504,34.038,-97.764,30.444,17019.046,20000214_191204
6,KGRK20000215_012154,65.662,0.051,206.815,359.449,50.760,-97.868,30.453,25379.902,20000214_192154
2,KGRK20000214_234223,-33.855,0.696,372.214,325.249,15.700,-97.006,30.607,7849.831,20000214_174223
2,KGRK20000214_235213,-24.022,0.702,370.970,325.169,19.784,-97.013,30.608,9892.179,20000214_175213
2,KGRK20000215_000313,-13.022,0.339,369.361,327.104,15.336,-97.021,30.599,7667.950,20000214_180313
2,KGRK20000215_001303,-3.188,0.136,370.491,329.322,24.142,-97.015,30.589,12070.993,20000214_181303
8,KGRK20000215_004233,26.312,0.424,223.846,393.248,18.313,-97.779,30.301,9156.330,20000214_184233
8,KGRK20000215_005223,36.145,0.783,227.099,394.038,20.638,-97.762,30.297,10319.250,20000214_185223
8,KGRK20000215_010214,45.995,0.727,234.774,397.457,17.380,-97.722,30.282,8689.970,20000214_190214
13,KGRK20000215_011204,55.828,0.234,522.849,341.957,29.472,-96.222,30.527,14736.250,20000214_191204
13,KGRK20000215_012154,65.662,0.078,525.390,340.323,43.170,-96.208,30.534,21585.211,20000214_192154
1,KGRK20000214_230303,-73.188,0.137,253.244,390.109,8.617,-97.626,30.315,4308.624,20000214_170303
5,KGRK20000215_002253,6.645,0.053,167.570,364.400,2.745,-98.072,30.429,1372.477,20000214_182253
7,KGRK20000215_003243,16.478,0.403,280.664,228.489,7.158,-97.484,31.044,3579.067,20000214_183243
11,KGRK20000215_005223,36.145,0.064,376.683,318.290,18.755,-96.983,30.639,9377.277,20000214_185223
3,KGRK20000217_001346,-4.088,0.723,243.011,347.450,8.361,-97.680,30.507,4180.496,20000216_181346
3,KGRK20000217_001936,1.745,0.949,241.431,342.908,13.978,-97.688,30.528,6989.076,20000216_181936
3,KGRK20000217_002525,7.562,0.973,240.668,339.503,17.079,-97.692,30.543,8539.399,20000216_182525
3,KGRK20000217_003115,13.395,0.979,240.139,337.407,23.741,-97.695,30.553,11870.532,20000216_183115
3,KGRK20000217_003704,19.212,0.980,240.910,332.861,30.034,-97.691,30.573,15016.809,20000216_183704
3,KGRK20000217_004254,25.045,0.866,243.287,328.058,29.110,-97.678,30.595,14554.790,20000216_184254
3,KGRK20000217_004844,30.878,0.795,247.470,332.143,27.866,-97.657,30.576,13932.842,20000216_184844
3,KGRK20000217_005433,36.695,0.058,247.154,321.857,40.678,-97.658,30.623,20338.831,20000216_185433
1,KGRK20000216_235028,-27.388,0.148,222.620,421.670,2.883,-97.784,30.172,1441.462,20000216_175028
1,KGRK20000216_235617,-21.572,0.066,222.273,422.443,11.869,-97.786,30.169,5934.437,20000216_175617
1,KGRK20000217_000207,-15.738,0.209,221.653,419.790,16.430,-97.790,30.181,8215.152,20000216_180207
1,KGRK20000217_000756,-9.922,0.440,218.924,421.700,17.668,-97.804,30.172,8834.037,20000216_180756
1,KGRK20000217_001346,-4.088,0.442,219.120,418.114,20.431,-97.803,30.188,10215.451,20000216_181346
1,KGRK20000217_001936,1.745,0.277,222.495,413.455,24.055,-97.785,30.209,12027.676,20000216_181936
16,KGRK20000217_013033,72.695,0.757,92.507,243.478,28.083,-98.469,30.972,14041.715,20000216_193033
16,KGRK20000217_013622,78.512,0.662,93.549,242.955,34.220,-98.463,30.974,17110.191,20000216_193622
16,KGRK20000217_014212,84.345,0.688,91.448,242.409,34.437,-98.474,30.977,17218.594,20000216_194212
16,KGRK20000217_014801,90.162,0.770,89.955,237.862,40.250,-98.482,30.997,20125.049,20000216_194801
16,KGRK20000217_015350,95.978,0.765,87.723,239.292,40.122,-98.494,30.991,20061.106,20000216_195350
16,KGRK20000217_015940,101.812,0.506,87.837,239.828,44.420,-98.493,30.988,22210.021,20000216_195940
6,KGRK20000217_001936,1.745,0.339,168.947,363.044,6.602,-98.065,30.436,3301.075,20000216_181936
6,KGRK20000217_002525,7.562,0.063,169.187,362.826,13.611,-98.064,30.437,6805.365,20000216_182525
8,KGRK20000217_003115,13.395,0.747,280.802,227.185,9.185,-97.483,31.050,4592.606,20000216_183115
8,KGRK20000217_003704,19.212,0.100,280.833,227.282,16.564,-97.483,31.050,8282.136,20000216_183704
8,KGRK20000217_004254,25.045,0.316,279.846,227.601,11.734,-97.488,31.048,5866.974,20000216_184254
9,KGRK20000217_003115,13.395,0.191,235.047,383.813,17.975,-97.721,30.343,8987.253,20000216_183115
9,KGRK20000217_003704,19.212,0.053,234.775,385.589,24.284,-97.722,30.335,12142.186,20000216_183704
9,KGRK20000217_004254,25.045,0.886,230.080,390.883,17.779,-97.746,30.311,8889.433,20000216_184254
9,KGRK20000217_004844,30.878,0.540,229.209,390.623,23.876,-97.751,30.312,11937.808,20000216_184844
9,KGRK20000217_005433,36.695,0.091,231.448,394.871,19.902,-97.739,30.293,9951.218,20000216_185433
15,KGRK20000217_011854,61.045,0.131,97.486,243.972,24.657,-98.443,30.970,12328.521,20000216_191854
15,KGRK20000217_012443,66.862,0.347,96.991,243.464,31.765,-98.445,30.972,15882.318,20000216_192443
17,KGRK20000217_024027,142.595,0.071,256.747,402.142,26.173,-97.608,30.261,13086.445,20000216_204027
1,KGRK20000221_001715,-3.762,0.891,237.519,346.863,11.478,-97.708,30.510,5738.798,20000220_181715
1,KGRK20000221_002304,2.055,0.965,235.873,343.948,15.781,-97.717,30.523,7890.324,20000220_182304
1,KGRK20000221_002853,7.872,0.978,233.105,342.215,17.775,-97.731,30.531,8887.458,20000220_182853
1,KGRK20000221_003443,13.705,0.979,232.665,340.037,25.257,-97.734,30.541,12628.416,20000220_183443
1,KGRK20000221_004034,19.555,0.961,232.886,339.346,28.896,-97.732,30.544,14447.910,20000220_184034
1,KGRK20000221_004730,26.488,0.944,233.412,338.401,31.399,-97.730,30.548,15699.358,20000220_184730
1,KGRK20000221_005320,32.322,0.476,230.449,334.717,33.531,-97.745,30.565,16765.257,20000220_185320
1,KGRK20000221_005910,38.155,0.267,227.043,328.393,34.181,-97.763,30.593,17090.699,20000220_185910
1,KGRK20000221_010459,43.972,0.217,225.757,323.281,37.966,-97.770,30.616,18982.982,20000220_190459
4,KGRK20000221_004034,19.555,0.168,229.178,391.092,14.165,-97.751,30.310,7082.556,20000220_184034
4,KGRK20000221_004730,26.488,0.730,227.210,391.343,19.872,-97.761,30.309,9935.788,20000220_184730
4,KGRK20000221_005320,32.322,0.551,226.264,391.657,19.108,-97.766,30.308,9554.139,20000220_185320
4,KGRK20000221_005910,38.155,0.391,225.441,391.324,21.099,-97.770,30.309,10549.372,20000220_185910
4,KGRK20000221_010459,43.972,0.172,223.084,388.426,24.961,-97.783,30.322,12480.551,20000220_190459
3,KGRK20000221_001715,-3.762,0.098,208.869,413.674,7.370,-97.856,30.208,3685.244,20000220_181715
5,KGRK20000221_012817,67.272,0.367,445.430,272.981,8.335,-96.623,30.841,4167.587,20000220_192817
7,KGRK20000221_013956,78.922,0.066,241.819,407.150,17.330,-97.685,30.238,8664.869,20000220_193956
8,KGRK20000221_023814,137.222,0.068,356.853,410.484,26.017,-97.088,30.223,13008.480,20000220_203814
1,KGRK20000221_225743,-84.068,0.096,336.218,419.269,4.813,-97.195,30.184,2406.439,20000221_165743
7,KGRK20000224_004557,22.636,0.099,236.518,397.429,13.110,-97.713,30.282,6555.132,20000223_184557
7,KGRK20000224_005146,28.453,0.186,237.671,395.740,21.485,-97.707,30.289,10742.690,20000223_185146
7,KGRK20000224_005735,34.270,0.571,241.462,389.186,23.429,-97.687,30.319,11714.345,20000223_185735
7,KGRK20000224_010429,41.170,0.547,243.014,388.578,22.031,-97.679,30.322,11015.574,20000223_190429
7,KGRK20000224_011019,47.003,0.379,247.514,386.624,22.867,-97.656,30.331,11433.478,20000223_191019
7,KGRK20000224_011608,52.820,0.451,251.442,387.153,26.899,-97.635,30.328,13449.739,20000223_191608
1,KGRK20000224_001059,-12.330,0.413,233.170,390.670,4.983,-97.730,30.312,2491.371,20000223_181059
1,KGRK20000224_001648,-6.514,0.175,233.923,391.637,14.163,-97.726,30.308,7081.319,20000223_181648
1,KGRK20000224_002238,-0.680,0.153,236.203,393.845,19.635,-97.714,30.298,9817.285,20000223_182238
4,KGRK20000224_003418,10.986,0.339,252.497,328.600,24.874,-97.630,30.592,12437.027,20000223_183418
4,KGRK20000224_004007,16.803,0.572,253.132,326.452,32.491,-97.627,30.602,16245.712,20000223_184007
4,KGRK20000224_004557,22.636,0.409,253.149,318.096,38.855,-97.627,30.640,19427.493,20000223_184557
3,KGRK20000224_001648,-6.514,0.092,242.819,346.351,10.440,-97.681,30.512,5220.152,20000223_181648
5,KGRK20000224_003418,10.986,0.114,196.368,364.544,3.304,-97.922,30.429,1651.972,20000223_183418
8,KGRK20000224_015104,87.753,0.082,253.391,377.479,38.103,-97.625,30.372,19051.405,20000223_195104
9,KGRK20000224_022010,116.853,0.056,257.431,119.990,7.798,-97.607,31.533,3898.981,20000223_202010
2,KGRK20000225_002915,5.181,0.464,238.586,342.513,8.304,-97.703,30.530,4151.962,20000224_182915
2,KGRK20000225_003506,11.031,0.805,237.404,338.325,16.607,-97.709,30.548,8303.633,20000224_183506
2,KGRK20000225_004055,16.848,0.884,235.995,331.869,25.584,-97.716,30.578,12792.241,20000224_184055
2,KGRK20000225_004645,22.681,0.439,236.132,326.801,26.946,-97.716,30.600,13472.875,20000224_184645
2,KGRK20000225_005234,28.498,0.235,235.378,327.273,23.272,-97.720,30.598,11636.185,20000224_185234
1,KGRK20000225_001044,-13.336,0.156,364.526,356.369,14.283,-97.047,30.467,7141.521,20000224_181044
3,KGRK20000225_004645,22.681,0.059,289.839,211.589,23.456,-97.436,31.120,11728.180,20000224_184645
1,KGRK20000301_235121,-37.132,0.222,236.641,350.414,8.990,-97.713,30.494,4494.949,20000301_175121
1,KGRK20000301_235710,-31.315,0.909,237.051,348.748,14.655,-97.711,30.501,7327.397,20000301_175710
1,KGRK20000302_000404,-24.415,0.938,237.248,345.594,20.004,-97.710,30.516,10001.980,20000301_180404
1,KGRK20000302_000953,-18.598,0.934,235.484,340.256,25.232,-97.719,30.540,12616.220,20000301_180953
1,KGRK20000302_001544,-12.748,0.892,233.559,337.080,29.005,-97.729,30.554,14502.265,20000301_181544
1,KGRK20000302_002133,-6.932,0.622,231.936,333.673,32.912,-97.738,30.569,16455.912,20000301_182133
1,KGRK20000302_002722,-1.115,0.057,228.970,328.245,34.084,-97.753,30.594,17041.789,20000301_182722
1,KGRK20000302_003312,4.718,-1.000,226.286,323.252,35.864,-97.767,30.616,17932.018,20000301_183312
1,KGRK20000302_003901,10.535,0.438,245.350,348.812,18.667,-97.667,30.501,9333.279,20000301_183901
1,KGRK20000302_004450,16.352,0.250,245.517,348.797,25.726,-97.667,30.501,12862.895,20000301_184450
1,KGRK20000302_005039,22.168,0.880,242.941,347.354,25.551,-97.680,30.508,12775.474,20000301_185039
1,KGRK20000302_005629,28.002,0.686,237.702,345.150,27.882,-97.707,30.518,13941.054,20000301_185629
1,KGRK20000302_010218,33.818,0.056,234.254,342.949,32.440,-97.725,30.528,16220.183,20000301_190218
6,KGRK20000302_002722,-1.115,0.612,228.708,396.469,13.042,-97.753,30.286,6520.790,20000301_182722
6,KGRK20000302_003312,4.718,0.871,227.779,396.776,17.604,-97.758,30.285,8801.779,20000301_183312
6,KGRK20000302_003901,10.535,0.880,227.718,394.244,19.247,-97.758,30.296,9623.389,20000301_183901
6,KGRK20000302_004450,16.352,0.929,228.539,392.737,21.264,-97.754,30.303,10631.862,20000301_184450
6,KGRK20000302_005039,22.168,0.866,229.041,389.091,23.939,-97.752,30.319,11969.516,20000301_185039
6,KGRK20000302_005629,28.002,-1.000,229.564,385.624,26.562,-97.749,30.335,13280.952,20000301_185629
6,KGRK20000302_010218,33.818,0.085,227.482,390.076,16.853,-97.760,30.315,8426.651,20000301_190218
6,KGRK20000302_010807,39.635,-1.000,227.482,390.076,26.102,-97.760,30.315,13050.901,20000301_190807
6,KGRK20000302_011357,45.468,0.111,226.032,386.745,27.854,-97.767,30.330,13927.234,20000301_191357
6,KGRK20000302_011946,51.285,-1.000,224.945,384.249,31.467,-97.773,30.341,15733.328,20000301_191946
6,KGRK20000302_012535,57.102,0.156,223.016,392.828,30.726,-97.783,30.302,15363.132,20000301_192535
11,KGRK20000302_011357,45.468,0.170,22.087,430.426,35.331,-98.825,30.125,17665.607,20000301_191357
11,KGRK20000302_011946,51.285,0.085,23.274,426.965,41.836,-98.819,30.141,20918.005,20000301_191946
13,KGRK20000302_021212,103.718,0.241,224.880,62.933,14.843,-97.779,31.790,7421.726,20000301_201212
13,KGRK20000302_021801,109.535,0.081,228.391,61.736,21.812,-97.761,31.796,10905.895,20000301_201801
15,KGRK20000302_022352,115.385,0.066,52.225,258.433,45.609,-98.679,30.903,22804.344,20000301_202352
15,KGRK20000302_022941,121.202,0.089,54.439,259.034,52.680,-98.667,30.900,26339.988,20000301_202941
17,KGRK20000302_024709,138.668,0.100,262.986,75.953,22.809,-97.578,31.732,11404.680,20000301_204709
17,KGRK20000302_025259,144.502,0.274,266.815,72.889,29.692,-97.558,31.746,14845.948,20000301_205259
18,KGRK20000302_024709,138.668,0.077,118.261,240.406,45.456,-98.334,30.987,22727.943,20000301_204709
18,KGRK20000302_025259,144.502,0.400,122.697,239.212,51.346,-98.311,30.992,25672.869,20000301_205259
12,KGRK20000302_011946,51.285,0.074,291.714,334.452,16.488,-97.426,30.566,8243.856,20000301_191946
14,KGRK20000302_021212,103.718,0.116,185.896,130.516,28.272,-97.983,31.485,14136.059,20000301_201212
16,KGRK20000302_022352,115.385,0.053,88.894,200.824,25.352,-98.490,31.164,12676.190,20000301_202352
1,KGRK20000303_001734,-11.631,0.312,241.709,344.624,11.669,-97.686,30.520,5834.396,20000302_181734
1,KGRK20000303_002323,-5.814,0.772,240.926,339.976,16.696,-97.691,30.541,8347.875,20000302_182323
1,KGRK20000303_002912,0.002,0.126,241.665,332.657,19.530,-97.687,30.574,9764.846,20000302_182912
1,KGRK20000303_003502,5.836,0.910,242.008,320.264,25.278,-97.685,30.630,12639.204,20000302_183502
1,KGRK20000303_004051,11.652,0.626,241.767,316.427,29.078,-97.687,30.647,14538.845,20000302_184051
1,KGRK20000303_004641,17.486,0.813,241.034,310.969,33.335,-97.690,30.672,16667.718,20000302_184641
1,KGRK20000303_005230,23.302,0.837,242.353,305.174,37.286,-97.684,30.698,18642.818,20000302_185230
5,KGRK20000303_010958,40.769,0.353,121.072,518.704,19.003,-98.307,29.732,9501.745,20000302_190958
5,KGRK20000303_011548,46.602,0.306,124.037,517.198,25.819,-98.292,29.739,12909.507,20000302_191548
5,KGRK20000303_012137,52.419,0.185,128.327,509.609,32.601,-98.270,29.773,16300.680,20000302_192137
3,KGRK20000303_005230,23.302,0.312,226.149,384.246,17.908,-97.767,30.341,8954.216,20000302_185230
3,KGRK20000303_005819,29.119,0.392,226.767,384.242,23.379,-97.764,30.341,11689.382,20000302_185819
3,KGRK20000303_010409,34.952,0.206,230.129,383.986,18.609,-97.746,30.342,9304.543,20000302_190409
3,KGRK20000303_010958,40.769,0.078,230.767,383.320,25.711,-97.743,30.345,12855.689,20000302_190958
6,KGRK20000303_010958,40.769,0.104,131.334,323.297,11.309,-98.262,30.614,5654.315,20000302_190958
6,KGRK20000303_011548,46.602,0.130,131.431,323.732,18.255,-98.262,30.612,9127.662,20000302_191548
6,KGRK20000303_012137,52.419,0.068,133.106,325.104,13.992,-98.253,30.606,6996.161,20000302_192137
6,KGRK20000303_012726,58.236,0.129,133.312,325.559,20.620,-98.252,30.603,10309.879,20000302_192726
7,KGRK20000303_011548,46.602,0.085,89.953,173.701,19.807,-98.486,31.287,9903.702,20000302_191548
9,KGRK20000303_021403,104.852,0.115,218.531,388.137,2.790,-97.806,30.323,1394.943,20000302_201403
3,KGRK20000308_002823,-4.318,0.177,238.862,338.715,9.074,-97.701,30.547,4537.092,20000307_182823
3,KGRK20000308_003413,1.516,0.897,237.316,334.676,17.518,-97.709,30.565,8758.995,20000307_183413
3,KGRK20000308_004003,7.349,0.835,235.857,327.226,24.789,-97.717,30.598,12394.442,20000307_184003
3,KGRK20000308_004553,13.182,0.839,237.296,324.610,25.765,-97.710,30.610,12882.612,20000307_184553
3,KGRK20000308_005142,18.999,0.733,234.960,319.219,30.503,-97.722,30.635,15251.616,20000307_185142
3,KGRK20000308_005732,24.832,0.712,235.316,326.937,25.136,-97.720,30.600,12568.190,20000307_185732
3,KGRK20000308_010321,30.649,0.738,236.395,325.631,29.679,-97.714,30.606,14839.354,20000307_190321
2,KGRK20000308_002823,-4.318,0.845,317.672,444.777,16.716,-97.291,30.069,8357.771,20000307_182823
2,KGRK20000308_003413,1.516,0.924,317.865,443.374,21.557,-97.290,30.075,10778.286,20000307_183413
2,KGRK20000308_004003,7.349,0.572,320.531,437.575,25.495,-97.276,30.101,12747.748,20000307_184003
7,KGRK20000308_005732,24.832,0.283,222.569,382.274,18.523,-97.785,30.350,9261.471,20000307_185732
7,KGRK20000308_010321,30.649,0.230,222.191,382.028,25.268,-97.787,30.351,12634.060,20000307_190321
9,KGRK20000308_010321,30.649,0.141,106.646,509.958,13.740,-98.382,29.771,6870.109,20000307_190321
9,KGRK20000308_010911,36.482,0.655,108.398,508.373,20.257,-98.373,29.778,10128.693,20000307_190911
1,KGRK20000307_234148,-50.901,0.053,224.757,372.887,8.514,-97.774,30.392,4256.767,20000307_174148
6,KGRK20000308_005732,24.832,0.430,431.949,431.904,49.295,-96.698,30.125,24647.430,20000307_185732
6,KGRK20000308_010321,30.649,0.446,452.917,430.364,42.937,-96.589,30.131,21468.430,20000307_190321
1,KGRK20000321_013938,58.343,0.174,314.614,423.273,6.173,-97.307,30.166,3086.466,20000320_193938
7,KGRK20000322_024243,120.788,0.095,283.969,197.648,32.481,-97.467,31.183,16240.715,20000321_204243
7,KGRK20000322_024832,126.605,0.728,282.809,193.361,36.182,-97.473,31.203,18091.149,20000321_204832
7,KGRK20000322_025422,132.438,0.494,281.944,187.896,35.688,-97.478,31.227,17843.822,20000321_205422
7,KGRK20000322_030012,138.271,-1.000,281.061,182.704,35.951,-97.482,31.251,17975.256,20000321_210012
7,KGRK20000322_030603,144.121,0.348,276.137,172.717,36.103,-97.508,31.296,18051.518,20000321_210603
7,KGRK20000322_031152,149.938,0.166,270.282,165.498,36.168,-97.539,31.328,18084.158,20000321_211152
1,KGRK20000322_002840,-13.262,0.050,238.488,348.088,7.373,-97.703,30.504,3686.411,20000321_182840
1,KGRK20000322_003430,-7.429,-1.000,238.488,348.088,16.648,-97.703,30.504,8323.911,20000321_183430
1,KGRK20000322_004019,-1.612,0.071,236.362,350.825,13.159,-97.714,30.492,6579.618,20000321_184019
2,KGRK20000322_003430,-7.429,0.225,394.700,284.063,23.207,-96.888,30.793,11603.703,20000321_183430
4,KGRK20000322_005158,10.038,0.250,186.551,278.418,19.526,-97.976,30.818,9763.056,20000321_185158
5,KGRK20000322_021924,97.471,0.090,92.046,423.049,4.080,-98.462,30.162,2039.917,20000321_201924
8,KGRK20000322_030012,138.271,0.691,275.523,175.508,32.007,-97.511,31.283,16003.473,20000321_210012
6,KGRK20000331_011056,23.313,0.870,232.421,356.079,16.683,-97.735,30.468,8341.328,20000330_191056
6,KGRK20000331_012044,33.113,0.928,231.981,356.558,18.449,-97.737,30.466,9224.725,20000330_192044
6,KGRK20000331_013035,42.963,0.926,230.128,357.922,21.809,-97.747,30.460,10904.435,20000330_193035
6,KGRK20000331_014023,52.763,0.697,229.908,362.161,24.494,-97.748,30.441,12246.903,20000330_194023
6,KGRK20000331_015011,62.563,0.394,230.481,362.988,32.466,-97.745,30.437,16233.039,20000330_195011
6,KGRK20000331_015959,72.363,0.267,228.722,365.566,38.480,-97.754,30.425,19239.842,20000330_195959
6,KGRK20000331_020950,82.213,0.180,227.524,368.883,40.453,-97.760,30.410,20226.718,20000330_200950
2,KGRK20000331_010108,13.513,0.543,115.956,526.178,12.000,-98.334,29.698,6000.123,20000330_190108
2,KGRK20000331_011056,23.313,0.886,114.949,523.431,18.879,-98.339,29.710,9439.409,20000330_191056
2,KGRK20000331_012044,33.113,0.914,120.051,520.510,23.616,-98.313,29.724,11808.081,20000330_192044
2,KGRK20000331_013035,42.963,0.616,121.115,521.247,27.718,-98.307,29.720,13859.046,20000330_193035
2,KGRK20000331_014023,52.763,0.228,125.901,514.256,32.406,-98.283,29.752,16202.777,20000330_194023
2,KGRK20000331_015011,62.563,0.106,110.716,489.711,59.513,-98.362,29.862,29756.546,20000330_195011
8,KGRK20000331_012044,33.113,0.105,226.669,407.137,7.100,-97.764,30.238,3549.957,20000330_192044
8,KGRK20000331_013035,42.963,0.072,225.445,408.857,15.412,-97.770,30.230,7705.882,20000330_193035
8,KGRK20000331_014023,52.763,0.426,217.724,416.737,18.707,-97.810,30.194,9353.295,20000330_194023
8,KGRK20000331_015011,62.563,0.644,218.527,416.530,18.150,-97.806,30.195,9075.240,20000330_195011
8,KGRK20000331_015959,72.363,0.081,213.920,418.517,25.691,-97.830,30.186,12845.566,20000330_195959
8,KGRK20000331_020950,82.213,-1.000,209.751,420.392,32.472,-97.851,30.178,16236.026,20000330_200950
8,KGRK20000331_021938,92.013,0.136,222.589,415.275,33.261,-97.785,30.201,16630.550,20000330_201938
1,KGRK20000331_010108,13.513,0.582,237.559,383.522,31.041,-97.707,30.345,15520.527,20000330_190108
7,KGRK20000331_011056,23.313,0.066,277.789,311.484,6.420,-97.499,30.670,3210.022,20000330_191056
11,KGRK20000331_014023,52.763,0.184,110.871,349.560,25.042,-98.368,30.494,12521.085,20000330_194023
11,KGRK20000331_015011,62.563,-1.000,110.871,349.560,40.624,-98.368,30.494,20312.085,20000330_195011
11,KGRK20000331_015959,72.363,0.276,118.891,338.737,22.394,-98.326,30.544,11196.940,20000330_195959
1,KGRK20000401_005030,2.249,0.273,240.940,349.137,8.739,-97.690,30.500,4369.370,20000331_185030
1,KGRK20000401_005619,8.066,0.915,239.484,347.378,14.383,-97.698,30.508,7191.336,20000331_185619
1,KGRK20000401_010209,13.899,0.918,236.766,346.486,15.734,-97.712,30.512,7866.973,20000331_190209
1,KGRK20000401_010758,19.716,0.888,235.700,346.448,17.355,-97.718,30.512,8677.546,20000331_190758
1,KGRK20000401_011348,25.549,0.811,233.454,343.553,18.420,-97.729,30.525,9210.104,20000331_191348
1,KGRK20000401_011937,31.366,0.626,233.358,344.439,20.467,-97.730,30.521,10233.638,20000331_191937
1,KGRK20000401_012526,37.183,0.107,233.181,345.910,19.968,-97.731,30.514,9984.191,20000331_192526
1,KGRK20000401_013115,42.999,0.127,230.696,342.014,27.192,-97.744,30.532,13596.020,20000331_193115
1,KGRK20000401_013705,48.833,-1.000,228.902,339.690,32.213,-97.753,30.542,16106.322,20000331_193705
1,KGRK20000401_014254,54.649,0.080,223.739,368.695,39.098,-97.780,30.411,19549.177,20000331_194254
3,KGRK20000401_005619,8.066,0.380,362.491,321.657,9.656,-97.057,30.624,4827.885,20000331_185619
3,KGRK20000401_010209,13.899,0.071,360.773,322.349,16.706,-97.066,30.620,8352.766,20000331_190209
3,KGRK20000401_010758,19.716,0.052,357.389,323.765,8.421,-97.084,30.614,4210.403,20000331_190758
3,KGRK20000401_011348,25.549,0.084,355.324,324.845,17.080,-97.094,30.609,8540.068,20000331_191348
6,KGRK20000401_010758,19.716,0.064,225.062,398.644,11.149,-97.772,30.276,5574.291,20000331_190758
6,KGRK20000401_011348,25.549,0.269,224.100,398.479,18.327,-97.777,30.277,9163.363,20000331_191348
6,KGRK20000401_011937,31.366,0.383,222.676,398.609,14.078,-97.785,30.276,7039.215,20000331_191937
5,KGRK20000401_005619,8.066,0.069,338.498,415.548,28.456,-97.183,30.200,14227.968,20000331_185619
10,KGRK20000401_022930,101.249,0.097,104.431,496.961,52.932,-98.394,29.829,26466.248,20000331_202930
10,KGRK20000401_023520,107.083,0.109,115.455,513.484,46.104,-98.337,29.755,23051.964,20000331_203520
10,KGRK20000401_024109,112.899,0.082,137.729,522.013,32.821,-98.221,29.718,16410.450,20000331_204109
13,KGRK20000401_025248,124.549,0.077,194.258,382.928,26.337,-97.933,30.346,13168.570,20000331_205248
1,KGRK20000401_231911,-89.698,0.056,524.999,478.784,12.893,-96.218,29.910,6446.650,20000401_171911
2,KGRK20000401_233050,-78.048,0.150,158.561,68.758,44.366,-98.129,31.762,22183.174,20000401_173050
3,KGRK20000401_234229,-66.398,0.167,465.849,327.308,9.810,-96.518,30.596,4904.858,20000401_174229
5,KGRK20000402_010949,20.936,0.099,233.092,363.134,17.578,-97.731,30.436,8788.776,20000401_190949
6,KGRK20000402_013856,50.052,0.076,238.963,415.562,20.022,-97.700,30.200,10011.229,20000401_193856
2,KGRK20000404_013232,42.390,0.055,245.091,361.202,18.849,-97.669,30.445,9424.416,20000403_203232
2,KGRK20000404_013821,48.207,0.657,246.593,363.479,23.902,-97.661,30.435,11950.923,20000403_203821
2,KGRK20000404_014411,54.040,0.055,251.564,367.926,27.814,-97.635,30.415,13906.957,20000403_204411
5,KGRK20000404_020729,77.340,0.629,143.969,371.692,30.292,-98.195,30.396,15145.830,20000403_210729
5,KGRK20000404_021319,83.173,0.447,143.174,373.437,38.610,-98.199,30.388,19304.944,20000403_211319
5,KGRK20000404_021909,89.007,0.427,139.450,381.273,43.372,-98.218,30.352,21686.021,20000403_211909
4,KGRK20000404_015550,65.690,0.051,125.930,374.808,35.548,-98.288,30.381,17773.987,20000403_205550
4,KGRK20000404_020140,71.523,0.436,126.538,376.913,43.514,-98.285,30.372,21757.025,20000403_210140
1,KGRK20000403_232904,-81.077,0.099,364.749,313.710,9.096,-97.045,30.659,4548.248,20000403_182904
3,KGRK20000404_013821,48.207,0.054,238.159,415.808,19.930,-97.704,30.199,9965.158,20000403_203821
2,KGRK20000405_011101,20.242,0.533,75.866,344.548,13.318,-98.550,30.516,6659.101,20000404_201101
2,KGRK20000405_012049,30.042,0.942,81.594,341.431,17.880,-98.521,30.530,8939.986,20000404_202049
2,KGRK20000405_013038,39.858,0.951,78.960,332.830,33.127,-98.535,30.568,16563.621,20000404_203038
2,KGRK20000405_014026,49.658,0.972,77.090,331.890,41.810,-98.545,30.573,20904.800,20000404_204026
2,KGRK20000405_015016,59.492,0.891,87.029,322.938,46.650,-98.493,30.613,23325.214,20000404_205016
2,KGRK20000405_020005,69.308,0.176,93.514,311.861,49.952,-98.460,30.664,24975.798,20000404_210005
8,KGRK20000405_012049,30.042,0.106,46.967,439.041,8.209,-98.695,30.088,4104.616,20000404_202049
8,KGRK20000405_013038,39.858,0.339,40.851,429.911,29.557,-98.727,30.129,14778.317,20000404_203038
8,KGRK20000405_014026,49.658,0.694,43.665,421.387,36.320,-98.713,30.167,18159.888,20000404_204026
8,KGRK20000405_015016,59.492,0.641,51.174,412.685,43.136,-98.675,30.207,21568.099,20000404_205016
8,KGRK20000405_020005,69.308,0.053,53.571,408.838,53.422,-98.663,30.224,26711.135,20000404_210005
3,KGRK20000405_011101,20.242,0.494,233.039,400.032,11.251,-97.731,30.270,5625.711,20000404_201101
3,KGRK20000405_012049,30.042,0.747,232.112,395.370,17.422,-97.736,30.291,8711.204,20000404_202049
3,KGRK20000405_013038,39.858,0.161,232.344,394.798,20.700,-97.734,30.294,10350.079,20000404_203038
3,KGRK20000405_014026,49.658,0.316,232.175,389.442,20.910,-97.735,30.318,10454.760,20000404_204026
4,KGRK20000405_011101,20.242,0.195,103.867,253.244,8.798,-98.409,30.928,4398.956,20000404_201101
4,KGRK20000405_012049,30.042,0.069,104.123,251.727,18.430,-98.408,30.935,9214.959,20000404_202049
6,KGRK20000405_012049,30.042,0.414,244.436,337.009,14.849,-97.672,30.554,7424.707,20000404_202049
6,KGRK20000405_013038,39.858,0.108,244.873,336.145,22.305,-97.670,30.558,11152.548,20000404_203038
9,KGRK20000405_012049,30.042,0.098,138.555,524.921,21.007,-98.217,29.705,10503.716,20000404_202049
9,KGRK20000405_013038,39.858,0.669,146.952,524.976,29.390,-98.174,29.705,14695.067,20000404_203038
1,KGRK20000405_010112,10.425,0.164,242.855,342.553,8.536,-97.681,30.529,4268.150,20000404_200112
7,KGRK20000405_012049,30.042,0.199,125.081,279.813,17.359,-98.297,30.809,8679.664,20000404_202049
12,KGRK20000405_021944,88.958,0.174,211.514,495.066,45.082,-97.841,29.841,22540.810,20000404_211944
13,KGRK20000405_022932,98.758,0.120,391.176,157.133,1.912,-96.904,31.365,955.872,20000404_212932
1,KGRK20000406_001131,-39.891,0.660,122.292,516.173,17.168,-98.301,29.743,8584.169,20000405_191131
1,KGRK20000406_002119,-30.091,0.884,123.511,513.632,24.660,-98.295,29.755,12330.232,20000405_192119
1,KGRK20000406_003109,-20.257,0.939,127.120,508.974,30.128,-98.277,29.776,15064.101,20000405_193109
1,KGRK20000406_004058,-10.441,0.916,128.956,500.814,41.937,-98.267,29.813,20968.729,20000405_194058
1,KGRK20000406_005046,-0.641,0.879,139.266,495.748,49.572,-98.214,29.836,24785.971,20000405_195046
1,KGRK20000406_010034,9.159,0.788,148.049,490.412,59.351,-98.169,29.860,29675.439,20000405_200034
1,KGRK20000406_011022,18.959,0.568,153.882,489.021,64.775,-98.139,29.867,32387.373,20000405_201022
1,KGRK20000406_012010,28.759,0.223,154.364,475.089,79.975,-98.137,29.930,39987.576,20000405_202010
1,KGRK20000406_012959,38.576,-1.000,155.560,462.691,93.998,-98.131,29.986,46999.115,20000405_202959
1,KGRK20000406_013947,48.376,0.065,129.344,517.610,13.804,-98.265,29.737,6901.790,20000405_203947
2,KGRK20000406_002119,-30.091,0.241,70.101,343.593,10.039,-98.580,30.520,5019.584,20000405_192119
2,KGRK20000406_003109,-20.257,0.914,74.063,335.487,18.527,-98.560,30.556,9263.397,20000405_193109
2,KGRK20000406_004058,-10.441,0.919,77.730,331.880,23.671,-98.541,30.573,11835.587,20000405_194058
2,KGRK20000406_005046,-0.641,0.950,79.032,330.351,30.712,-98.535,30.580,15356.121,20000405_195046
2,KGRK20000406_010034,9.159,0.940,88.480,330.927,31.183,-98.485,30.578,15591.411,20000405_200034
2,KGRK20000406_011022,18.959,0.902,93.593,311.314,50.564,-98.460,30.666,25281.867,20000405_201022
2,KGRK20000406_012010,28.759,0.678,92.130,307.658,58.080,-98.467,30.683,29039.847,20000405_202010
2,KGRK20000406_012959,38.576,0.265,102.613,313.847,54.512,-98.412,30.655,27255.972,20000405_202959
4,KGRK20000406_010034,9.159,0.850,243.819,335.310,13.767,-97.676,30.562,6883.471,20000405_200034
4,KGRK20000406_011022,18.959,0.942,244.414,330.088,22.455,-97.673,30.586,11227.498,20000405_201022
4,KGRK20000406_012010,28.759,0.784,243.128,329.081,25.560,-97.679,30.590,12779.788,20000405_202010
4,KGRK20000406_012959,38.576,0.104,243.871,324.611,29.915,-97.675,30.610,14957.373,20000405_202959
7,KGRK20000406_012010,28.759,0.888,228.721,384.065,20.810,-97.753,30.342,10405.169,20000405_202010
7,KGRK20000406_012959,38.576,0.718,229.160,385.777,25.126,-97.751,30.334,12562.913,20000405_202959
7,KGRK20000406_013947,48.376,0.307,229.245,383.813,26.213,-97.751,30.343,13106.498,20000405_203947
8,KGRK20000406_012010,28.759,0.080,377.298,265.630,5.301,-96.979,30.876,2650.639,20000405_202010
9,KGRK20000406_012010,28.759,0.055,335.258,322.127,2.445,-97.199,30.622,1222.565,20000405_202010
1,KGRK20000414_233700,-80.136,0.366,113.125,522.512,10.465,-98.348,29.714,5232.272,20000414_183700
1,KGRK20000414_234249,-74.319,0.900,113.621,520.270,16.203,-98.346,29.725,8101.599,20000414_184249
1,KGRK20000414_234839,-68.486,0.939,114.347,519.194,19.940,-98.342,29.729,9970.161,20000414_184839
1,KGRK20000414_235429,-62.652,0.969,113.491,518.466,26.861,-98.347,29.733,13430.549,20000414_185429
1,KGRK20000415_000121,-55.786,0.964,114.689,515.307,31.045,-98.341,29.747,15522.498,20000414_190121
1,KGRK20000415_000710,-49.969,0.973,115.317,513.870,37.266,-98.337,29.754,18633.046,20000414_190710
1,KGRK20000415_001300,-44.136,0.967,119.827,512.809,43.107,-98.314,29.758,21553.452,20000414_191300
1,KGRK20000415_001849,-38.319,0.968,122.050,511.967,49.494,-98.303,29.762,24747.185,20000414_191849
1,KGRK20000415_002438,-32.502,0.958,121.474,510.148,54.002,-98.306,29.771,27000.991,20000414_192438
1,KGRK20000415_003030,-26.636,0.960,120.263,508.100,59.301,-98.312,29.780,29650.656,20000414_193030
1,KGRK20000415_003621,-20.786,0.911,128.293,509.383,59.678,-98.271,29.774,29838.886,20000414_193621
1,KGRK20000415_004211,-14.952,0.863,124.372,504.456,67.532,-98.291,29.796,33765.812,20000414_194211
1,KGRK20000415_004800,-9.136,0.808,130.133,508.364,69.479,-98.261,29.779,34739.430,20000414_194800
1,KGRK20000415_005350,-3.302,0.688,132.680,506.753,74.926,-98.248,29.786,37462.928,20000414_195350
1,KGRK20000415_005939,2.514,0.066,152.016,523.958,55.092,-98.147,29.709,27546.108,20000414_195939
1,KGRK20000415_010528,8.331,-1.000,152.016,523.958,64.341,-98.147,29.709,32170.358,20000414_200528
1,KGRK20000415_011118,14.164,0.360,162.501,516.431,61.601,-98.093,29.744,30800.327,20000414_201118
1,KGRK20000415_011707,19.981,0.111,172.125,513.664,62.647,-98.044,29.756,31323.518,20000414_201707
1,KGRK20000415_012257,25.814,0.158,166.881,508.429,74.039,-98.071,29.780,37019.304,20000414_202257
1,KGRK20000415_012846,31.631,0.254,176.885,521.566,69.428,-98.019,29.721,34714.208,20000414_202846
1,KGRK20000415_013435,37.448,0.115,181.343,524.013,71.691,-97.996,29.710,35845.591,20000414_203435
1,KGRK20000415_014025,43.281,0.108,192.321,525.568,68.593,-97.939,29.703,34296.718,20000414_204025
1,KGRK20000415_014614,49.098,0.054,193.603,526.245,72.006,-97.932,29.700,36003.064,20000414_204614
1,KGRK20000415_015203,54.914,-1.000,197.312,527.417,73.838,-97.913,29.695,36919.196,20000414_205203
1,KGRK20000415_015753,60.748,0.054,215.375,539.626,62.739,-97.820,29.640,31369.595,20000414_205753
12,KGRK20000415_012257,25.814,0.842,227.967,395.784,16.416,-97.757,30.289,8208.002,20000414_202257
12,KGRK20000415_012846,31.631,0.802,226.974,394.173,20.275,-97.762,30.296,10137.443,20000414_202846
12,KGRK20000415_013435,37.448,0.883,223.168,391.183,19.698,-97.782,30.310,9848.965,20000414_203435
12,KGRK20000415_014025,43.281,0.926,221.978,389.098,23.884,-97.788,30.319,11942.085,20000414_204025
12,KGRK20000415_014614,49.098,0.666,223.499,388.422,25.058,-97.781,30.322,12528.906,20000414_204614
12,KGRK20000415_015203,54.914,0.587,221.024,385.524,23.698,-97.793,30.335,11849.138,20000414_205203
12,KGRK20000415_015753,60.748,0.416,220.740,383.020,25.340,-97.795,30.347,12670.219,20000414_205753
12,KGRK20000415_020342,66.564,0.158,217.942,379.798,28.443,-97.810,30.361,14221.279,20000414_210342
12,KGRK20000415_020931,72.381,0.713,219.171,378.177,26.054,-97.803,30.368,13027.080,20000414_210931
12,KGRK20000415_021521,78.214,0.553,216.367,374.331,28.638,-97.818,30.386,14318.841,20000414_211521
12,KGRK20000415_022110,84.031,0.102,216.806,377.739,28.440,-97.816,30.370,14219.795,20000414_212110
12,KGRK20000415_022700,89.864,0.087,216.206,374.829,29.170,-97.819,30.383,14584.888,20000414_212700
3,KGRK20000415_002438,-32.502,0.865,69.365,344.383,13.688,-98.584,30.516,6843.965,20000414_192438
3,KGRK20000415_003030,-26.636,0.927,70.177,341.018,17.534,-98.580,30.531,8766.807,20000414_193030
3,KGRK20000415_003621,-20.786,0.953,71.444,337.431,23.359,-98.574,30.547,11679.349,20000414_193621
3,KGRK20000415_004211,-14.952,0.979,70.793,335.030,29.207,-98.577,30.558,14603.659,20000414_194211
3,KGRK20000415_004800,-9.136,0.943,69.622,333.536,34.267,-98.583,30.565,17133.514,20000414_194800
3,KGRK20000415_005350,-3.302,0.939,69.124,332.936,36.885,-98.586,30.568,18442.724,20000414_195350
3,KGRK20000415_005939,2.514,0.903,71.683,338.446,33.628,-98.572,30.543,16814.192,20000414_195939
3,KGRK20000415_010528,8.331,0.911,66.730,329.067,44.471,-98.599,30.585,22235.319,20000414_200528
3,KGRK20000415_011118,14.164,0.886,65.367,327.190,48.486,-98.606,30.593,24242.833,20000414_201118
3,KGRK20000415_011707,19.981,0.599,68.137,327.278,51.704,-98.592,30.593,25852.219,20000414_201707
3,KGRK20000415_012257,25.814,-1.000,70.386,327.059,55.092,-98.580,30.594,27546.143,20000414_202257
3,KGRK20000415_012846,31.631,0.109,61.760,319.699,58.267,-98.625,30.627,29133.543,20000414_202846
3,KGRK20000415_013435,37.448,0.075,84.703,338.027,30.823,-98.505,30.545,15411.424,20000414_203435
3,KGRK20000415_014025,43.281,0.419,85.478,339.094,37.761,-98.501,30.541,18880.615,20000414_204025
3,KGRK20000415_014614,49.098,0.076,86.704,329.602,44.618,-98.495,30.583,22309.196,20000414_204614
3,KGRK20000415_015203,54.914,0.095,113.100,350.639,16.669,-98.356,30.490,8334.384,20000414_205203
3,KGRK20000415_015753,60.748,-1.000,113.100,350.639,25.944,-98.356,30.490,12971.884,20000414_205753
3,KGRK20000415_020342,66.564,0.067,111.439,339.944,27.200,-98.365,30.538,13599.820,20000414_210342
5,KGRK20000415_005350,-3.302,0.658,129.956,330.555,13.742,-98.269,30.581,6871.248,20000414_195350
5,KGRK20000415_005939,2.514,0.704,130.125,329.717,20.864,-98.268,30.585,10431.765,20000414_195939
5,KGRK20000415_010528,8.331,0.790,131.669,322.130,22.190,-98.261,30.619,11094.759,20000414_200528
5,KGRK20000415_011118,14.164,0.808,132.282,319.350,24.144,-98.258,30.631,12072.112,20000414_201118
5,KGRK20000415_011707,19.981,0.802,134.807,318.616,24.976,-98.244,30.635,12488.149,20000414_201707
5,KGRK20000415_012257,25.814,0.700,133.917,318.384,28.447,-98.249,30.636,14223.508,20000414_202257
5,KGRK20000415_012846,31.631,0.661,135.050,316.254,28.770,-98.243,30.646,14384.897,20000414_202846
5,KGRK20000415_013435,37.448,0.716,135.229,311.510,30.834,-98.242,30.667,15417.137,20000414_203435
5,KGRK20000415_014025,43.281,0.525,137.071,305.933,35.998,-98.233,30.692,17999.077,20000414_204025
5,KGRK20000415_014614,49.098,0.359,128.937,292.242,49.908,-98.276,30.754,24953.969,20000414_204614
10,KGRK20000415_011118,14.164,0.794,240.701,346.009,13.684,-97.692,30.514,6842.136,20000414_201118
10,KGRK20000415_011707,19.981,0.928,239.940,341.908,16.711,-97.696,30.532,8355.276,20000414_201707
10,KGRK20000415_012257,25.814,0.924,239.094,337.627,20.428,-97.700,30.552,10214.197,20000414_202257
10,KGRK20000415_012846,31.631,0.934,238.349,334.631,23.912,-97.704,30.565,11955.841,20000414_202846
10,KGRK20000415_013435,37.448,0.897,236.244,328.828,28.322,-97.715,30.591,14160.804,20000414_203435
10,KGRK20000415_014025,43.281,0.921,234.875,323.228,31.000,-97.722,30.616,15499.950,20000414_204025
10,KGRK20000415_014614,49.098,0.868,235.131,320.929,34.786,-97.721,30.627,17392.768,20000414_204614
10,KGRK20000415_015203,54.914,0.773,235.072,319.024,37.259,-97.721,30.635,18629.553,20000414_205203
10,KGRK20000415_015753,60.748,0.699,234.103,317.185,38.706,-97.727,30.644,19353.065,20000414_205753
10,KGRK20000415_020342,66.564,0.093,232.991,317.096,38.094,-97.732,30.644,19046.881,20000414_210342
10,KGRK20000415_020931,72.381,0.126,228.029,323.849,33.973,-97.758,30.614,16986.721,20000414_210931
10,KGRK20000415_021521,78.214,0.113,226.954,324.285,40.005,-97.764,30.612,20002.711,20000414_211521
13,KGRK20000415_012257,25.814,0.249,78.659,345.139,34.179,-98.536,30.513,17089.430,20000414_202257
16,KGRK20000415_014025,43.281,0.127,82.060,279.488,24.958,-98.522,30.809,12478.807,20000414_204025
19,KGRK20000415_020342,66.564,0.431,20.991,295.912,11.892,-98.839,30.732,5946.064,20000414_210342
1,KGRK20000418_013408,35.067,0.883,111.905,508.870,27.283,-98.355,29.776,13641.554,20000417_203408
1,KGRK20000418_014358,44.901,0.925,111.100,504.561,33.092,-98.360,29.795,16545.843,20000417_204358
1,KGRK20000418_015347,54.717,0.959,110.722,492.440,42.833,-98.362,29.850,21416.464,20000417_205347
1,KGRK20000418_020338,64.567,0.958,115.406,483.364,47.835,-98.338,29.891,23917.251,20000417_210338
1,KGRK20000418_021327,74.384,0.946,115.167,478.528,54.883,-98.340,29.913,27441.599,20000417_211327
1,KGRK20000418_022315,84.184,0.799,111.345,472.220,60.582,-98.360,29.941,30291.191,20000417_212315
1,KGRK20000418_023304,94.001,0.706,108.306,466.735,70.941,-98.376,29.966,35470.375,20000417_213304
1,KGRK20000418_024255,103.851,0.487,109.243,462.659,75.357,-98.371,29.984,37678.521,20000417_214255
1,KGRK20000418_025245,113.684,0.433,112.212,453.563,84.836,-98.356,30.025,42418.228,20000417_215245
1,KGRK20000418_030233,123.484,0.304,119.888,458.497,83.845,-98.316,30.003,41922.364,20000417_220233
1,KGRK20000418_031222,133.301,0.292,122.754,456.119,86.698,-98.301,30.014,43349.194,20000417_221222
1,KGRK20000418_032210,143.101,0.138,119.589,431.093,108.040,-98.319,30.127,54020.161,20000417_222210
6,KGRK20000418_014358,44.901,0.845,230.256,393.957,13.471,-97.745,30.297,6735.506,20000417_204358
6,KGRK20000418_015347,54.717,0.916,231.335,389.868,17.584,-97.740,30.316,8792.076,20000417_205347
6,KGRK20000418_020338,64.567,0.955,230.599,384.282,20.191,-97.744,30.341,10095.274,20000417_210338
6,KGRK20000418_021327,74.384,0.940,233.759,380.876,24.686,-97.727,30.356,12343.088,20000417_211327
6,KGRK20000418_022315,84.184,0.903,233.837,379.032,26.754,-97.727,30.365,13376.818,20000417_212315
6,KGRK20000418_023304,94.001,0.735,233.321,375.677,29.444,-97.730,30.380,14721.910,20000417_213304
6,KGRK20000418_024255,103.851,0.153,231.496,377.273,27.257,-97.739,30.373,13628.703,20000417_214255
2,KGRK20000418_013408,35.067,0.882,132.206,321.865,15.397,-98.258,30.620,7698.629,20000417_203408
2,KGRK20000418_014358,44.901,0.808,132.760,318.993,22.694,-98.255,30.633,11347.124,20000417_204358
2,KGRK20000418_015347,54.717,0.947,132.941,313.038,28.139,-98.254,30.660,14069.692,20000417_205347
2,KGRK20000418_020338,64.567,0.927,135.076,306.674,32.345,-98.243,30.689,16172.409,20000417_210338
2,KGRK20000418_021327,74.384,0.878,136.413,300.047,41.640,-98.237,30.719,20820.104,20000417_211327
2,KGRK20000418_022315,84.184,0.062,132.860,295.016,49.221,-98.255,30.741,24610.426,20000417_212315
3,KGRK20000418_013408,35.067,0.768,73.770,341.160,13.326,-98.561,30.531,6662.841,20000417_203408
3,KGRK20000418_014358,44.901,0.874,73.168,332.466,21.157,-98.565,30.570,10578.670,20000417_204358
3,KGRK20000418_015347,54.717,0.902,75.388,327.256,25.296,-98.554,30.593,12647.835,20000417_205347
3,KGRK20000418_020338,64.567,0.836,73.110,320.735,32.968,-98.566,30.623,16484.021,20000417_210338
3,KGRK20000418_021327,74.384,-1.000,71.044,314.290,40.460,-98.577,30.652,20230.194,20000417_211327
3,KGRK20000418_022315,84.184,0.054,78.034,317.864,48.188,-98.540,30.636,24093.917,20000417_212315
3,KGRK20000418_023304,94.001,0.051,79.371,320.693,29.539,-98.533,30.623,14769.665,20000417_213304
5,KGRK20000418_014358,44.901,0.865,24.438,415.935,19.288,-98.814,30.191,9644.077,20000417_204358
5,KGRK20000418_015347,54.717,0.965,27.316,407.085,27.011,-98.799,30.231,13505.733,20000417_205347
5,KGRK20000418_020338,64.567,0.914,31.353,391.041,32.311,-98.779,30.304,16155.301,20000417_210338
7,KGRK20000418_014358,44.901,0.141,100.185,242.829,13.076,-98.429,30.975,6538.062,20000417_204358
14,KGRK20000418_024255,103.851,0.275,25.904,470.056,31.745,-98.802,29.947,15872.612,20000417_214255
15,KGRK20000418_024255,103.851,0.087,144.150,345.882,29.825,-98.195,30.512,14912.274,20000417_214255
1,KGRK20000418_233054,-88.813,0.078,140.415,332.312,2.871,-98.215,30.573,1435.661,20000418_183054
13,KGRK20000420_012614,25.872,0.668,126.442,326.918,8.844,-98.288,30.597,4421.905,20000419_202614
13,KGRK20000420_013203,31.688,0.901,126.013,322.428,15.321,-98.290,30.617,7660.315,20000419_203203
13,KGRK20000420_013753,37.522,0.876,126.542,318.988,16.838,-98.287,30.633,8419.102,20000419_203753
13,KGRK20000420_014343,43.355,0.880,127.369,317.157,17.901,-98.283,30.641,8950.657,20000419_204343
13,KGRK20000420_014933,49.188,0.900,131.026,313.622,24.355,-98.264,30.657,12177.325,20000419_204933
13,KGRK20000420_015522,55.005,0.946,131.952,310.024,28.676,-98.260,30.674,14337.960,20000419_205522
13,KGRK20000420_020113,60.855,0.868,132.733,308.549,30.566,-98.256,30.680,15283.210,20000419_210113
13,KGRK20000420_020702,66.672,0.507,137.250,306.368,33.706,-98.232,30.690,16852.873,20000419_210702
13,KGRK20000420_021252,72.505,0.664,135.248,303.143,39.139,-98.243,30.705,19569.427,20000419_211252
13,KGRK20000420_021841,78.322,0.259,135.885,293.995,48.561,-98.240,30.746,24280.643,20000419_211841
13,KGRK20000420_022430,84.138,-1.000,136.289,286.102,57.054,-98.238,30.782,28526.864,20000419_212430
13,KGRK20000420_023020,89.972,0.140,140.210,285.043,66.412,-98.217,30.786,33206.029,20000419_213020
13,KGRK20000420_023609,95.788,-1.000,142.374,280.584,75.326,-98.206,30.807,37662.956,20000419_213609
13,KGRK20000420_024159,101.622,0.050,130.619,298.289,70.919,-98.267,30.726,35459.676,20000419_214159
13,KGRK20000420_024748,107.438,0.073,128.720,302.167,69.619,-98.277,30.709,34809.255,20000419_214748
13,KGRK20000420_025338,113.272,0.085,133.039,302.816,68.091,-98.254,30.706,34045.501,20000419_215338
17,KGRK20000420_014343,43.355,0.061,128.690,507.873,17.977,-98.269,29.781,8988.708,20000419_204343
17,KGRK20000420_014933,49.188,0.261,128.615,504.238,27.213,-98.269,29.797,13606.647,20000419_204933
17,KGRK20000420_015522,55.005,0.755,128.856,500.600,29.274,-98.268,29.814,14636.872,20000419_205522
17,KGRK20000420_020113,60.855,0.796,130.763,500.837,30.897,-98.258,29.813,15448.364,20000419_210113
17,KGRK20000420_020702,66.672,0.534,125.533,492.285,42.329,-98.286,29.851,21164.432,20000419_210702
17,KGRK20000420_021252,72.505,0.592,126.337,483.278,53.009,-98.282,29.892,26504.340,20000419_211252
17,KGRK20000420_021841,78.322,0.691,126.300,486.895,53.906,-98.282,29.876,26953.147,20000419_211841
17,KGRK20000420_022430,84.138,0.371,121.458,478.712,65.161,-98.307,29.912,32580.741,20000419_212430
17,KGRK20000420_023020,89.972,0.149,121.549,479.810,70.392,-98.307,29.907,35195.936,20000419_213020
17,KGRK20000420_023609,95.788,0.100,133.023,489.394,62.908,-98.247,29.865,31454.248,20000419_213609
15,KGRK20000420_013753,37.522,0.354,73.561,339.107,13.449,-98.563,30.540,6724.685,20000419_203753
15,KGRK20000420_014343,43.355,0.551,73.508,338.182,19.643,-98.563,30.544,9821.634,20000419_204343
15,KGRK20000420_014933,49.188,0.297,76.223,336.923,21.518,-98.549,30.550,10758.815,20000419_204933
15,KGRK20000420_015522,55.005,0.166,76.389,327.884,27.375,-98.549,30.591,13687.472,20000419_205522
15,KGRK20000420_020113,60.855,-1.000,77.140,321.025,32.372,-98.545,30.622,16186.228,20000419_210113
15,KGRK20000420_020702,66.672,-1.000,77.886,314.205,37.341,-98.541,30.652,18670.747,20000419_210702
15,KGRK20000420_021252,72.505,0.101,70.353,315.280,35.801,-98.581,30.647,17900.610,20000419_211252
15,KGRK20000420_021841,78.322,0.263,72.083,318.589,36.759,-98.571,30.632,18379.440,20000419_211841
18,KGRK20000420_014933,49.188,0.770,29.677,417.941,19.734,-98.786,30.182,9867.173,20000419_204933
18,KGRK20000420_015522,55.005,0.938,31.265,414.535,27.749,-98.778,30.198,13874.417,20000419_205522
18,KGRK20000420_020113,60.855,0.936,40.666,410.450,29.924,-98.730,30.217,14961.989,20000419_210113
18,KGRK20000420_020702,66.672,0.848,41.366,406.172,37.805,-98.726,30.236,18902.723,20000419_210702
18,KGRK20000420_021252,72.505,0.619,45.741,401.514,43.974,-98.704,30.257,21987.077,20000419_211252
18,KGRK20000420_021841,78.322,0.328,48.623,385.551,55.513,-98.690,30.329,27756.414,20000419_211841
18,KGRK20000420_022430,84.138,-1.000,51.740,372.101,65.901,-98.674,30.390,32950.373,20000419_212430
18,KGRK20000420_023020,89.972,0.067,29.800,431.535,32.936,-98.785,30.121,16468.006,20000419_213020
18,KGRK20000420_023609,95.788,0.136,30.488,431.706,39.311,-98.781,30.120,19655.591,20000419_213609
1,KGRK20000420_001029,-49.878,0.252,507.773,283.187,24.495,-96.297,30.793,12247.314,20000419_191029
1,KGRK20000420_001618,-44.062,0.085,511.991,283.588,31.142,-96.275,30.791,15570.925,20000419_191618
1,KGRK20000420_002208,-38.228,0.074,524.475,280.858,33.422,-96.210,30.803,16711.094,20000419_192208
3,KGRK20000420_001618,-44.062,0.248,371.449,260.917,5.072,-97.009,30.897,2535.934,20000419_191618
3,KGRK20000420_002208,-38.228,0.120,376.565,259.532,12.032,-96.982,30.904,6015.773,20000419_192208
3,KGRK20000420_002758,-32.395,0.122,393.310,256.887,15.955,-96.895,30.915,7977.488,20000419_192758
7,KGRK20000420_004526,-14.928,0.145,423.137,287.494,25.312,-96.740,30.776,12656.040,20000419_194526
7,KGRK20000420_005116,-9.095,0.142,427.890,286.264,32.137,-96.715,30.782,16068.473,20000419_195116
4,KGRK20000420_002208,-38.228,0.755,388.989,292.177,8.427,-96.918,30.756,4213.718,20000419_192208
5,KGRK20000420_002208,-38.228,0.300,385.943,233.424,24.930,-96.933,31.021,12465.160,20000419_192208
8,KGRK20000420_004526,-14.928,0.060,394.947,218.063,3.287,-96.885,31.090,1643.444,20000419_194526
10,KGRK20000420_010255,2.555,0.216,462.818,271.093,27.600,-96.532,30.849,13800.217,20000419_200255
11,KGRK20000420_010845,8.388,0.096,316.065,484.423,22.531,-97.300,29.890,11265.645,20000419_200845
12,KGRK20000420_011435,14.222,0.059,299.241,540.803,30.720,-97.387,29.636,15360.180,20000419_201435
16,KGRK20000420_013753,37.522,0.116,192.925,389.530,3.089,-97.939,30.317,1544.558,20000419_203753
20,KGRK20000420_022430,84.138,0.209,440.723,85.065,33.636,-96.641,31.689,16817.776,20000419_212430
20,KGRK20000420_023020,89.972,0.099,456.988,96.528,29.618,-96.555,31.637,14809.090,20000419_213020
21,KGRK20000420_023020,89.972,0.278,226.728,391.366,12.142,-97.764,30.309,6070.921,20000419_213020
22,KGRK20000420_023020,89.972,0.202,436.017,124.294,4.148,-96.667,31.512,2074.234,20000419_213020
27,KGRK20000420_030517,124.922,0.053,239.092,343.356,6.539,-97.700,30.526,3269.707,20000419_220517
1,KGRK20000421_012332,22.521,0.615,126.554,347.225,11.998,-98.286,30.506,5998.779,20000420_202332
1,KGRK20000421_012922,28.355,0.883,126.457,349.958,15.531,-98.287,30.493,7765.605,20000420_202922
1,KGRK20000421_013513,34.205,0.909,126.838,353.157,16.502,-98.284,30.479,8251.128,20000420_203513
1,KGRK20000421_014102,40.021,0.930,125.593,356.885,20.533,-98.291,30.462,10266.369,20000420_204102
1,KGRK20000421_014652,45.855,0.930,125.411,359.664,24.990,-98.292,30.449,12494.870,20000420_204652
1,KGRK20000421_015242,51.688,0.926,124.754,363.241,29.557,-98.295,30.433,14778.466,20000420_205242
1,KGRK20000421_015831,57.505,0.860,125.794,370.492,32.986,-98.289,30.401,16493.076,20000420_205831
1,KGRK20000421_020421,63.338,0.753,126.217,371.764,38.188,-98.287,30.395,19094.068,20000420_210421
1,KGRK20000421_021011,69.171,0.790,122.435,373.118,43.787,-98.307,30.389,21893.495,20000420_211011
1,KGRK20000421_021600,74.988,0.747,122.095,374.377,46.427,-98.308,30.383,23213.467,20000420_211600
1,KGRK20000421_022150,80.821,0.568,123.334,375.522,48.249,-98.302,30.378,24124.586,20000420_212150
1,KGRK20000421_022740,86.655,0.540,124.081,377.004,52.343,-98.298,30.371,26171.320,20000420_212740
1,KGRK20000421_023728,96.455,0.082,114.811,380.607,57.340,-98.346,30.355,28669.900,20000420_213728
5,KGRK20000421_013513,34.205,0.466,229.641,407.742,3.840,-97.748,30.235,1920.059,20000420_203513
5,KGRK20000421_014102,40.021,0.884,229.051,409.976,10.050,-97.751,30.225,5025.224,20000420_204102
5,KGRK20000421_014652,45.855,0.878,228.255,413.193,14.922,-97.755,30.211,7460.821,20000420_204652
5,KGRK20000421_015242,51.688,0.887,228.373,418.669,20.389,-97.755,30.186,10194.290,20000420_205242
5,KGRK20000421_015831,57.505,0.947,228.858,423.435,24.144,-97.752,30.164,12072.153,20000420_205831
5,KGRK20000421_020421,63.338,0.963,229.396,425.396,27.198,-97.749,30.156,13599.162,20000420_210421
5,KGRK20000421_021011,69.171,0.915,231.257,427.405,27.899,-97.740,30.147,13949.326,20000420_211011
5,KGRK20000421_021600,74.988,0.485,232.701,429.328,31.086,-97.732,30.138,15542.823,20000420_211600
5,KGRK20000421_022150,80.821,0.120,230.158,430.834,31.403,-97.745,30.131,15701.254,20000420_212150
7,KGRK20000421_013513,34.205,0.079,238.246,353.224,7.312,-97.704,30.481,3656.120,20000420_203513
7,KGRK20000421_014102,40.021,0.761,238.004,353.527,11.905,-97.706,30.480,5952.388,20000420_204102
7,KGRK20000421_014652,45.855,0.362,238.893,354.622,14.139,-97.701,30.475,7069.653,20000420_204652
7,KGRK20000421_015242,51.688,0.418,236.295,358.991,14.015,-97.714,30.455,7007.732,20000420_205242
7,KGRK20000421_015831,57.505,0.304,235.389,360.550,15.880,-97.719,30.448,7940.015,20000420_205831
7,KGRK20000421_020421,63.338,0.371,234.018,360.663,15.460,-97.726,30.448,7730.100,20000420_210421
7,KGRK20000421_021011,69.171,0.331,233.688,362.608,18.174,-97.728,30.439,9086.864,20000420_211011
7,KGRK20000421_021600,74.988,0.097,234.100,364.121,22.270,-97.726,30.432,11135.054,20000420_211600
7,KGRK20000421_022150,80.821,-1.000,234.237,365.662,25.804,-97.725,30.425,12902.160,20000420_212150
7,KGRK20000421_022740,86.655,0.075,227.525,364.463,29.615,-97.760,30.430,14807.371,20000420_212740
10,KGRK20000421_021011,69.171,0.588,111.421,560.781,35.712,-98.356,29.542,17855.858,20000420_211011
10,KGRK20000421_021600,74.988,0.210,108.359,560.432,45.750,-98.371,29.543,22874.764,20000420_211600
4,KGRK20000421_012332,22.521,0.057,226.042,363.126,1.776,-97.768,30.436,888.039,20000420_202332
8,KGRK20000421_014652,45.855,0.310,221.824,432.220,10.920,-97.788,30.125,5460.096,20000420_204652
9,KGRK20000421_020421,63.338,0.251,94.784,560.699,44.912,-98.441,29.541,22455.788,20000420_210421
4,KGRK20000422_012018,18.635,0.545,122.025,340.808,9.622,-98.310,30.534,4810.836,20000421_202018
4,KGRK20000422_012608,24.469,0.746,123.898,341.047,14.987,-98.300,30.533,7493.610,20000421_202608
4,KGRK20000422_013158,30.302,0.905,126.592,342.689,15.011,-98.286,30.526,7505.610,20000421_203158
4,KGRK20000422_013817,36.619,0.929,131.013,344.138,19.071,-98.263,30.520,9535.299,20000421_203817
4,KGRK20000422_014407,42.452,0.938,131.632,341.100,23.879,-98.260,30.533,11939.707,20000421_204407
4,KGRK20000422_014957,48.285,0.923,128.864,340.182,28.307,-98.274,30.537,14153.434,20000421_204957
4,KGRK20000422_015546,54.102,0.885,126.269,339.211,32.854,-98.288,30.542,16426.855,20000421_205546
4,KGRK20000422_020135,59.919,0.883,124.215,334.726,41.643,-98.299,30.562,20821.604,20000421_210135
4,KGRK20000422_020725,65.752,0.798,125.988,338.268,42.957,-98.290,30.546,21478.442,20000421_210725
4,KGRK20000422_021314,71.569,0.690,124.520,335.939,50.153,-98.297,30.556,25076.294,20000421_211314
4,KGRK20000422_021904,77.402,0.745,123.180,333.836,55.739,-98.304,30.566,27869.545,20000421_211904
4,KGRK20000422_022453,83.219,0.590,125.977,337.650,57.810,-98.290,30.549,28905.110,20000421_212453
4,KGRK20000422_023043,89.052,0.261,120.374,323.297,71.504,-98.319,30.613,35751.881,20000421_213043
8,KGRK20000422_013158,30.302,0.531,227.337,405.945,5.944,-97.760,30.243,2972.168,20000421_203158
8,KGRK20000422_013817,36.619,0.144,227.048,406.572,12.996,-97.762,30.240,6498.079,20000421_203817
8,KGRK20000422_014407,42.452,0.804,227.410,408.460,16.798,-97.760,30.232,8399.204,20000421_204407
8,KGRK20000422_014957,48.285,0.843,230.969,411.543,17.706,-97.741,30.218,8853.096,20000421_204957
8,KGRK20000422_015546,54.102,0.891,234.102,414.927,20.393,-97.725,30.203,10196.460,20000421_205546
8,KGRK20000422_020135,59.919,0.601,235.945,416.842,21.602,-97.715,30.194,10800.865,20000421_210135
8,KGRK20000422_020725,65.752,0.140,239.000,418.351,22.269,-97.699,30.187,11134.720,20000421_210725
8,KGRK20000422_021314,71.569,0.141,243.671,423.978,21.872,-97.675,30.162,10936.163,20000421_211314
6,KGRK20000422_012608,24.469,0.903,239.016,352.006,13.584,-97.700,30.487,6791.962,20000421_202608
6,KGRK20000422_013158,30.302,0.952,236.594,353.220,16.881,-97.713,30.481,8440.637,20000421_203158
6,KGRK20000422_013817,36.619,0.866,237.073,354.058,20.377,-97.710,30.477,10188.298,20000421_203817
6,KGRK20000422_014407,42.452,0.933,235.716,353.510,23.509,-97.718,30.480,11754.272,20000421_204407
6,KGRK20000422_014957,48.285,0.816,233.972,353.975,26.648,-97.727,30.478,13324.150,20000421_204957
6,KGRK20000422_015546,54.102,0.717,234.263,354.456,28.529,-97.725,30.476,14264.569,20000421_205546
6,KGRK20000422_020135,59.919,0.483,231.047,353.033,32.755,-97.742,30.482,16377.640,20000421_210135
6,KGRK20000422_020725,65.752,0.100,236.965,357.761,28.597,-97.711,30.461,14298.700,20000421_210725
6,KGRK20000422_021314,71.569,-1.000,236.965,357.761,37.846,-97.711,30.461,18922.950,20000421_211314
6,KGRK20000422_021904,77.402,0.186,242.038,359.672,31.261,-97.685,30.452,15630.713,20000421_211904
3,KGRK20000422_011429,12.819,0.151,114.006,540.328,17.562,-98.343,29.634,8781.248,20000421_201429
3,KGRK20000422_012018,18.635,0.151,115.888,540.998,23.654,-98.333,29.631,11826.803,20000421_202018
3,KGRK20000422_012608,24.469,0.104,119.742,545.450,26.340,-98.313,29.611,13170.187,20000421_202608
3,KGRK20000422_013158,30.302,0.205,116.621,555.568,34.226,-98.329,29.566,17112.818,20000421_203158
3,KGRK20000422_013817,36.619,0.371,116.475,557.143,37.150,-98.330,29.558,18574.849,20000421_203817
3,KGRK20000422_014407,42.452,0.051,127.497,552.446,31.773,-98.273,29.580,15886.644,20000421_204407
2,KGRK20000422_010249,1.152,0.285,108.001,536.666,15.037,-98.374,29.650,7518.725,20000421_200249
2,KGRK20000422_010839,6.985,0.216,108.837,537.107,22.585,-98.370,29.648,11292.389,20000421_200839
1,KGRK20000421_234115,-80.415,0.064,331.957,133.082,13.823,-97.215,31.474,6911.736,20000421_184115
14,KGRK20000422_023043,89.052,0.073,296.742,146.954,23.298,-97.400,31.412,11648.815,20000421_213043
1,KGRK20000423_003517,-27.036,0.518,114.209,507.705,16.563,-98.343,29.781,8281.365,20000422_193517
1,KGRK20000423_004107,-21.202,0.741,117.554,505.544,22.989,-98.326,29.791,11494.699,20000422_194107
1,KGRK20000423_004656,-15.386,0.896,120.288,501.850,27.199,-98.312,29.808,13599.670,20000422_194656
1,KGRK20000423_005320,-8.986,0.854,129.317,497.134,29.405,-98.266,29.830,14702.354,20000422_195320
1,KGRK20000423_005910,-3.152,0.722,135.571,495.113,31.911,-98.233,29.839,15955.309,20000422_195910
1,KGRK20000423_010459,2.664,0.338,134.645,479.530,46.054,-98.239,29.909,23026.869,20000422_200459
1,KGRK20000423_011051,8.531,0.400,129.330,471.935,59.545,-98.267,29.943,29772.707,20000422_201051
1,KGRK20000423_011640,14.348,0.159,125.739,467.694,61.861,-98.285,29.962,30930.740,20000422_201640
1,KGRK20000423_012229,20.164,-1.000,122.120,462.178,67.003,-98.304,29.987,33501.730,20000422_202229
1,KGRK20000423_012819,25.998,0.145,142.226,472.957,49.129,-98.200,29.939,24564.648,20000422_202819
9,KGRK20000423_011640,14.348,0.855,243.361,331.149,19.739,-97.678,30.581,9869.562,20000422_201640
9,KGRK20000423_012229,20.164,0.899,243.767,325.140,25.961,-97.676,30.608,12980.311,20000422_202229
9,KGRK20000423_012819,25.998,0.911,240.119,314.777,29.664,-97.695,30.655,14832.085,20000422_202819
9,KGRK20000423_013408,31.814,0.825,241.920,304.915,33.934,-97.686,30.699,16967.220,20000422_203408
9,KGRK20000423_013958,37.648,0.883,236.431,295.427,32.332,-97.715,30.742,16166.101,20000422_203958
9,KGRK20000423_014548,43.481,0.624,235.084,287.557,34.217,-97.722,30.777,17108.373,20000422_204548
9,KGRK20000423_015138,49.314,0.756,227.889,277.576,31.701,-97.760,30.822,15850.490,20000422_205138
9,KGRK20000423_015727,55.131,0.814,224.676,270.167,31.035,-97.777,30.856,15517.296,20000422_205727
4,KGRK20000423_004656,-15.386,0.162,69.250,342.191,13.186,-98.585,30.526,6592.996,20000422_194656
4,KGRK20000423_005320,-8.986,0.896,72.086,333.593,24.165,-98.571,30.565,12082.382,20000422_195320
4,KGRK20000423_005910,-3.152,0.977,74.681,322.725,29.641,-98.558,30.614,14820.679,20000422_195910
4,KGRK20000423_010459,2.664,0.864,77.605,318.158,32.518,-98.543,30.635,16258.987,20000422_200459
4,KGRK20000423_011051,8.531,0.556,72.075,314.314,39.468,-98.572,30.652,19734.031,20000422_201051
4,KGRK20000423_011640,14.348,0.362,70.251,306.267,45.732,-98.582,30.688,22865.924,20000422_201640
13,KGRK20000423_014548,43.481,0.461,135.132,467.034,56.436,-98.237,29.965,28217.957,20000422_204548
13,KGRK20000423_015138,49.314,0.598,133.520,466.796,65.042,-98.245,29.967,32520.808,20000422_205138
13,KGRK20000423_015727,55.131,0.790,132.335,461.058,72.071,-98.252,29.992,36035.612,20000422_205727
13,KGRK20000423_020316,60.948,0.608,139.889,454.794,73.206,-98.213,30.021,36602.987,20000422_210316
13,KGRK20000423_020906,66.781,0.274,145.407,451.311,78.158,-98.184,30.037,39078.885,20000422_210906
13,KGRK20000423_021455,72.598,0.054,154.026,445.350,77.911,-98.140,30.064,38955.528,20000422_211455
14,KGRK20000423_015138,49.314,0.274,357.192,240.652,27.420,-97.083,30.989,13709.793,20000422_205138
14,KGRK20000423_015727,55.131,0.579,364.905,236.394,31.193,-97.043,31.008,15596.483,20000422_205727
14,KGRK20000423_020316,60.948,0.178,376.793,225.552,31.050,-96.981,31.057,15524.782,20000422_210316
14,KGRK20000423_020906,66.781,-1.000,387.790,215.932,31.729,-96.923,31.100,15864.332,20000422_210906
14,KGRK20000423_021455,72.598,0.106,404.737,224.754,24.885,-96.834,31.060,12442.478,20000422_211455
6,KGRK20000423_005910,-3.152,0.166,125.661,319.823,14.564,-98.292,30.629,7281.805,20000422_195910
6,KGRK20000423_010459,2.664,0.200,124.506,318.383,21.670,-98.298,30.636,10835.100,20000422_200459
12,KGRK20000423_013408,31.814,0.113,98.374,320.921,32.029,-98.434,30.623,16014.488,20000422_203408
12,KGRK20000423_013958,37.648,0.131,100.778,319.254,39.050,-98.422,30.631,19525.114,20000422_203958
17,KGRK20000423_020906,66.781,0.100,303.409,375.409,23.331,-97.365,30.382,11665.356,20000422_210906
17,KGRK20000423_021455,72.598,0.107,304.721,374.390,31.635,-97.358,30.386,15817.479,20000422_211455
21,KGRK20000423_022045,78.431,0.122,349.480,360.016,6.847,-97.125,30.451,3423.489,20000422_212045
21,KGRK20000423_022634,84.248,-1.000,349.480,360.016,16.095,-97.125,30.451,8047.739,20000422_212634
21,KGRK20000423_023224,90.081,0.755,365.498,360.350,17.885,-97.042,30.449,8942.548,20000422_213224
23,KGRK20000423_030231,120.198,0.243,328.774,493.921,16.117,-97.234,29.847,8058.545,20000422_220231
23,KGRK20000423_030821,126.031,0.175,331.191,492.697,22.667,-97.221,29.852,11333.385,20000422_220821
25,KGRK20000423_030821,126.031,0.712,481.227,336.757,14.544,-96.438,30.552,7271.996,20000422_220821
25,KGRK20000423_031410,131.848,0.279,487.420,332.798,21.107,-96.406,30.570,10553.321,20000422_221410
7,KGRK20000423_011051,8.531,0.517,227.853,356.337,31.289,-97.758,30.467,15644.613,20000422_201051
10,KGRK20000423_012819,25.998,0.155,262.517,261.577,28.782,-97.579,30.895,14391.104,20000422_202819
15,KGRK20000423_015138,49.314,0.126,248.292,392.117,21.943,-97.652,30.306,10971.748,20000422_205138
16,KGRK20000423_020316,60.948,0.173,28.928,292.415,31.492,-98.798,30.748,15745.872,20000422_210316
3,KGRK20000424_010910,6.191,0.889,134.651,350.393,14.054,-98.244,30.492,7027.069,20000423_200910
3,KGRK20000424_011459,12.008,0.897,136.811,352.006,18.169,-98.233,30.484,9084.626,20000423_201459
3,KGRK20000424_012048,17.824,0.942,140.295,356.432,21.866,-98.214,30.464,10932.868,20000423_202048
3,KGRK20000424_012638,23.658,0.923,145.876,364.330,22.970,-98.185,30.429,11484.779,20000423_202638
3,KGRK20000424_013229,29.508,0.956,147.597,370.335,27.785,-98.176,30.402,13892.277,20000423_203229
3,KGRK20000424_013818,35.324,0.944,150.304,374.466,31.952,-98.162,30.383,15975.798,20000423_203818
3,KGRK20000424_014408,41.158,0.946,153.291,378.224,36.011,-98.146,30.367,18005.251,20000423_204408
3,KGRK20000424_014957,46.974,0.933,154.645,381.920,40.370,-98.139,30.350,20185.238,20000423_204957
3,KGRK20000424_015546,52.791,0.872,159.974,385.354,44.551,-98.111,30.335,22275.604,20000423_205546
3,KGRK20000424_020136,58.624,0.752,159.369,383.652,55.025,-98.114,30.342,27512.727,20000423_210136
3,KGRK20000424_020725,64.441,0.329,153.260,382.425,62.086,-98.146,30.348,31042.944,20000423_210725
7,KGRK20000424_012638,23.658,0.395,77.289,369.658,8.445,-98.542,30.402,4222.638,20000423_202638
7,KGRK20000424_013229,29.508,0.857,79.103,373.969,13.511,-98.532,30.383,6755.538,20000423_203229
7,KGRK20000424_013818,35.324,0.696,84.711,380.167,17.301,-98.502,30.355,8650.557,20000423_203818
7,KGRK20000424_014408,41.158,0.800,87.240,383.147,22.699,-98.489,30.342,11349.417,20000423_204408
7,KGRK20000424_014957,46.974,0.880,89.476,388.105,25.590,-98.477,30.320,12794.926,20000423_204957
7,KGRK20000424_015546,52.791,0.759,80.175,386.312,39.508,-98.526,30.327,19753.956,20000423_205546
7,KGRK20000424_020136,58.624,0.395,76.755,385.698,47.575,-98.544,30.330,23787.493,20000423_210136
7,KGRK20000424_020725,64.441,0.072,82.371,387.019,53.861,-98.514,30.324,26930.500,20000423_210725
7,KGRK20000424_021315,70.274,0.116,86.658,393.077,61.220,-98.492,30.297,30609.836,20000423_211315
7,KGRK20000424_021904,76.091,0.062,84.371,391.850,64.686,-98.504,30.303,32342.924,20000423_211904
10,KGRK20000424_013229,29.508,0.420,237.373,407.866,8.685,-97.708,30.235,4342.741,20000423_203229
10,KGRK20000424_013818,35.324,0.833,239.159,407.540,17.546,-97.699,30.236,8773.147,20000423_203818
10,KGRK20000424_014408,41.158,0.909,245.658,408.068,25.536,-97.665,30.234,12767.779,20000423_204408
10,KGRK20000424_014957,46.974,0.786,252.498,411.116,29.644,-97.629,30.220,14822.194,20000423_204957
10,KGRK20000424_015546,52.791,0.764,256.846,402.275,46.620,-97.607,30.260,23310.208,20000423_205546
10,KGRK20000424_020136,58.624,0.401,260.247,403.189,56.226,-97.589,30.256,28113.116,20000423_210136
10,KGRK20000424_020725,64.441,0.086,254.426,394.363,65.840,-97.620,30.296,32920.205,20000423_210725
6,KGRK20000424_012638,23.658,0.774,244.811,355.360,11.672,-97.670,30.472,5835.800,20000423_202638
6,KGRK20000424_013229,29.508,0.899,246.072,358.826,15.701,-97.664,30.456,7850.687,20000423_203229
6,KGRK20000424_013818,35.324,0.805,247.910,361.766,16.199,-97.654,30.443,8099.382,20000423_203818
6,KGRK20000424_014408,41.158,0.343,252.199,365.878,20.627,-97.632,30.424,10313.406,20000423_204408
6,KGRK20000424_014957,46.974,0.057,254.270,369.084,22.352,-97.621,30.410,11175.774,20000423_204957
2,KGRK20000424_005730,-5.476,0.423,143.876,546.943,14.748,-98.189,29.605,7373.930,20000423_195730
2,KGRK20000424_010319,0.341,0.606,147.021,548.106,22.110,-98.172,29.600,11054.759,20000423_200319
2,KGRK20000424_010910,6.191,0.487,160.298,552.343,24.238,-98.104,29.581,12119.076,20000423_200910
2,KGRK20000424_011459,12.008,0.405,164.621,551.739,26.128,-98.081,29.584,13063.911,20000423_201459
11,KGRK20000424_014408,41.158,0.744,208.413,498.415,12.211,-97.857,29.826,6105.488,20000423_204408
11,KGRK20000424_014957,46.974,0.426,210.299,498.832,20.085,-97.847,29.824,10042.538,20000423_204957
11,KGRK20000424_015546,52.791,0.201,217.095,502.711,22.896,-97.812,29.807,11447.970,20000423_205546
