track_id,filename,from_sunrise,det_score,x,y,r,lon,lat,radius,local_time
2,KBUF20210714_093355_V06,-16,0.126,244.46,270.117706,13.621578,-79.08,43.082595,6810.789108,20210714_053355
2,KBUF20210714_094002_V06,-9,0.141,244.74,270.148732,20.150285,-79.08,43.082460,10075.142568,20210714_054002
3,KBUF20210714_094559_V06,-4,0.171,288.33,320.475464,19.618454,-78.81,42.856431,9809.226990,20210714_054559
5,KBUF20210714_101008_V06,21,0.103,302.07,291.828339,2.708649,-78.72,42.985388,1354.324341,20210714_061008
6,KBUF20210720_093611_V06,-18,0.082,280.98,367.657074,14.293930,-78.85,42.644033,7146.965027,20210720_053611
6,KBUF20210720_094450_V06,-10,0.239,280.74,368.173342,20.343708,-78.85,42.641708,10171.854033,20210720_054450
6,KBUF20210720_100212_V06,8,0.118,294.06,363.268678,23.957771,-78.77,42.663838,11978.885575,20210720_060212
9,KBUF20210720_094450_V06,-10,0.095,171.85,307.817749,15.255264,-79.52,42.910734,7627.632141,20210720_054450
9,KBUF20210720_100212_V06,8,0.134,166.90,309.145311,22.617188,-79.55,42.904547,11308.594146,20210720_060212
9,KBUF20210720_101052_V06,16,0.459,167.00,311.436615,17.286934,-79.55,42.894239,8643.466949,20210720_061052
9,KBUF20210720_101932_V06,25,0.132,163.33,313.686693,24.209786,-79.57,42.883951,12104.893116,20210720_061932
18,KBUF20210720_101932_V06,25,0.202,380.62,345.741119,6.523869,-78.24,42.741675,3261.934280,20210720_061932
18,KBUF20210720_102451_V06,30,0.057,380.65,345.410043,13.704750,-78.24,42.743164,6852.374828,20210720_062451
29,KBUF20210720_105007_V06,56,0.057,151.57,314.667786,8.111427,-79.65,42.878986,4055.713654,20210720_065007
29,KBUF20210720_110059_V06,66,0.094,149.52,309.849178,20.531085,-79.66,42.900572,10265.542354,20210720_070059
31,KBUF20210720_110633_V06,72,0.066,296.85,358.471710,25.689632,-78.76,42.685434,12844.816208,20210720_070633
31,KBUF20210720_111208_V06,78,0.136,296.53,361.904130,31.410749,-78.76,42.669984,15705.374268,20210720_071208
34,KBUF20210720_111208_V06,78,0.060,381.95,347.395752,6.401901,-78.24,42.734192,3200.950623,20210720_071208
34,KBUF20210720_112040_V06,86,0.134,381.58,347.263607,13.453377,-78.24,42.734797,6726.688610,20210720_072040
5,KBUF20210720_093611_V06,-18,0.094,234.58,271.364075,14.507706,-79.14,43.076789,7253.852844,20210720_053611
13,KBUF20210720_100212_V06,8,0.201,35.26,380.631592,13.080629,-80.35,42.574295,6540.314674,20210720_060212
14,KBUF20210720_100212_V06,8,0.079,39.97,440.074066,50.680809,-80.31,42.307201,25340.404510,20210720_060212
17,KBUF20210720_101932_V06,25,0.261,217.77,421.966309,4.795059,-79.24,42.398544,2397.529602,20210720_061932
23,KBUF20210720_102451_V06,30,0.062,272.46,369.255127,18.228058,-78.90,42.636776,9114.028931,20210720_062451
23,KBUF20210720_103025_V06,36,0.055,276.13,368.862122,14.571678,-78.88,42.638575,7285.839081,20210720_063025
32,KBUF20210720_110633_V06,72,0.053,40.76,424.536469,55.581539,-80.31,42.377189,27790.769577,20210720_070633
7,KBUF20210724_094439_V06,-14,0.066,232.10,441.187500,4.771774,-79.15,42.312375,2385.887146,20210724_054439
7,KBUF20210724_095217_V06,-6,-1.000,232.10,441.187500,17.491774,-79.15,42.312375,8745.887146,20210724_055217
7,KBUF20210724_100325_V06,5,0.154,234.51,426.466400,22.731921,-79.13,42.378689,11365.960262,20210724_060325
7,KBUF20210724_100900_V06,11,0.084,234.52,424.245029,22.543607,-79.13,42.388688,11271.803316,20210724_060900
7,KBUF20210724_101434_V06,16,-1.000,234.83,421.177091,23.519789,-79.13,42.402504,11759.894346,20210724_061434
7,KBUF20210724_102008_V06,22,0.069,234.70,425.907734,22.532774,-79.13,42.381208,11266.386947,20210724_062008
7,KBUF20210724_102542_V06,27,-1.000,234.78,426.590487,22.546586,-79.13,42.378136,11273.293115,20210724_062542
7,KBUF20210724_103117_V06,33,-1.000,234.88,427.409791,22.563161,-79.13,42.374451,11281.580516,20210724_063117
7,KBUF20210724_103651_V06,38,0.447,238.70,432.272896,25.355527,-79.11,42.352639,12677.763706,20210724_063651
7,KBUF20210724_104217_V06,44,0.181,237.25,429.470997,23.562109,-79.12,42.365222,11781.054646,20210724_064217
7,KBUF20210724_104751_V06,49,0.233,235.65,426.705421,23.071349,-79.13,42.377637,11535.674640,20210724_064751
7,KBUF20210724_105326_V06,55,-1.000,234.12,423.935878,22.277948,-79.14,42.390071,11138.973892,20210724_065326
7,KBUF20210724_110435_V06,66,-1.000,231.29,418.858382,20.823378,-79.15,42.412864,10411.689187,20210724_070435
7,KBUF20210724_111010_V06,72,0.077,234.96,425.487550,21.453199,-79.13,42.383105,10726.599338,20210724_071010
7,KBUF20210724_111543_V06,77,0.070,237.07,430.403319,23.969898,-79.12,42.361022,11984.949002,20210724_071543
7,KBUF20210724_112118_V06,83,0.113,237.96,433.175022,25.721891,-79.11,42.348564,12860.945432,20210724_072118
12,KBUF20210724_100900_V06,11,0.077,158.12,302.050507,26.885277,-79.61,42.936081,13442.638397,20210724_060900
12,KBUF20210724_101434_V06,16,0.181,159.66,302.395407,33.066865,-79.60,42.934600,16533.432687,20210724_061434
12,KBUF20210724_102008_V06,22,0.383,162.37,302.825179,31.808718,-79.58,42.932790,15904.358966,20210724_062008
12,KBUF20210724_102542_V06,27,0.827,167.54,302.803165,30.751908,-79.55,42.933118,15375.954170,20210724_062542
12,KBUF20210724_103117_V06,33,0.789,170.18,305.476012,30.588018,-79.53,42.921202,15294.009216,20210724_063117
12,KBUF20210724_103651_V06,38,0.360,173.03,306.527966,30.113858,-79.51,42.916588,15056.928905,20210724_063651
12,KBUF20210724_104217_V06,44,0.638,173.20,300.310148,35.372577,-79.51,42.944578,17686.288434,20210724_064217
12,KBUF20210724_104751_V06,49,0.316,173.15,296.771509,38.294658,-79.51,42.960502,19147.328803,20210724_064751
12,KBUF20210724_105326_V06,55,-1.000,173.35,292.521330,41.873382,-79.51,42.979638,20936.691072,20210724_065326
12,KBUF20210724_110435_V06,66,0.087,164.66,256.918944,67.288021,-79.57,43.139489,33644.010357,20210724_070435
17,KBUF20210724_102542_V06,27,0.076,294.91,375.268860,18.092972,-78.77,42.609827,9046.485901,20210724_062542
17,KBUF20210724_103117_V06,33,0.189,295.23,373.120987,25.526988,-78.77,42.619495,12763.494178,20210724_063117
17,KBUF20210724_103651_V06,38,0.072,301.54,368.827227,28.417028,-78.73,42.638825,14208.514066,20210724_063651
1,KBUF20210724_093329_V06,-25,0.118,234.56,268.407684,14.709290,-79.14,43.090094,7354.644775,20210724_053329
1,KBUF20210724_093904_V06,-19,0.268,237.37,268.461623,21.585805,-79.12,43.089911,10792.902498,20210724_053904
1,KBUF20210724_094439_V06,-14,-1.000,239.38,268.500151,27.633316,-79.11,43.089778,13816.658014,20210724_054439
1,KBUF20210724_095217_V06,-6,0.058,244.59,266.699799,12.878860,-79.08,43.097980,6439.430237,20210724_055217
14,KBUF20210724_100900_V06,11,0.066,35.84,438.135895,47.844181,-80.34,42.315573,23922.090530,20210724_060900
14,KBUF20210724_101434_V06,16,0.072,36.21,436.672897,53.850670,-80.34,42.322188,26925.334809,20210724_061434
25,KBUF20210724_105326_V06,55,0.060,296.65,361.226868,23.447971,-78.76,42.673033,11723.985672,20210724_065326
25,KBUF20210724_110435_V06,66,0.073,300.61,359.965193,31.740616,-78.73,42.678713,15870.308152,20210724_070435
2,KBUF20210724_093329_V06,-25,0.087,305.02,90.461212,7.463745,-78.71,43.891617,3731.872559,20210724_053329
3,KBUF20210724_093904_V06,-19,0.086,284.52,371.305054,11.107841,-78.83,42.627633,5553.920746,20210724_053904
4,KBUF20210724_093904_V06,-19,0.057,279.00,57.968872,40.373978,-78.87,44.037762,20186.988831,20210724_053904
10,KBUF20210724_100325_V06,5,0.224,280.09,372.549774,9.506523,-78.86,42.622005,4753.261566,20210724_060325
13,KBUF20210724_100900_V06,11,0.068,375.99,391.463837,6.457611,-78.27,42.535998,3228.805542,20210724_060900
15,KBUF20210724_101434_V06,16,0.055,418.58,343.177094,11.070786,-78.01,42.751981,5535.392761,20210724_061434
16,KBUF20210724_102008_V06,22,0.054,24.47,142.794556,25.316902,-80.44,43.643470,12658.451080,20210724_062008
28,KBUF20210724_110435_V06,66,0.134,224.66,447.595856,10.142830,-79.19,42.283357,5071.414948,20210724_070435
30,KBUF20210724_111010_V06,72,0.263,373.69,385.342712,11.082977,-78.29,42.563605,5541.488647,20210724_071010
20,KBUF20210729_103456_V06,31,0.057,225.99,445.956665,5.364540,-79.19,42.290767,2682.270050,20210729_063456
20,KBUF20210729_104009_V06,37,0.066,226.10,445.593694,12.210923,-79.18,42.292404,6105.461526,20210729_064009
20,KBUF20210729_104538_V06,42,0.068,224.27,447.750125,13.901129,-79.20,42.282653,6950.564742,20210729_064538
20,KBUF20210729_105100_V06,48,0.096,236.09,440.871744,26.765370,-79.12,42.313881,13382.685138,20210729_065100
20,KBUF20210729_110232_V06,59,0.090,225.74,443.627502,5.736992,-79.19,42.301245,2868.495941,20210729_070232
20,KBUF20210729_110841_V06,65,0.487,225.34,445.944023,12.712161,-79.19,42.290809,6356.080578,20210729_070841
20,KBUF20210729_111447_V06,71,-1.000,225.00,447.929612,20.053735,-79.19,42.281863,10026.867409,20210729_071447
20,KBUF20210729_112106_V06,78,0.397,224.55,449.795044,9.975761,-79.19,42.273455,4987.880707,20210729_072106
20,KBUF20210729_112808_V06,85,0.064,224.25,449.154481,17.699916,-79.20,42.276331,8849.958241,20210729_072808
11,KBUF20210729_102424_V06,21,0.070,157.50,313.862732,13.666527,-79.61,42.882892,6833.263397,20210729_062424
11,KBUF20210729_102943_V06,26,0.078,158.48,312.180101,23.289943,-79.60,42.890510,11644.971327,20210729_062943
15,KBUF20210729_103456_V06,31,0.231,301.91,369.246643,21.263985,-78.73,42.636937,10631.992340,20210729_063456
15,KBUF20210729_104009_V06,37,0.061,300.86,369.237358,28.517198,-78.73,42.636979,14258.598906,20210729_064009
15,KBUF20210729_104538_V06,42,-1.000,300.11,369.230726,34.833779,-78.74,42.637009,17416.889311,20210729_064538
15,KBUF20210729_105100_V06,48,0.174,302.23,366.886475,20.423454,-78.72,42.647560,10211.727142,20210729_065100
15,KBUF20210729_110232_V06,59,0.051,299.25,367.092412,28.410959,-78.74,42.646633,14205.479666,20210729_070232
15,KBUF20210729_110841_V06,65,-1.000,297.70,367.199435,33.012655,-78.75,42.646151,16506.327435,20210729_070841
15,KBUF20210729_111447_V06,71,0.200,304.06,357.416565,23.117867,-78.71,42.690182,11558.933258,20210729_071447
15,KBUF20210729_112106_V06,78,0.151,303.54,358.972511,29.713788,-78.72,42.683179,14856.894214,20210729_072106
1,KBUF20210729_093325_V06,-30,0.055,240.93,432.467590,23.322113,-79.10,42.351806,11661.056519,20210729_053325
2,KBUF20210729_094955_V06,-14,0.089,310.48,376.418365,2.405777,-78.67,42.604639,1202.888489,20210729_054955
4,KBUF20210729_094955_V06,-14,0.058,218.06,423.484192,5.437599,-79.23,42.391720,2718.799591,20210729_054955
5,KBUF20210729_100612_V06,3,0.244,460.05,273.084167,8.314438,-77.75,43.065540,4157.218933,20210729_060612
6,KBUF20210729_100612_V06,3,0.214,285.05,379.163452,11.697365,-78.83,42.592265,5848.682404,20210729_060612
9,KBUF20210729_100612_V06,3,0.060,277.25,304.526459,19.464783,-78.88,42.928153,9732.391357,20210729_060612
14,KBUF20210729_103456_V06,31,0.284,183.06,311.168030,14.143661,-79.45,42.896105,7071.830750,20210729_063456
19,KBUF20210729_103456_V06,31,0.068,277.53,372.756287,11.302078,-78.87,42.621058,5651.039124,20210729_063456
26,KBUF20210729_111447_V06,71,0.058,224.18,448.511200,11.121986,-79.20,42.279225,5560.993195,20210729_071447
5,KBUF20210731_095138_V06,-14,0.272,159.68,314.775024,8.460464,-79.60,42.878887,4230.232239,20210731_055138
5,KBUF20210731_100843_V06,3,0.749,159.33,313.887361,20.019926,-79.60,42.882866,10009.963112,20210731_060843
5,KBUF20210731_101716_V06,12,0.488,158.99,313.833235,28.090722,-79.60,42.883094,14045.361001,20210731_061716
5,KBUF20210731_102548_V06,20,0.113,157.06,311.760103,36.597255,-79.61,42.892334,18298.627622,20210731_062548
5,KBUF20210731_103628_V06,31,-1.000,154.81,309.403599,47.928505,-79.63,42.902834,23964.252400,20210731_063628
5,KBUF20210731_104509_V06,40,0.099,162.96,294.544537,61.396269,-79.58,42.970083,30698.134347,20210731_064509
2,KBUF20210731_094304_V06,-22,0.287,349.82,262.233704,6.291397,-78.43,43.118177,3145.698547,20210731_054304
2,KBUF20210731_095138_V06,-14,0.569,350.29,261.929139,13.368413,-78.43,43.119540,6684.206253,20210731_055138
2,KBUF20210731_100843_V06,3,0.141,358.05,260.262272,16.709780,-78.38,43.126904,8354.889868,20210731_060843
1,KBUF20210731_094304_V06,-22,0.607,235.03,277.540924,7.855522,-79.14,43.048999,3927.761078,20210731_054304
1,KBUF20210731_095138_V06,-14,0.665,234.66,276.793376,18.299802,-79.14,43.052355,9149.901142,20210731_055138
8,KBUF20210731_100843_V06,3,0.897,47.81,394.557983,32.257477,-80.27,42.512680,16128.738403,20210731_060843
8,KBUF20210731_101716_V06,12,0.755,52.34,402.779701,44.066523,-80.24,42.476050,22033.261513,20210731_061716
9,KBUF20210731_100843_V06,3,0.064,34.10,436.395691,34.927666,-80.35,42.323255,17463.832855,20210731_060843
11,KBUF20210731_103628_V06,31,0.077,232.12,413.365112,21.475586,-79.15,42.437608,10737.792969,20210731_063628
11,KBUF20210807_101418_V06,2,0.176,161.77,313.137543,17.850281,-79.58,42.886352,8925.140381,20210807_061418
11,KBUF20210807_101943_V06,7,0.409,162.69,312.146232,24.454949,-79.58,42.890855,12227.474434,20210807_061943
11,KBUF20210807_102508_V06,13,0.514,166.69,308.121401,25.535361,-79.55,42.909146,12767.680635,20210807_062508
11,KBUF20210807_103042_V06,18,0.874,167.59,305.775240,25.431644,-79.55,42.919744,12715.822230,20210807_063042
11,KBUF20210807_103616_V06,24,0.599,166.43,304.625430,28.887762,-79.55,42.924868,14443.880876,20210807_063616
11,KBUF20210807_104151_V06,29,0.149,173.48,309.255530,27.523308,-79.51,42.904330,13761.653830,20210807_064151
11,KBUF20210807_104717_V06,35,-1.000,179.42,312.947404,27.175359,-79.47,42.887956,13587.679729,20210807_064717
11,KBUF20210807_105242_V06,40,-1.000,184.38,316.023966,26.885403,-79.44,42.874301,13442.701311,20210807_065242
11,KBUF20210807_110332_V06,51,-1.000,195.28,322.792402,26.247498,-79.38,42.844231,13123.748792,20210807_070332
11,KBUF20210807_110857_V06,56,0.283,187.93,318.474891,26.068282,-79.42,42.863402,13034.140991,20210807_070857
27,KBUF20210807_103042_V06,18,0.057,57.24,389.573853,31.449831,-80.21,42.535867,15724.915504,20210807_063042
27,KBUF20210807_103616_V06,24,0.187,58.64,391.483939,39.716251,-80.21,42.527382,19858.125726,20210807_063616
27,KBUF20210807_104151_V06,29,0.128,64.62,395.777991,40.602047,-80.17,42.508521,20301.023258,20210807_064151
27,KBUF20210807_104717_V06,35,0.253,74.67,400.956927,39.623530,-80.11,42.485966,19811.764762,20210807_064717
27,KBUF20210807_105242_V06,40,0.054,80.90,399.819911,44.626929,-80.07,42.491532,22313.464732,20210807_065242
1,KBUF20210807_094710_V06,-25,0.488,353.27,274.891205,15.800171,-78.41,43.061152,7900.085449,20210807_054710
1,KBUF20210807_095236_V06,-20,0.510,355.21,275.074677,20.982126,-78.40,43.060291,10491.063084,20210807_055236
1,KBUF20210807_100327_V06,-9,0.084,351.20,284.161330,26.658627,-78.42,43.019466,13329.313345,20210807_060327
36,KBUF20210807_113113_V06,79,0.073,244.05,412.120972,12.882881,-79.08,42.443448,6441.440582,20210807_073113
36,KBUF20210807_113647_V06,84,0.149,242.22,413.838585,20.809578,-79.09,42.435683,10404.788896,20210807_073647
36,KBUF20210807_114222_V06,90,0.062,237.57,420.214131,24.424556,-79.12,42.406895,12212.277992,20210807_074222
9,KBUF20210807_100327_V06,-9,0.075,48.30,424.442627,49.794846,-80.27,42.378235,24897.422791,20210807_060327
9,KBUF20210807_100853_V06,-4,0.138,47.78,424.312115,54.651587,-80.27,42.378780,27325.793626,20210807_060853
9,KBUF20210807_101418_V06,2,0.084,39.37,433.005615,48.927147,-80.32,42.338960,24463.573456,20210807_061418
9,KBUF20210807_101943_V06,7,0.238,40.08,432.271766,55.727551,-80.31,42.342322,27863.775493,20210807_061943
18,KBUF20210807_101418_V06,2,0.051,214.09,422.409393,7.675194,-79.26,42.396450,3837.596893,20210807_061418
18,KBUF20210807_101943_V06,7,-1.000,214.09,422.409393,15.625194,-79.26,42.396450,7812.596893,20210807_061943
18,KBUF20210807_102508_V06,13,0.084,230.10,417.881127,20.568316,-79.16,42.417236,10284.158173,20210807_062508
34,KBUF20210807_112005_V06,68,0.142,237.27,419.165100,20.809502,-79.12,42.411611,10404.750824,20210807_072005
34,KBUF20210807_112539_V06,73,0.107,236.99,420.338256,27.745710,-79.12,42.406325,13872.854912,20210807_072539
35,KBUF20210807_113113_V06,79,0.202,28.44,438.043518,40.719097,-80.38,42.315347,20359.548569,20210807_073113
35,KBUF20210807_113647_V06,84,0.126,28.68,436.901263,46.698747,-80.38,42.320509,23349.373488,20210807_073647
7,KBUF20210807_100327_V06,-9,0.219,241.79,272.515930,15.663635,-79.09,43.071751,7831.817627,20210807_060327
12,KBUF20210807_101418_V06,2,0.156,344.52,346.630920,12.442085,-78.47,42.738407,6221.042633,20210807_061418
13,KBUF20210807_101418_V06,2,0.094,47.47,348.354401,48.297440,-80.28,42.720569,24148.719788,20210807_061418
20,KBUF20210807_101943_V06,7,0.061,245.25,410.445038,11.849434,-79.07,42.451013,5924.716949,20210807_061943
23,KBUF20210807_103042_V06,18,0.250,279.48,235.357178,8.357208,-78.86,43.239477,4178.604126,20210807_063042
24,KBUF20210807_103042_V06,18,0.133,376.07,384.503723,12.211189,-78.27,42.567323,6105.594635,20210807_063042
28,KBUF20210807_104717_V06,35,0.153,183.83,314.809845,23.211258,-79.45,42.879744,11605.628967,20210807_064717
28,KBUF20210807_105242_V06,40,-1.000,183.83,314.809845,31.161258,-79.45,42.879744,15580.628967,20210807_065242
28,KBUF20210807_110332_V06,51,0.111,186.17,320.895996,21.193092,-79.43,42.852441,10596.546173,20210807_070332
31,KBUF20210807_110857_V06,56,0.081,159.14,314.059235,17.410728,-79.60,42.882083,8705.364227,20210807_070857
32,KBUF20210807_110857_V06,56,0.073,31.42,446.598877,43.202297,-80.36,42.277108,21601.148605,20210807_070857
33,KBUF20210807_110857_V06,56,0.060,243.48,415.469086,14.930225,-79.08,42.428367,7465.112686,20210807_070857
8,KBUF20210808_100511_V06,-8,0.154,33.03,369.655548,17.090536,-80.36,42.623494,8545.268059,20210808_060511
8,KBUF20210808_101520_V06,2,0.824,37.82,373.653037,25.964780,-80.33,42.605917,12982.389807,20210808_061520
8,KBUF20210808_102529_V06,12,0.876,38.05,374.658693,33.919261,-80.33,42.601412,16959.630660,20210808_062529
8,KBUF20210808_103548_V06,22,0.808,45.40,371.690696,43.994355,-80.29,42.615386,21997.177722,20210808_063548
8,KBUF20210808_104606_V06,33,0.095,51.81,394.311544,56.853635,-80.25,42.514114,28426.817500,20210808_064606
1,KBUF20210808_094454_V06,-29,0.323,341.16,258.359558,12.143509,-78.48,43.135743,6071.754456,20210808_054454
1,KBUF20210808_100511_V06,-8,0.194,344.18,261.518653,28.814033,-78.47,43.121482,14407.016715,20210808_060511
2,KBUF20210808_094454_V06,-29,0.198,368.06,383.556824,14.077370,-78.32,42.571773,7038.684845,20210808_054454
2,KBUF20210808_100511_V06,-8,0.094,385.96,318.384801,20.850452,-78.21,42.864654,10425.225874,20210808_060511
10,KBUF20210808_100511_V06,-8,0.071,262.28,406.002411,16.055309,-78.97,42.471265,8027.654648,20210808_060511
10,KBUF20210808_101520_V06,2,0.343,247.19,416.633968,23.955783,-79.06,42.423190,11977.891325,20210808_061520
26,KBUF20210808_112721_V06,74,0.101,308.24,364.105774,14.800842,-78.69,42.660065,7400.421143,20210808_072721
26,KBUF20210808_113740_V06,84,0.130,305.17,365.036794,25.307297,-78.71,42.655882,12653.648582,20210808_073740
6,KBUF20210808_100511_V06,-8,0.862,162.23,310.522919,13.915527,-79.58,42.898140,6957.763672,20210808_060511
7,KBUF20210808_100511_V06,-8,0.265,234.59,272.989319,16.312843,-79.14,43.069475,8156.421661,20210808_060511
17,KBUF20210808_102529_V06,12,0.231,52.02,226.450623,56.859970,-80.26,43.269475,28429.985046,20210808_062529
18,KBUF20210808_102529_V06,12,0.137,362.82,382.009125,16.616974,-78.35,42.578851,8308.486938,20210808_062529
18,KBUF20210808_103548_V06,22,-1.000,362.82,382.009125,32.516974,-78.35,42.578851,16258.486938,20210808_063548
18,KBUF20210808_104606_V06,33,0.138,376.10,388.198059,6.788879,-78.27,42.550695,3394.439697,20210808_064606
19,KBUF20210808_102529_V06,12,0.119,348.66,405.707092,5.178017,-78.44,42.472441,2589.008331,20210808_062529
21,KBUF20210808_103548_V06,22,0.058,303.78,351.647278,23.985565,-78.71,42.716150,11992.782593,20210808_063548
23,KBUF20210808_104606_V06,33,0.131,380.19,344.346558,7.875515,-78.25,42.747962,3937.757492,20210808_064606
33,KBUF20210809_105336_V06,39,0.386,29.41,439.524475,38.392845,-80.38,42.308768,19196.422577,20210809_065336
33,KBUF20210809_110443_V06,50,0.057,33.27,437.107207,49.754819,-80.35,42.319981,24877.409401,20210809_070443
33,KBUF20210809_111018_V06,56,0.153,31.54,443.411468,47.231284,-80.36,42.291462,23615.642226,20210809_071018
33,KBUF20210809_111553_V06,61,0.170,39.71,444.176869,51.411168,-80.31,42.288716,25705.583825,20210809_071553
33,KBUF20210809_112128_V06,67,0.257,43.25,444.322640,54.109445,-80.29,42.288355,27054.722329,20210809_072128
33,KBUF20210809_112702_V06,73,0.228,46.15,439.353489,55.475501,-80.28,42.310957,27737.750340,20210809_072702
33,KBUF20210809_113236_V06,78,0.477,47.58,438.107648,51.245136,-80.27,42.316680,25622.567937,20210809_073236
33,KBUF20210809_113810_V06,84,0.345,48.87,437.571497,50.918332,-80.26,42.319199,25459.166224,20210809_073810
33,KBUF20210809_114344_V06,89,0.071,47.77,433.163338,50.409031,-80.27,42.338946,25204.515457,20210809_074344
14,KBUF20210809_101447_V06,0,0.088,35.45,375.422150,9.917736,-80.35,42.597754,4958.868027,20210809_061447
14,KBUF20210809_102013_V06,6,-1.000,35.45,375.422150,19.457736,-80.35,42.597754,9728.868027,20210809_062013
14,KBUF20210809_102545_V06,11,0.209,44.37,378.055810,32.589136,-80.29,42.586657,16294.567896,20210809_062545
14,KBUF20210809_103119_V06,17,0.322,51.00,377.631697,40.675754,-80.25,42.589110,20337.876844,20210809_063119
14,KBUF20210809_103653_V06,22,0.067,55.99,381.919266,39.881835,-80.22,42.570216,19940.917674,20210809_063653
14,KBUF20210809_104227_V06,28,0.158,61.58,385.968105,38.381610,-80.19,42.552434,19190.804766,20210809_064227
14,KBUF20210809_104802_V06,34,0.429,60.99,388.792429,45.695223,-80.19,42.539678,22847.611706,20210809_064802
14,KBUF20210809_105336_V06,39,0.198,60.79,390.217454,47.757525,-80.19,42.533249,23878.762626,20210809_065336
6,KBUF20210809_100307_V06,-11,0.413,158.96,304.443726,13.713554,-79.60,42.925350,6856.777191,20210809_060307
6,KBUF20210809_100927_V06,-5,0.366,159.02,303.216685,21.646886,-79.60,42.930875,10823.442769,20210809_060927
6,KBUF20210809_101447_V06,0,0.353,154.72,299.524147,21.771491,-79.63,42.947291,10885.745737,20210809_061447
6,KBUF20210809_102013_V06,6,0.742,158.90,305.498109,20.484971,-79.60,42.920602,10242.485467,20210809_062013
6,KBUF20210809_102545_V06,11,-1.000,160.67,308.437252,20.113748,-79.59,42.907456,10056.873938,20210809_062545
6,KBUF20210809_103119_V06,17,0.422,160.26,313.105519,19.105067,-79.59,42.886427,9552.533450,20210809_063119
6,KBUF20210809_103653_V06,22,0.281,159.89,313.907040,21.408172,-79.59,42.882803,10704.085912,20210809_063653
13,KBUF20210809_101447_V06,0,0.392,36.09,424.310547,43.674564,-80.34,42.377810,21837.282181,20210809_061447
13,KBUF20210809_102013_V06,6,0.140,36.87,424.391274,51.641243,-80.33,42.377514,25820.621678,20210809_062013
13,KBUF20210809_102545_V06,11,0.078,38.36,425.231870,52.885723,-80.33,42.373857,26442.861406,20210809_062545
13,KBUF20210809_103119_V06,17,0.096,40.22,428.403433,51.648154,-80.31,42.359742,25824.077225,20210809_063119
13,KBUF20210809_103653_V06,22,0.111,46.42,440.989434,53.948175,-80.27,42.303617,26974.087347,20210809_063653
13,KBUF20210809_104227_V06,28,0.181,47.62,434.678238,56.925692,-80.27,42.332117,28462.845874,20210809_064227
27,KBUF20210809_103653_V06,22,0.150,276.72,388.292145,5.442947,-78.88,42.551124,2721.473694,20210809_063653
27,KBUF20210809_104227_V06,28,0.095,277.71,385.815246,14.037861,-78.87,42.562280,7018.930486,20210809_064227
27,KBUF20210809_104802_V06,34,0.114,279.98,373.139184,16.487549,-78.86,42.619352,8243.774387,20210809_064802
27,KBUF20210809_105336_V06,39,-1.000,281.63,364.352223,19.586129,-78.85,42.658912,9793.064553,20210809_065336
27,KBUF20210809_110443_V06,50,0.075,294.97,366.421997,23.032966,-78.77,42.649647,11516.483072,20210809_070443
27,KBUF20210809_111018_V06,56,-1.000,300.67,364.053483,25.463809,-78.73,42.660312,12731.904605,20210809_071018
27,KBUF20210809_111553_V06,61,-1.000,305.41,362.079721,27.489512,-78.70,42.669191,13744.755882,20210809_071553
27,KBUF20210809_112128_V06,67,0.055,296.18,358.197858,25.839665,-78.76,42.686666,12919.832689,20210809_072128
1,KBUF20210809_095027_V06,-24,0.341,348.45,259.288971,12.029343,-78.44,43.131452,6014.671326,20210809_055027
1,KBUF20210809_100307_V06,-11,0.473,349.34,259.776040,20.200781,-78.43,43.129246,10100.390486,20210809_060307
1,KBUF20210809_100927_V06,-5,0.265,348.98,268.125199,27.915602,-78.44,43.091675,13957.801215,20210809_060927
1,KBUF20210809_101447_V06,0,0.052,348.19,286.402182,27.778473,-78.44,43.009429,13889.236420,20210809_061447
5,KBUF20210809_100307_V06,-11,0.421,234.89,273.399536,11.955437,-79.14,43.067635,5977.718353,20210809_060307
5,KBUF20210809_100927_V06,-5,0.215,235.78,272.090238,20.825396,-79.13,43.073546,10412.698213,20210809_060927
7,KBUF20210809_100307_V06,-11,0.269,32.75,425.701172,40.532372,-80.36,42.371265,20266.185760,20210809_060307
7,KBUF20210809_100927_V06,-5,0.066,34.60,425.622023,49.940088,-80.35,42.371781,24970.044165,20210809_060927
8,KBUF20210809_100307_V06,-11,0.074,441.05,290.248505,10.112762,-77.87,42.989234,5056.381226,20210809_060307
8,KBUF20210809_100927_V06,-5,0.562,441.85,285.200172,17.948674,-77.87,43.011917,8974.337042,20210809_060927
18,KBUF20210809_102013_V06,6,0.138,233.61,441.823792,3.509613,-79.14,42.309543,1754.806519,20210809_062013
18,KBUF20210809_102545_V06,11,-1.000,233.61,441.823792,11.459613,-79.14,42.309543,5729.806519,20210809_062545
18,KBUF20210809_103119_V06,17,0.087,226.20,446.435276,13.872248,-79.18,42.288618,6936.123954,20210809_063119
34,KBUF20210809_110443_V06,50,0.232,376.53,389.817688,5.585991,-78.27,42.543394,2792.995453,20210809_070443
34,KBUF20210809_111018_V06,56,0.106,375.86,389.324043,12.885039,-78.28,42.545632,6442.519335,20210809_071018
36,KBUF20210809_111018_V06,56,0.108,224.76,447.202759,10.015511,-79.19,42.285129,5007.755280,20210809_071018
36,KBUF20210809_111553_V06,61,0.064,223.72,447.553455,17.066372,-79.20,42.283525,8533.185827,20210809_071553
46,KBUF20210809_113810_V06,84,0.061,278.75,374.003387,6.023438,-78.87,42.615453,3011.718750,20210809_073810
46,KBUF20210809_114344_V06,89,0.069,278.30,373.609944,12.500338,-78.87,42.617221,6250.168758,20210809_074344
9,KBUF20210809_100927_V06,-5,0.078,120.46,393.470398,21.106422,-79.83,42.522669,10553.211212,20210809_060927
15,KBUF20210809_101447_V06,0,0.088,329.16,366.775269,29.413597,-78.56,42.647923,14706.798553,20210809_061447
24,KBUF20210809_103119_V06,17,0.117,280.10,343.490204,12.476318,-78.86,42.752802,6238.159180,20210809_063119
25,KBUF20210809_103119_V06,17,0.111,301.64,347.176605,20.691849,-78.73,42.736274,10345.924377,20210809_063119
30,KBUF20210809_104802_V06,34,0.064,380.05,344.128113,5.582684,-78.25,42.748950,2791.341782,20210809_064802
31,KBUF20210809_104802_V06,34,0.053,233.24,421.408936,16.298790,-79.14,42.401426,8149.394989,20210809_064802
38,KBUF20210809_112128_V06,67,0.141,160.43,278.171143,4.220543,-79.59,43.043655,2110.271454,20210809_072128
42,KBUF20210809_112702_V06,73,0.060,371.12,381.972046,15.034157,-78.30,42.578837,7517.078400,20210809_072702
44,KBUF20210809_113236_V06,78,0.075,236.01,420.957855,16.530434,-79.13,42.403515,8265.216827,20210809_073236
24,KBUF20210810_105224_V06,37,0.073,277.48,367.591370,12.869911,-78.87,42.644305,6434.955597,20210810_065224
24,KBUF20210810_110313_V06,48,0.128,280.06,367.648832,21.070558,-78.86,42.644064,10535.279059,20210810_070313
24,KBUF20210810_110839_V06,53,-1.000,281.18,367.673717,24.997610,-78.85,42.643959,12498.804968,20210810_070839
24,KBUF20210810_111346_V06,58,0.091,299.35,367.434762,24.482203,-78.74,42.645093,12241.101560,20210810_071346
24,KBUF20210810_111854_V06,63,0.050,299.29,361.445539,23.133493,-78.74,42.672050,11566.746562,20210810_071854
24,KBUF20210810_112402_V06,69,0.059,297.68,362.277458,24.747948,-78.75,42.668305,12373.974167,20210810_072402
15,KBUF20210810_101433_V06,-1,0.091,31.22,369.679077,27.555054,-80.38,42.623230,13777.526855,20210810_061433
15,KBUF20210810_101958_V06,4,0.660,33.32,361.720182,34.030985,-80.36,42.659227,17015.492382,20210810_061958
15,KBUF20210810_102523_V06,10,0.237,39.88,350.139381,39.843396,-80.32,42.711902,19921.697915,20210810_062523
15,KBUF20210810_103048_V06,15,0.077,50.42,352.348364,40.717347,-80.26,42.702838,20358.673612,20210810_063048
5,KBUF20210810_100334_V06,-12,0.789,353.28,256.656830,9.497208,-78.41,43.143218,4748.603821,20210810_060334
5,KBUF20210810_100908_V06,-6,0.311,354.02,255.751554,16.804739,-78.40,43.147279,8402.369741,20210810_060908
10,KBUF20210810_100334_V06,-12,0.060,235.72,271.150208,13.141418,-79.13,43.077776,6570.709229,20210810_060334
10,KBUF20210810_100908_V06,-6,0.180,236.21,269.585059,20.463939,-79.13,43.084830,10231.969283,20210810_060908
17,KBUF20210810_101958_V06,4,0.220,279.38,368.813721,17.995018,-78.86,42.638817,8997.509003,20210810_061958
17,KBUF20210810_102523_V06,10,0.067,284.03,365.839459,25.284768,-78.83,42.652232,12642.383862,20210810_062523
8,KBUF20210810_100334_V06,-12,0.097,346.66,284.470184,21.222900,-78.45,43.018148,10611.450195,20210810_060334
13,KBUF20210810_100908_V06,-6,0.085,155.55,312.738708,19.353912,-79.62,42.887859,9676.956177,20210810_060908
18,KBUF20210810_103048_V06,15,0.069,217.97,421.624512,5.658447,-79.24,42.400088,2829.223633,20210810_063048
20,KBUF20210810_103607_V06,21,0.128,181.73,308.308167,14.851601,-79.46,42.908925,7425.800323,20210810_063607
25,KBUF20210810_110313_V06,48,0.200,300.81,362.177063,21.162312,-78.73,42.668757,10581.155777,20210810_070313
27,KBUF20210810_110313_V06,48,0.072,224.86,449.537842,12.237328,-79.19,42.274621,6118.663788,20210810_070313
8,KBUF20210811_104447_V06,28,0.121,41.13,443.763367,41.683945,-80.31,42.290695,20841.972351,20210811_064447
8,KBUF20210811_105227_V06,36,0.204,43.58,445.435384,52.265524,-80.29,42.283375,26132.761881,20210811_065227
8,KBUF20210811_110734_V06,51,0.230,50.34,437.058376,51.225760,-80.25,42.321627,25612.879778,20210811_070734
8,KBUF20210811_111514_V06,59,-1.000,53.85,433.039477,51.518486,-80.23,42.339994,25759.242934,20210811_071514
8,KBUF20210811_112246_V06,66,-1.000,56.91,429.522940,51.774621,-80.21,42.356062,25887.310695,20210811_072246
8,KBUF20210811_113019_V06,74,-1.000,60.41,425.504040,52.067348,-80.19,42.374422,26033.673851,20210811_073019
8,KBUF20210811_113746_V06,81,-1.000,63.48,421.987504,52.323483,-80.17,42.390484,26161.741612,20210811_073746
8,KBUF20210811_114513_V06,89,0.085,45.81,435.052768,55.884124,-80.28,42.330283,27942.062018,20210811_074513
6,KBUF20210811_103707_V06,21,0.206,328.83,335.365967,32.515560,-78.56,42.789297,16257.780075,20210811_063707
6,KBUF20210811_104447_V06,28,0.220,333.08,337.433104,42.729182,-78.53,42.779950,21364.591111,20210811_064447
3,KBUF20210811_102131_V06,5,0.240,239.83,256.565094,34.159225,-79.11,43.143502,17079.612732,20210811_062131
3,KBUF20210811_102919_V06,13,0.074,234.67,281.047638,19.168869,-79.14,43.033209,9584.434509,20210811_062919
4,KBUF20210811_102131_V06,5,0.121,41.05,173.898987,48.389141,-80.34,43.505002,24194.570541,20210811_062131
10,KBUF20210811_113019_V06,74,0.074,28.51,419.734070,38.841927,-80.39,42.397748,19420.963287,20210811_073019
9,KBUF20210813_101750_V06,-2,0.340,62.27,375.718414,15.072838,-80.19,42.598612,7536.418915,20210813_061750
9,KBUF20210813_102450_V06,5,0.665,66.67,374.528864,26.614620,-80.16,42.604303,13307.310103,20210813_062450
9,KBUF20210813_103121_V06,12,0.615,82.58,372.468175,39.431799,-80.06,42.614743,19715.899255,20210813_063121
9,KBUF20210813_103752_V06,18,0.279,96.28,373.366157,45.675231,-79.98,42.611641,22837.615671,20210813_063752
9,KBUF20210813_104422_V06,25,0.059,98.88,383.813901,50.582905,-79.96,42.564793,25291.452387,20210813_064422
9,KBUF20210813_105053_V06,31,0.067,107.35,390.360168,38.108444,-79.91,42.535874,19054.222107,20210813_065053
1,KBUF20210813_100437_V06,-15,0.913,242.66,272.244293,10.601715,-79.09,43.072990,5300.857544,20210813_060437
1,KBUF20210813_101104_V06,-8,0.225,244.33,271.729137,20.345623,-79.08,43.075340,10172.811573,20210813_061104
3,KBUF20210813_100437_V06,-15,0.219,350.57,279.350586,24.115814,-78.43,43.041128,12057.907104,20210813_060437
3,KBUF20210813_101104_V06,-8,0.059,354.80,279.436924,31.987695,-78.40,43.040666,15993.847575,20210813_061104
16,KBUF20210813_103752_V06,18,0.102,352.04,411.497498,5.419632,-78.42,42.446323,2709.815979,20210813_063752
16,KBUF20210813_104422_V06,25,0.140,350.78,412.310668,13.784564,-78.43,42.442683,6892.281958,20210813_064422
24,KBUF20210813_111042_V06,51,0.174,281.84,360.173340,8.210037,-78.85,42.677723,4105.018616,20210813_071042
24,KBUF20210813_111712_V06,58,0.382,283.85,365.347480,16.284880,-78.84,42.654445,8142.439796,20210813_071712
29,KBUF20210813_113645_V06,77,0.165,372.29,337.252869,15.332687,-78.30,42.780087,7666.343689,20210813_073645
29,KBUF20210813_114316_V06,84,0.355,370.18,339.657122,25.349958,-78.31,42.769315,12674.978970,20210813_074316
6,KBUF20210813_100437_V06,-15,0.083,316.77,357.334320,12.657326,-78.63,42.690509,6328.662872,20210813_060437
8,KBUF20210813_101104_V06,-8,0.158,171.97,310.634979,8.508118,-79.52,42.898059,4254.058838,20210813_061104
12,KBUF20210813_103121_V06,12,0.185,377.33,342.408020,11.914795,-78.26,42.756761,5957.397461,20210813_063121
13,KBUF20210813_103121_V06,12,0.086,221.28,448.604492,12.638435,-79.21,42.278733,6319.217682,20210813_063121
22,KBUF20210813_110356_V06,44,0.056,193.37,316.838623,15.366005,-79.39,42.870961,7683.002472,20210813_070356
23,KBUF20210813_110356_V06,44,0.052,41.96,205.965820,56.771721,-80.33,43.360802,28385.860443,20210813_070356
28,KBUF20210813_113014_V06,71,0.058,200.43,445.400024,30.335831,-79.34,42.292556,15167.915344,20210813_073014
16,KBUF20210814_100050_V06,-20,0.074,159.22,312.854431,2.958733,-79.60,42.887510,1479.366302,20210814_060050
16,KBUF20210814_100736_V06,-13,0.064,160.26,314.582623,11.375896,-79.59,42.879780,5687.948192,20210814_060736
16,KBUF20210814_101424_V06,-6,0.820,157.51,320.886234,11.355356,-79.61,42.851283,5677.678135,20210814_061424
16,KBUF20210814_102112_V06,1,0.847,156.27,324.789433,13.620428,-79.62,42.833658,6810.214029,20210814_062112
16,KBUF20210814_102746_V06,7,0.526,153.32,329.629865,21.125368,-79.63,42.811734,10562.684174,20210814_062746
16,KBUF20210814_103421_V06,14,0.212,153.63,330.162553,24.202921,-79.63,42.809351,12101.460269,20210814_063421
19,KBUF20210814_100736_V06,-13,0.548,28.59,381.908508,12.339042,-80.39,42.567968,6169.520855,20210814_060736
19,KBUF20210814_101424_V06,-6,0.850,28.87,387.158547,20.381749,-80.39,42.544367,10190.874503,20210814_061424
19,KBUF20210814_102112_V06,1,0.790,31.05,391.011635,28.823485,-80.37,42.527221,14411.742443,20210814_062112
19,KBUF20210814_102746_V06,7,0.911,41.62,394.998660,37.703882,-80.31,42.510184,18851.941074,20210814_062746
19,KBUF20210814_103421_V06,14,0.743,43.12,407.932157,42.900892,-80.30,42.452108,21450.445806,20210814_063421
19,KBUF20210814_104056_V06,20,0.146,38.55,416.395406,41.827651,-80.33,42.413638,20913.825359,20210814_064056
2,KBUF20210814_100050_V06,-20,0.633,348.70,263.309998,5.401749,-78.44,43.113351,2700.874329,20210814_060050
2,KBUF20210814_100736_V06,-13,0.889,350.78,265.306325,9.432583,-78.43,43.104332,4716.291389,20210814_060736
2,KBUF20210814_101424_V06,-6,0.909,352.04,265.472296,9.989669,-78.42,43.103564,4994.834325,20210814_061424
2,KBUF20210814_102112_V06,1,0.203,353.58,269.517377,14.727360,-78.41,43.085332,7363.679751,20210814_062112
2,KBUF20210814_102746_V06,7,-1.000,354.88,272.730437,18.528258,-78.40,43.070848,9264.129144,20210814_062746
2,KBUF20210814_103421_V06,14,-1.000,356.40,276.479007,22.962640,-78.39,43.053949,11481.320103,20210814_063421
2,KBUF20210814_104056_V06,20,-1.000,357.70,279.692067,26.763539,-78.38,43.039464,13381.769496,20210814_064056
2,KBUF20210814_104731_V06,27,-1.000,359.21,283.440637,31.197921,-78.37,43.022564,15598.960455,20210814_064731
2,KBUF20210814_110040_V06,40,0.157,375.25,297.756177,45.099045,-78.28,42.957780,22549.522742,20210814_070040
2,KBUF20210814_110714_V06,47,0.105,372.76,301.415920,52.601158,-78.29,42.941369,26300.579197,20210814_070714
3,KBUF20210814_100050_V06,-20,0.614,231.99,280.046112,7.382339,-79.15,43.037658,3691.169739,20210814_060050
3,KBUF20210814_100736_V06,-13,0.741,232.24,281.538671,12.755849,-79.15,43.030946,6377.924282,20210814_060736
3,KBUF20210814_101424_V06,-6,0.112,235.43,286.584598,14.676720,-79.13,43.008305,7338.359932,20210814_061424
3,KBUF20210814_102112_V06,1,-1.000,238.26,291.175900,17.096798,-79.12,42.987700,8548.398951,20210814_062112
3,KBUF20210814_102746_V06,7,-1.000,240.68,295.111302,19.171151,-79.10,42.970036,9585.575253,20210814_062746
3,KBUF20210814_103421_V06,14,-1.000,243.51,299.702605,21.591229,-79.08,42.949425,10795.614272,20210814_063421
3,KBUF20210814_104056_V06,20,-1.000,245.94,303.638007,23.665581,-79.07,42.931757,11832.790574,20210814_064056
3,KBUF20210814_104731_V06,27,-1.000,248.76,308.229309,26.085659,-79.05,42.911141,13042.829593,20210814_064731
3,KBUF20210814_110040_V06,40,0.208,235.09,308.181304,26.993911,-79.13,42.911097,13496.955715,20210814_070040
29,KBUF20210814_101424_V06,-6,0.059,125.50,177.911377,25.132507,-79.82,43.493024,12566.253662,20210814_061424
29,KBUF20210814_102112_V06,1,-1.000,125.50,177.911377,36.262507,-79.82,43.493024,18131.253662,20210814_062112
29,KBUF20210814_102746_V06,7,0.052,118.37,195.023624,46.251237,-79.86,43.415600,23125.618341,20210814_062746
29,KBUF20210814_103421_V06,14,0.051,121.59,204.489116,52.815553,-79.84,43.373199,26407.776280,20210814_063421
29,KBUF20210814_104056_V06,20,0.083,144.05,243.453064,24.816742,-79.70,43.199100,12408.370972,20210814_064056
35,KBUF20210814_102746_V06,7,0.212,404.90,284.052368,23.886826,-78.09,43.018579,11943.412781,20210814_062746
35,KBUF20210814_103421_V06,14,0.188,402.39,285.758322,31.655892,-78.11,43.010987,15827.946074,20210814_063421
55,KBUF20210814_113332_V06,73,0.195,348.79,276.349152,15.939072,-78.44,43.054665,7969.535828,20210814_073332
55,KBUF20210814_114008_V06,80,0.103,347.01,271.407780,22.607271,-78.45,43.076933,11303.635555,20210814_074008
56,KBUF20210814_113332_V06,73,0.193,368.79,337.669617,16.140915,-78.32,42.778292,8070.457458,20210814_073332
56,KBUF20210814_114008_V06,80,0.111,368.77,337.808821,23.274089,-78.32,42.777666,11637.044699,20210814_074008
5,KBUF20210814_100050_V06,-20,0.416,169.51,438.188721,14.854561,-79.53,42.323865,7427.280426,20210814_060050
12,KBUF20210814_100050_V06,-20,0.110,460.43,211.476166,10.207352,-77.75,43.342765,5103.675842,20210814_060050
13,KBUF20210814_100050_V06,-20,0.089,149.42,414.158020,30.365969,-79.65,42.431111,15182.984352,20210814_060050
21,KBUF20210814_100736_V06,-13,0.097,100.56,189.444580,43.818802,-79.97,43.439581,21909.400940,20210814_060736
26,KBUF20210814_101424_V06,-6,0.073,181.62,520.753784,11.988750,-79.45,41.952710,5994.375229,20210814_061424
27,KBUF20210814_101424_V06,-6,0.069,51.89,312.191162,15.241507,-80.26,42.883660,7620.753288,20210814_061424
32,KBUF20210814_102112_V06,1,0.070,352.17,359.902405,10.118896,-78.42,42.678552,5059.448242,20210814_062112
33,KBUF20210814_102112_V06,1,0.053,135.98,126.561676,8.185425,-79.75,43.724677,4092.712402,20210814_062112
34,KBUF20210814_102746_V06,7,0.260,185.92,195.350494,29.686859,-79.44,43.417439,14843.429565,20210814_062746
37,KBUF20210814_103421_V06,14,0.101,429.14,211.902527,2.672668,-77.94,43.342346,1336.334229,20210814_063421
41,KBUF20210814_104056_V06,20,0.058,272.36,336.716949,21.614780,-78.91,42.783228,10807.390213,20210814_064056
45,KBUF20210814_104731_V06,27,0.050,243.98,278.174103,20.704185,-79.08,43.046327,10352.092743,20210814_064731
52,KBUF20210814_110714_V06,47,0.066,282.48,354.820404,11.427876,-78.84,42.701820,5713.937759,20210814_070714
58,KBUF20210814_113332_V06,73,0.054,340.58,261.324036,14.421860,-78.49,43.122408,7210.929871,20210814_073332
60,KBUF20210814_114008_V06,80,0.104,199.12,429.934784,19.408257,-79.35,42.362124,9704.128265,20210814_074008
61,KBUF20210814_114008_V06,80,0.103,270.56,45.837585,26.060291,-78.92,44.092280,13030.145645,20210814_074008
64,KBUF20210814_114008_V06,80,0.054,387.87,292.865509,12.943924,-78.20,42.979454,6471.961975,20210814_074008
9,KBUF20210816_101927_V06,-3,0.934,25.69,378.008270,21.369095,-80.41,42.585261,10684.547424,20210816_061927
9,KBUF20210816_102502_V06,3,0.938,26.28,378.531138,27.248284,-80.40,42.582961,13624.142181,20210816_062502
9,KBUF20210816_103035_V06,8,0.958,30.69,378.986466,31.981857,-80.38,42.581301,15990.928251,20210816_063035
9,KBUF20210816_103610_V06,14,0.948,35.29,378.514913,38.322321,-80.35,42.583822,19161.160255,20210816_063610
9,KBUF20210816_104145_V06,19,0.905,37.28,376.971247,45.416439,-80.34,42.590940,22708.219271,20210816_064145
9,KBUF20210816_104720_V06,25,0.877,44.00,376.039063,50.144426,-80.30,42.595702,25072.213051,20210816_064720
9,KBUF20210816_105255_V06,30,0.668,48.78,376.403528,55.346573,-80.27,42.594456,27673.286275,20210816_065255
9,KBUF20210816_110354_V06,41,0.060,55.66,382.064710,62.143340,-80.22,42.569534,31071.669878,20210816_070354
3,KBUF20210816_100253_V06,-20,0.195,352.44,262.221497,8.158112,-78.41,43.118188,4079.055786,20210816_060253
3,KBUF20210816_100819_V06,-14,0.625,352.73,260.919727,14.203644,-78.41,43.124042,7101.822178,20210816_060819
3,KBUF20210816_101353_V06,-9,0.797,352.27,262.011093,16.243087,-78.42,43.119138,8121.543293,20210816_061353
3,KBUF20210816_101927_V06,-3,0.102,346.95,266.743981,26.246670,-78.45,43.097924,13123.334986,20210816_061927
3,KBUF20210816_102502_V06,3,0.115,343.62,266.493724,29.238332,-78.47,43.099099,14619.166169,20210816_062502
3,KBUF20210816_103035_V06,8,0.490,346.82,249.480072,19.325745,-78.45,43.175624,9662.872314,20210816_063035
3,KBUF20210816_103610_V06,14,0.088,349.65,249.606792,25.598643,-78.43,43.175008,12799.321573,20210816_063610
11,KBUF20210816_101927_V06,-3,0.362,156.71,314.554626,12.705238,-79.61,42.879741,6352.619171,20210816_061927
11,KBUF20210816_102502_V06,3,0.926,156.94,312.670202,14.152287,-79.61,42.888233,7076.143379,20210816_062502
11,KBUF20210816_103035_V06,8,0.426,150.73,314.750131,23.957750,-79.65,42.878575,11978.874936,20210816_063035
11,KBUF20210816_103610_V06,14,0.200,150.36,314.489145,28.921559,-79.65,42.879731,14460.779358,20210816_063610
11,KBUF20210816_104145_V06,19,0.180,148.66,317.246477,32.722229,-79.66,42.867238,16361.114618,20210816_064145
1,KBUF20210816_100253_V06,-20,0.361,233.65,272.881104,6.335434,-79.14,43.069941,3167.716980,20210816_060253
1,KBUF20210816_100819_V06,-14,0.762,232.51,273.168111,12.012237,-79.15,43.068624,6006.118384,20210816_060819
1,KBUF20210816_101353_V06,-9,0.548,231.98,273.757320,15.561499,-79.15,43.065961,7780.749449,20210816_061353
1,KBUF20210816_101927_V06,-3,0.155,226.41,285.815640,28.962506,-79.19,43.011561,14481.253243,20210816_061927
1,KBUF20210816_102502_V06,3,-1.000,221.92,295.336609,40.411954,-79.22,42.968599,20205.976791,20210816_062502
1,KBUF20210816_103035_V06,8,0.122,221.86,313.432892,19.789757,-79.22,42.887151,9894.878387,20210816_063035
1,KBUF20210816_103610_V06,14,0.174,219.97,315.050573,27.765412,-79.23,42.879822,13882.705827,20210816_063610
1,KBUF20210816_104145_V06,19,0.259,214.55,312.220671,29.925672,-79.26,42.892411,14962.836236,20210816_064145
2,KBUF20210816_100253_V06,-20,0.313,375.92,384.713684,13.791100,-78.27,42.566382,6895.549774,20210816_060253
2,KBUF20210816_100819_V06,-14,0.148,375.04,384.542912,20.412270,-78.28,42.567172,10206.135061,20210816_060819
6,KBUF20210816_100819_V06,-14,0.265,434.21,279.928040,7.930878,-77.91,43.035990,3965.438843,20210816_060819
6,KBUF20210816_101353_V06,-9,0.117,433.51,279.156047,15.106070,-77.92,43.039495,7553.034897,20210816_061353
14,KBUF20210816_102502_V06,3,0.193,376.50,384.535706,15.111954,-78.27,42.567169,7555.976868,20210816_062502
14,KBUF20210816_103035_V06,8,0.118,375.64,385.005900,20.865102,-78.28,42.565074,10432.551167,20210816_063035
7,KBUF20210816_100819_V06,-14,0.085,293.38,368.293640,20.342033,-78.78,42.641220,10171.016693,20210816_060819
12,KBUF20210816_101927_V06,-3,0.207,213.06,142.641418,6.730652,-79.28,43.655544,3365.325928,20210816_061927
16,KBUF20210816_102502_V06,3,0.052,238.86,423.859924,19.110661,-79.11,42.390510,9555.330276,20210816_062502
29,KBUF20210816_110920_V06,47,0.055,370.25,383.423431,15.769577,-78.31,42.572324,7884.788513,20210816_070920
32,KBUF20210816_112539_V06,63,0.148,301.68,367.486115,15.373878,-78.73,42.644861,7686.939240,20210816_072539
14,KBUF20210817_102611_V06,3,0.704,44.63,382.277832,20.426495,-80.29,42.567680,10213.247299,20210817_062611
14,KBUF20210817_103137_V06,8,0.749,45.91,381.179712,28.762592,-80.28,42.572727,14381.296155,20210817_063137
14,KBUF20210817_103702_V06,14,0.826,46.61,381.154963,36.618694,-80.28,42.572896,18309.347221,20210817_063702
14,KBUF20210817_104228_V06,19,0.735,53.17,383.835686,40.369435,-80.24,42.561366,20184.717695,20210817_064228
14,KBUF20210817_104754_V06,24,0.423,53.71,384.831791,47.802762,-80.24,42.556927,23901.381045,20210817_064754
14,KBUF20210817_105320_V06,30,0.152,60.53,385.340823,50.144875,-80.19,42.555175,25072.437322,20210817_065320
14,KBUF20210817_110426_V06,41,0.057,59.62,407.375122,42.960419,-80.20,42.455945,21480.209351,20210817_070426
2,KBUF20210817_100428_V06,-19,0.312,276.93,373.187469,7.556480,-78.88,42.619113,3778.240204,20210817_060428
2,KBUF20210817_100954_V06,-14,0.076,278.69,372.366566,14.809535,-78.87,42.622820,7404.767491,20210817_060954
2,KBUF20210817_101520_V06,-8,0.118,281.33,368.079094,16.609154,-78.85,42.642136,8304.576971,20210817_061520
6,KBUF20210817_100954_V06,-14,0.246,349.37,304.718811,11.155945,-78.43,42.926972,5577.972412,20210817_060954
6,KBUF20210817_101520_V06,-8,0.076,350.20,297.577892,22.364181,-78.43,42.959098,11182.090409,20210817_061520
7,KBUF20210817_100954_V06,-14,0.119,356.63,256.617981,10.534317,-78.39,43.143332,5267.158508,20210817_060954
7,KBUF20210817_101520_V06,-8,0.161,355.61,256.527180,18.603073,-78.40,43.143759,9301.536594,20210817_061520
11,KBUF20210817_102046_V06,-3,0.180,233.47,274.785889,9.619034,-79.15,43.061365,4809.516907,20210817_062046
11,KBUF20210817_102611_V06,3,0.051,235.28,274.397267,19.309177,-79.13,43.063153,9654.588284,20210817_062611
10,KBUF20210817_101520_V06,-8,0.056,75.74,215.439514,19.863663,-80.12,43.320870,9931.831360,20210817_061520
12,KBUF20210817_102046_V06,-3,0.075,331.43,361.083344,26.017715,-78.55,42.673519,13008.857727,20210817_062046
17,KBUF20210817_103137_V06,8,0.589,238.30,327.102600,26.022068,-79.11,42.826003,13011.034012,20210817_063137
17,KBUF20210817_103702_V06,14,0.289,247.57,327.931641,20.816589,-79.06,42.822445,10408.294678,20210817_063702
23,KBUF20210817_112156_V06,58,0.077,293.04,359.935577,22.248173,-78.78,42.678839,11124.086380,20210817_072156
1,KBUF20210818_100714_V06,-17,0.479,349.08,261.470276,4.855881,-78.44,43.121625,2427.940369,20210818_060714
1,KBUF20210818_101408_V06,-10,0.260,348.90,260.728458,13.423753,-78.44,43.124966,6711.876529,20210818_061408
1,KBUF20210818_102100_V06,-3,0.083,349.73,257.535761,18.790239,-78.43,43.139322,9395.119648,20210818_062100
4,KBUF20210818_102100_V06,-3,0.307,233.45,272.225983,13.310837,-79.15,43.072885,6655.418396,20210818_062100
13,KBUF20210819_101936_V06,-6,0.412,29.93,384.369720,17.918242,-80.38,42.557010,8959.120750,20210819_061936
13,KBUF20210819_102509_V06,0,0.924,30.99,389.607007,25.094961,-80.37,42.533536,12547.480653,20210819_062509
13,KBUF20210819_103043_V06,5,0.925,35.60,392.942965,29.448075,-80.35,42.518924,14724.037364,20210819_063043
13,KBUF20210819_103618_V06,11,0.939,37.25,403.040813,35.806332,-80.33,42.473625,17903.165848,20210819_063618
13,KBUF20210819_104144_V06,16,0.953,39.19,410.349464,42.832856,-80.32,42.440900,21416.428033,20210819_064144
13,KBUF20210819_104710_V06,22,0.938,41.73,414.447423,46.177249,-80.31,42.422672,23088.624444,20210819_064710
13,KBUF20210819_105244_V06,27,0.942,45.81,417.263307,49.934271,-80.28,42.410339,24967.135387,20210819_065244
13,KBUF20210819_110334_V06,38,0.903,48.00,421.358737,59.291504,-80.27,42.392089,29645.752062,20210819_070334
13,KBUF20210819_110909_V06,44,0.638,49.92,421.850927,63.638645,-80.26,42.390030,31819.322458,20210819_070909
13,KBUF20210819_111444_V06,49,0.114,53.74,418.719033,69.961876,-80.23,42.404431,34980.937849,20210819_071444
13,KBUF20210819_112018_V06,55,0.283,54.63,420.809701,65.036943,-80.23,42.395093,32518.471488,20210819_072018
13,KBUF20210819_112552_V06,60,0.216,63.00,422.866147,70.619764,-80.18,42.386493,35309.881905,20210819_072552
12,KBUF20210819_101936_V06,-6,0.428,161.15,321.966553,12.117798,-79.59,42.846588,6058.898926,20210819_061936
12,KBUF20210819_102509_V06,0,0.816,162.72,322.407118,16.051953,-79.58,42.844677,8025.976408,20210819_062509
12,KBUF20210819_103043_V06,5,0.847,164.79,325.041174,17.755951,-79.56,42.832914,8877.975522,20210819_063043
12,KBUF20210819_103618_V06,11,0.836,162.84,333.556173,24.963111,-79.58,42.794505,12481.555483,20210819_063618
12,KBUF20210819_104144_V06,16,0.865,166.39,338.536002,29.853778,-79.55,42.772250,14926.888920,20210819_064144
12,KBUF20210819_104710_V06,22,0.923,167.08,343.836046,33.455926,-79.55,42.748426,16727.962755,20210819_064710
12,KBUF20210819_105244_V06,27,0.874,165.98,348.092351,38.713477,-79.56,42.729222,19356.738605,20210819_065244
12,KBUF20210819_110334_V06,38,0.051,163.17,360.960845,47.538834,-79.57,42.671181,23769.416931,20210819_070334
12,KBUF20210819_110909_V06,44,0.056,166.37,360.871056,46.244447,-79.55,42.671726,23122.223650,20210819_070909
12,KBUF20210819_111444_V06,49,0.073,186.76,330.272949,22.441818,-79.43,42.810260,11220.909119,20210819_071444
6,KBUF20210819_100827_V06,-17,0.146,233.97,279.413757,4.160713,-79.14,43.040547,2080.356598,20210819_060827
6,KBUF20210819_101402_V06,-11,0.058,234.55,279.828616,10.834749,-79.14,43.038693,5417.374616,20210819_061402
6,KBUF20210819_101936_V06,-6,0.147,229.99,291.766216,22.020477,-79.17,42.984864,11010.238712,20210819_061936
6,KBUF20210819_102509_V06,0,0.790,225.12,298.537308,26.349031,-79.20,42.954274,13174.515349,20210819_062509
6,KBUF20210819_103043_V06,5,0.502,226.69,304.018948,28.128155,-79.19,42.929641,14064.077538,20210819_063043
6,KBUF20210819_103618_V06,11,0.091,221.73,308.381073,34.983540,-79.22,42.909885,17491.769891,20210819_063618
4,KBUF20210819_100252_V06,-23,0.064,346.67,269.315125,6.252914,-78.45,43.086356,3126.457214,20210819_060252
4,KBUF20210819_100827_V06,-17,0.396,345.74,269.100833,12.999964,-78.46,43.087335,6499.982168,20210819_060827
4,KBUF20210819_101402_V06,-11,0.146,346.44,266.165402,13.892407,-78.45,43.100535,6946.203540,20210819_061402
4,KBUF20210819_101936_V06,-6,0.072,347.67,260.564435,17.079309,-78.44,43.125724,8539.654606,20210819_061936
4,KBUF20210819_102509_V06,0,0.077,345.04,267.418829,19.308292,-78.46,43.094915,9654.145854,20210819_062509
11,KBUF20210819_101402_V06,-11,0.058,373.31,387.744476,14.590240,-78.29,42.552804,7295.120239,20210819_061402
11,KBUF20210819_101936_V06,-6,0.118,373.80,386.985462,20.221664,-78.29,42.556208,10110.832201,20210819_061936
18,KBUF20210819_101936_V06,-6,0.069,206.13,159.853729,14.310974,-79.32,43.577878,7155.487061,20210819_061936
18,KBUF20210819_102509_V06,0,0.062,204.13,162.672566,24.152392,-79.33,43.565130,12076.196238,20210819_062509
25,KBUF20210819_104710_V06,22,0.274,376.17,276.206482,7.289658,-78.27,43.054745,3644.828796,20210819_064710
25,KBUF20210819_105244_V06,27,0.216,373.06,274.929912,16.972337,-78.29,43.060567,8486.168397,20210819_065244
1,KBUF20210819_100252_V06,-23,0.093,149.75,458.042419,18.603289,-79.65,42.233607,9301.644325,20210819_060252
23,KBUF20210819_103043_V06,5,0.122,208.20,105.481812,21.730705,-79.31,43.822618,10865.352631,20210819_063043
24,KBUF20210819_103618_V06,11,0.140,361.15,372.488007,28.648083,-78.36,42.621739,14324.041367,20210819_063618
28,KBUF20210819_104710_V06,22,0.050,302.12,369.389038,21.899452,-78.72,42.636296,10949.726105,20210819_064710
29,KBUF20210819_111444_V06,49,0.180,310.42,366.423218,19.208946,-78.67,42.649628,9604.473114,20210819_071444
33,KBUF20210819_113117_V06,66,0.059,364.92,375.252014,24.633209,-78.34,42.609221,12316.604614,20210819_073117
37,KBUF20210819_114209_V06,77,0.107,332.27,355.623535,29.917976,-78.54,42.698085,14958.988190,20210819_074209
39,KBUF20210819_114209_V06,77,0.072,402.21,565.713074,14.512228,-78.12,41.750899,7256.114006,20210819_074209
8,KBUF20210820_101222_V06,-14,0.136,152.65,330.218994,16.816269,-79.64,42.809050,8408.134460,20210820_061222
8,KBUF20210820_102102_V06,-5,0.874,158.47,326.533610,19.642106,-79.60,42.825912,9821.053021,20210820_062102
8,KBUF20210820_102943_V06,3,0.906,161.35,329.483676,26.195713,-79.58,42.812766,13097.856646,20210820_062943
8,KBUF20210820_103815_V06,12,-1.000,164.74,332.316550,33.298194,-79.56,42.800169,16649.096993,20210820_063815
8,KBUF20210820_104647_V06,20,0.440,163.96,337.672139,36.816440,-79.57,42.776031,18408.219858,20210820_064647
8,KBUF20210820_105208_V06,26,0.162,164.33,336.422614,37.139394,-79.57,42.781670,18569.696962,20210820_065208
19,KBUF20210820_102943_V06,3,0.947,39.43,385.094055,30.124966,-80.32,42.554570,15062.482834,20210820_062943
19,KBUF20210820_103815_V06,12,0.956,42.84,390.682213,40.308659,-80.30,42.529711,20154.329602,20210820_063815
19,KBUF20210820_104647_V06,20,0.890,42.57,394.159850,48.711980,-80.30,42.514038,24355.989834,20210820_064647
19,KBUF20210820_105208_V06,26,0.896,48.60,398.074347,52.949198,-80.27,42.496921,26474.599170,20210820_065208
19,KBUF20210820_110317_V06,37,0.373,53.07,397.760895,59.203077,-80.24,42.498693,29601.538743,20210820_070317
12,KBUF20210820_102102_V06,-5,0.657,447.93,291.515259,15.510117,-77.83,42.983207,7755.058289,20210820_062102
12,KBUF20210820_102943_V06,3,0.945,453.52,293.180230,25.004140,-77.80,42.975437,12502.069774,20210820_062943
12,KBUF20210820_103815_V06,12,0.764,454.06,298.017746,26.399953,-77.79,42.953640,13199.976732,20210820_063815
12,KBUF20210820_104647_V06,20,0.811,450.85,304.378349,26.646388,-77.81,42.925175,13323.193990,20210820_064647
12,KBUF20210820_105208_V06,26,0.172,441.59,309.721954,22.912704,-77.87,42.901570,11456.352234,20210820_065208
5,KBUF20210820_101222_V06,-14,0.624,229.54,279.422333,10.835709,-79.17,43.040409,5417.854309,20210820_061222
5,KBUF20210820_102102_V06,-5,0.124,229.48,279.774454,20.838923,-79.17,43.038823,10419.461492,20210820_062102
5,KBUF20210820_102943_V06,3,0.217,225.72,301.513328,34.660654,-79.19,42.940894,17330.327232,20210820_062943
7,KBUF20210820_101222_V06,-14,0.272,218.09,422.065369,4.855507,-79.23,42.398107,2427.753448,20210820_061222
7,KBUF20210820_102102_V06,-5,0.116,218.17,421.987872,12.129933,-79.23,42.398458,6064.966663,20210820_062102
24,KBUF20210820_104647_V06,20,0.112,379.52,394.139160,2.616608,-78.25,42.523867,1308.303833,20210820_064647
24,KBUF20210820_105208_V06,26,0.059,378.70,393.366951,10.688736,-78.26,42.527364,5344.368038,20210820_065208
30,KBUF20210820_105208_V06,26,0.175,241.44,425.250916,16.299149,-79.09,42.384300,8149.574280,20210820_065208
30,KBUF20210820_110317_V06,37,0.097,243.96,427.212191,25.231587,-79.08,42.375518,12615.793485,20210820_070317
33,KBUF20210820_105208_V06,26,0.066,222.01,425.161011,5.769104,-79.21,42.384275,2884.552002,20210820_065208
33,KBUF20210820_110317_V06,37,0.065,218.64,423.918293,14.756105,-79.23,42.389781,7378.052644,20210820_070317
49,KBUF20210820_111725_V06,51,0.094,146.07,341.056213,29.652369,-79.68,42.759953,14826.184273,20210820_071725
49,KBUF20210820_112606_V06,60,0.059,135.12,336.602339,48.615516,-79.74,42.779428,24307.758185,20210820_072606
4,KBUF20210820_100350_V06,-23,0.066,34.02,436.947723,46.177689,-80.35,42.320764,23088.844299,20210820_060350
13,KBUF20210820_102102_V06,-5,0.167,372.41,386.980530,12.329201,-78.30,42.556264,6164.600372,20210820_062102
22,KBUF20210820_103815_V06,12,0.073,186.29,108.627136,44.530807,-79.44,43.807712,22265.403748,20210820_063815
46,KBUF20210820_110853_V06,42,0.086,454.73,289.602234,21.995895,-77.79,42.991479,10997.947693,20210820_070853
50,KBUF20210820_111725_V06,51,0.053,368.49,387.514832,15.844696,-78.32,42.553949,7922.348022,20210820_071725
51,KBUF20210820_112606_V06,60,0.098,43.32,380.389221,45.954506,-80.30,42.576070,22977.252960,20210820_072606
54,KBUF20210820_113447_V06,68,0.097,211.26,163.482025,27.723663,-79.29,43.561706,13861.831665,20210820_073447
55,KBUF20210820_113447_V06,68,0.066,310.25,359.575623,14.729568,-78.67,42.680450,7364.784241,20210820_073447
15,KBUF20210821_102843_V06,1,0.946,34.79,381.780151,18.903742,-80.35,42.569086,9451.870918,20210821_062843
15,KBUF20210821_103446_V06,7,0.945,37.46,381.261144,27.708684,-80.34,42.571651,13854.341796,20210821_063446
15,KBUF20210821_104049_V06,13,0.933,35.33,382.849417,32.809942,-80.35,42.564321,16404.970993,20210821_064049
15,KBUF20210821_104653_V06,19,0.948,36.87,387.523264,38.559423,-80.34,42.543422,19279.711675,20210821_064653
15,KBUF20210821_105242_V06,25,0.942,41.25,388.028653,44.018263,-80.31,42.541519,22009.131735,20210821_065242
15,KBUF20210821_110420_V06,37,0.833,39.00,391.920061,50.167457,-80.33,42.523817,25083.728310,20210821_070420
15,KBUF20210821_111024_V06,43,0.233,38.85,394.338410,53.040935,-80.33,42.512921,26520.467598,20210821_071024
2,KBUF20210821_100429_V06,-23,0.160,349.89,261.858978,2.478577,-78.43,43.119862,1239.288330,20210821_060429
2,KBUF20210821_101032_V06,-17,0.125,350.10,262.152589,11.978792,-78.43,43.118537,5989.395969,20210821_061032
2,KBUF20210821_101635_V06,-11,0.215,350.62,262.221149,13.386012,-78.43,43.118220,6693.006023,20210821_061635
2,KBUF20210821_102239_V06,-5,0.137,343.98,267.613594,21.004868,-78.47,43.094054,10502.434030,20210821_062239
2,KBUF20210821_102843_V06,1,0.086,333.37,269.651094,31.282517,-78.53,43.085019,15641.258702,20210821_062843
7,KBUF20210821_101635_V06,-11,0.140,226.16,280.272644,7.546562,-79.19,43.036502,3773.281097,20210821_061635
7,KBUF20210821_102239_V06,-5,0.159,227.82,280.063705,13.964442,-79.18,43.037482,6982.220877,20210821_062239
7,KBUF20210821_102843_V06,1,0.054,229.22,282.829251,15.595983,-79.17,43.025068,7797.991523,20210821_062843
11,KBUF20210821_102239_V06,-5,0.541,147.92,330.386627,21.471825,-79.67,42.808064,10735.912323,20210821_062239
11,KBUF20210821_102843_V06,1,0.388,145.92,330.734096,28.987941,-79.68,42.806400,14493.970381,20210821_062843
11,KBUF20210821_103446_V06,7,-1.000,144.20,331.031927,36.793183,-79.69,42.804973,18396.591574,20210821_063446
11,KBUF20210821_104049_V06,13,-1.000,142.49,331.329758,44.598426,-79.70,42.803545,22299.212766,20210821_064049
11,KBUF20210821_104653_V06,19,0.068,126.71,345.403836,44.780135,-79.80,42.739352,22390.067480,20210821_064653
1,KBUF20210821_100429_V06,-23,0.267,379.23,268.629486,12.373260,-78.25,43.088768,6186.630249,20210821_060429
1,KBUF20210821_101032_V06,-17,0.611,375.39,268.734158,17.760950,-78.27,43.088394,8880.475130,20210821_061032
16,KBUF20210821_104049_V06,13,0.297,121.70,354.132050,47.615494,-79.83,42.699784,23807.746887,20210821_064049
19,KBUF20210821_110420_V06,37,0.056,297.67,369.062317,24.405220,-78.75,42.637766,12202.610016,20210821_070420
20,KBUF20210821_112231_V06,55,0.090,307.78,364.714508,13.699142,-78.69,42.657327,6849.571228,20210821_072231
21,KBUF20210821_114035_V06,73,0.459,303.70,368.861877,19.808182,-78.71,42.638667,9904.090881,20210821_074035
22,KBUF20210822_102856_V06,0,0.920,42.96,384.579956,25.557936,-80.30,42.557181,12778.967857,20210822_062856
22,KBUF20210822_103736_V06,9,0.839,43.01,390.806955,35.917929,-80.30,42.529164,17958.964585,20210822_063736
22,KBUF20210822_104617_V06,18,0.885,45.65,396.395113,43.908444,-80.28,42.504235,21954.222005,20210822_064617
22,KBUF20210822_110339_V06,35,0.792,50.71,412.334945,55.874522,-80.25,42.432917,27937.260917,20210822_070339
22,KBUF20210822_111219_V06,44,0.072,59.57,428.078529,64.934474,-80.20,42.362770,32467.237017,20210822_071219
22,KBUF20210822_112100_V06,53,0.079,57.62,421.971663,60.914543,-80.21,42.390100,30457.271253,20210822_072100
2,KBUF20210822_100308_V06,-25,0.587,353.40,263.791718,11.115158,-78.41,43.111104,5557.579041,20210822_060308
2,KBUF20210822_101135_V06,-17,0.255,356.69,265.242500,20.177290,-78.39,43.104515,10088.645058,20210822_061135
2,KBUF20210822_102015_V06,-8,0.346,348.42,284.727914,28.883593,-78.44,43.016961,14441.796622,20210822_062015
2,KBUF20210822_102856_V06,0,-1.000,342.51,299.826124,36.849932,-78.48,42.949096,18424.966101,20210822_062856
2,KBUF20210822_103736_V06,9,0.087,347.23,308.319382,40.341778,-78.45,42.910801,20170.889154,20210822_063736
13,KBUF20210822_102015_V06,-8,0.629,441.18,303.168121,11.202652,-77.87,42.931084,5601.325989,20210822_062015
13,KBUF20210822_102856_V06,0,0.064,438.31,305.661673,23.070055,-77.89,42.919993,11535.027327,20210822_062856
13,KBUF20210822_103736_V06,9,0.289,453.60,298.380184,27.165785,-77.80,42.952032,13582.892423,20210822_063736
23,KBUF20210822_102856_V06,0,0.442,157.79,324.739655,21.151951,-79.61,42.833954,10575.975418,20210822_062856
23,KBUF20210822_103736_V06,9,0.525,155.94,329.806250,33.082533,-79.62,42.811065,16541.266422,20210822_063736
23,KBUF20210822_104617_V06,18,0.068,166.23,337.922343,33.870534,-79.55,42.775004,16935.266865,20210822_064617
14,KBUF20210822_102015_V06,-8,0.597,234.21,278.864838,8.347916,-79.14,43.043023,4173.957825,20210822_062015
14,KBUF20210822_102856_V06,0,0.131,239.11,287.946636,25.758083,-79.11,43.002251,12879.041716,20210822_062856
3,KBUF20210822_100308_V06,-25,0.346,219.53,421.462769,4.643349,-79.23,42.400857,2321.674347,20210822_060308
6,KBUF20210822_100308_V06,-25,0.066,140.09,128.955566,7.278709,-79.73,43.714127,3639.354706,20210822_060308
11,KBUF20210822_101135_V06,-17,0.071,368.18,370.867401,9.821800,-78.32,42.628885,4910.900116,20210822_061135
20,KBUF20210822_102015_V06,-8,0.069,42.20,425.494934,51.339554,-80.30,42.372996,25669.776917,20210822_062015
29,KBUF20210822_103736_V06,9,0.171,155.94,447.219421,15.167320,-79.61,42.282616,7583.660126,20210822_063736
30,KBUF20210822_103736_V06,9,0.080,218.03,421.746765,5.737152,-79.23,42.399539,2868.576050,20210822_063736
33,KBUF20210822_103736_V06,9,0.051,299.63,343.180511,26.541935,-78.74,42.754260,13270.967484,20210822_063736
34,KBUF20210822_104617_V06,18,0.273,455.06,405.193848,8.113136,-77.79,42.471234,4056.568146,20210822_064617
39,KBUF20210822_112940_V06,61,0.100,19.77,227.919281,26.790125,-80.46,43.260054,13395.062447,20210822_072940
11,KBUF20210827_102332_V06,-11,0.719,158.60,325.089813,5.909462,-79.60,42.832415,2954.730988,20210827_062332
11,KBUF20210827_103350_V06,-1,0.916,147.72,326.823995,17.867940,-79.67,42.824088,8933.970100,20210827_063350
11,KBUF20210827_104408_V06,10,0.738,142.73,329.579279,23.159685,-79.70,42.811435,11579.842479,20210827_064408
11,KBUF20210827_105022_V06,16,0.535,139.45,332.849011,28.656815,-79.72,42.796550,14328.407547,20210827_065022
11,KBUF20210827_110326_V06,29,0.520,128.99,340.931710,43.225247,-79.78,42.759607,21612.623497,20210827_070326
15,KBUF20210827_103350_V06,-1,0.972,25.26,385.288635,25.027281,-80.41,42.552462,12513.640404,20210827_063350
15,KBUF20210827_104408_V06,10,0.940,31.61,388.413815,34.252872,-80.37,42.538960,17126.435826,20210827_064408
15,KBUF20210827_105022_V06,16,0.894,35.30,393.209761,39.666925,-80.35,42.517697,19833.462419,20210827_065022
15,KBUF20210827_110326_V06,29,0.523,40.34,399.480842,50.029811,-80.32,42.489906,25014.905689,20210827_070326
1,KBUF20210827_101313_V06,-21,0.755,346.93,263.076996,9.849472,-78.45,43.114428,4924.736023,20210827_061313
1,KBUF20210827_102332_V06,-11,0.051,342.87,268.607031,23.503778,-78.47,43.089599,11751.889020,20210827_062332
1,KBUF20210827_103350_V06,-1,-1.000,339.04,273.824046,37.285199,-78.50,43.066171,18642.599395,20210827_063350
1,KBUF20210827_104408_V06,10,0.051,372.00,305.492061,54.920991,-78.30,42.923042,27460.495370,20210827_064408
14,KBUF20210827_102332_V06,-11,0.060,369.66,384.462128,14.610497,-78.31,42.567663,7305.248260,20210827_062332
16,KBUF20210827_103350_V06,-1,0.573,341.56,277.091705,16.182663,-78.48,43.051431,8091.331482,20210827_063350
18,KBUF20210827_103350_V06,-1,0.142,209.40,297.184906,26.706825,-79.29,42.959934,13353.412628,20210827_063350
22,KBUF20210827_103350_V06,-1,0.058,47.24,241.829224,24.189060,-80.29,43.199883,12094.530106,20210827_063350
26,KBUF20210827_110326_V06,29,0.406,67.34,311.743164,26.058918,-80.16,42.886892,13029.459000,20210827_070326
28,KBUF20210827_110326_V06,29,0.079,373.33,383.409332,10.602882,-78.29,42.572316,5301.441193,20210827_070326
34,KBUF20210827_111334_V06,39,0.095,222.80,78.641418,14.724792,-79.22,43.943811,7362.396240,20210827_071334
37,KBUF20210827_112354_V06,49,0.055,148.53,302.302887,13.210075,-79.66,42.934485,6605.037689,20210827_072354
40,KBUF20210827_113412_V06,60,0.109,45.31,243.721924,54.505657,-80.30,43.191205,27252.828598,20210827_073412
13,KBUF20210828_102831_V06,-7,0.120,33.12,382.140137,32.733307,-80.36,42.567322,16366.653442,20210828_062831
13,KBUF20210828_103452_V06,-1,0.819,38.86,384.413023,38.601193,-80.33,42.557587,19300.596302,20210828_063452
13,KBUF20210828_104112_V06,6,0.899,54.29,385.273789,40.712627,-80.23,42.554984,20356.313613,20210828_064112
13,KBUF20210828_104744_V06,12,0.820,64.50,390.020381,45.625668,-80.17,42.534422,22812.833885,20210828_064744
13,KBUF20210828_110026_V06,25,0.557,74.74,395.974753,57.063773,-80.11,42.508392,28531.886557,20210828_070026
13,KBUF20210828_110657_V06,31,0.413,72.34,392.373906,69.694669,-80.12,42.524420,34847.334662,20210828_070657
9,KBUF20210828_102210_V06,-13,0.504,436.41,284.752655,7.212967,-77.90,43.014179,3606.483459,20210828_062210
9,KBUF20210828_102831_V06,-7,0.773,432.87,283.917206,18.628234,-77.92,43.018096,9314.116898,20210828_062831
9,KBUF20210828_103452_V06,-1,0.860,432.09,282.570850,24.534299,-77.93,43.024189,12267.149372,20210828_063452
9,KBUF20210828_104112_V06,6,0.612,432.75,274.416341,24.964883,-77.92,43.060859,12482.441284,20210828_064112
9,KBUF20210828_104744_V06,12,0.053,435.83,272.178622,28.100498,-77.90,43.070793,14050.248842,20210828_064744
15,KBUF20210828_103452_V06,-1,0.092,162.45,442.610321,22.363205,-79.57,42.303657,11181.602478,20210828_063452
15,KBUF20210828_104112_V06,6,0.057,161.03,439.737845,29.263027,-79.58,42.316523,14631.513687,20210828_064112
19,KBUF20210828_104112_V06,6,0.216,155.81,341.136993,27.803139,-79.62,42.760063,13901.569366,20210828_064112
19,KBUF20210828_104744_V06,12,0.214,155.23,344.096032,36.229927,-79.62,42.746719,18114.963260,20210828_064744
19,KBUF20210828_110026_V06,25,0.300,186.46,348.196594,14.878944,-79.43,42.729580,7439.472198,20210828_070026
2,KBUF20210828_100917_V06,-26,0.202,269.16,403.273132,63.581425,-78.92,42.483627,31790.712357,20210828_060917
2,KBUF20210828_101549_V06,-20,0.069,281.63,419.859406,44.387642,-78.85,42.409068,22193.820953,20210828_061549
11,KBUF20210828_102210_V06,-13,0.050,229.62,280.328369,11.250809,-79.17,43.036333,5625.404358,20210828_062210
25,KBUF20210828_104112_V06,6,0.051,210.91,290.045135,55.291615,-79.28,42.992112,27645.807266,20210828_064112
26,KBUF20210828_104744_V06,12,0.129,232.69,424.424438,18.903587,-79.15,42.387841,9451.793671,20210828_064744
31,KBUF20210828_115132_V06,76,0.080,48.58,375.592133,68.911606,-80.27,42.598091,34455.802917,20210828_075132
9,KBUF20210831_102634_V06,-12,0.722,26.49,386.368042,23.566067,-80.40,42.547714,11783.033371,20210831_062634
9,KBUF20210831_103515_V06,-3,0.828,37.88,386.589207,28.481973,-80.33,42.547710,14240.986310,20210831_063515
9,KBUF20210831_104355_V06,5,0.854,48.61,391.256004,38.009181,-80.27,42.527605,19004.590355,20210831_064355
9,KBUF20210831_105235_V06,14,0.835,51.62,398.031028,48.945127,-80.25,42.497361,24472.563289,20210831_065235
9,KBUF20210831_110330_V06,25,0.098,68.55,413.513860,70.256384,-80.14,42.429003,35128.192003,20210831_070330
14,KBUF20210831_102634_V06,-12,0.272,442.16,290.133331,13.357315,-77.87,42.989701,6678.657532,20210831_062634
14,KBUF20210831_103515_V06,-3,0.959,448.69,295.896022,22.556661,-77.83,42.963455,11278.330597,20210831_063515
14,KBUF20210831_104355_V06,5,0.960,453.45,301.384729,28.722402,-77.80,42.938518,14361.200753,20210831_064355
14,KBUF20210831_105235_V06,14,0.894,460.34,304.641731,34.066721,-77.75,42.923506,17033.360684,20210831_065235
12,KBUF20210831_102634_V06,-12,0.383,167.46,328.173523,8.677032,-79.55,42.818934,4338.516235,20210831_062634
12,KBUF20210831_103515_V06,-3,0.061,168.87,332.429636,17.849905,-79.54,42.799839,8924.952318,20210831_063515
12,KBUF20210831_104355_V06,5,0.197,170.20,344.189719,22.021199,-79.53,42.746968,11010.599322,20210831_064355
22,KBUF20210831_103515_V06,-3,0.394,247.81,308.986664,21.839539,-79.06,42.907717,10919.769287,20210831_063515
22,KBUF20210831_104355_V06,5,0.538,247.85,308.484596,31.117183,-79.06,42.909977,15558.591419,20210831_064355
22,KBUF20210831_105235_V06,14,0.064,243.88,312.925187,33.760402,-79.08,42.889920,16880.200983,20210831_065235
23,KBUF20210831_103515_V06,-3,0.181,146.10,432.314026,8.864182,-79.67,42.349230,4432.090759,20210831_063515
23,KBUF20210831_104355_V06,5,0.677,148.61,435.751907,15.816536,-79.66,42.333880,7908.267834,20210831_064355
23,KBUF20210831_105235_V06,14,0.054,121.21,441.198561,21.448805,-79.82,42.307903,10724.402360,20210831_065235
60,KBUF20210831_112313_V06,45,0.076,442.38,303.705353,19.432785,-77.86,42.928611,9716.392517,20210831_072313
60,KBUF20210831_113153_V06,53,0.719,442.05,298.575736,23.148188,-77.87,42.951712,11574.094103,20210831_073153
60,KBUF20210831_114034_V06,62,0.234,445.82,299.639522,23.043287,-77.84,42.946746,11521.643580,20210831_074034
1,KBUF20210831_100914_V06,-29,0.437,349.61,288.545990,25.795410,-78.43,42.999758,12897.705078,20210831_060914
1,KBUF20210831_101754_V06,-21,0.377,343.64,287.743853,33.206710,-78.47,43.003459,16603.354789,20210831_061754
72,KBUF20210831_114915_V06,71,0.108,354.82,275.994537,4.437775,-78.40,43.056159,2218.887329,20210831_074915
72,KBUF20210831_120636_V06,88,0.088,367.50,318.211750,20.138938,-78.32,42.865897,10069.469204,20210831_080636
5,KBUF20210831_101754_V06,-21,0.498,368.66,384.813599,15.886055,-78.32,42.566103,7943.027496,20210831_061754
5,KBUF20210831_102634_V06,-12,0.498,376.54,387.882019,7.473145,-78.27,42.552106,3736.572266,20210831_062634
18,KBUF20210831_102634_V06,-12,0.062,242.63,364.628174,17.613590,-79.09,42.657189,8806.795120,20210831_062634
21,KBUF20210831_102634_V06,-12,0.051,35.02,440.144897,45.252583,-80.34,42.306462,22626.291275,20210831_062634
21,KBUF20210831_103515_V06,-3,0.065,66.18,409.871643,15.336640,-80.16,42.445214,7668.320179,20210831_063515
25,KBUF20210831_103515_V06,-3,0.077,420.38,315.266998,19.908432,-78.00,42.877524,9954.216003,20210831_063515
36,KBUF20210831_104355_V06,5,0.147,344.83,272.963928,14.814621,-78.46,43.069962,7407.310486,20210831_064355
39,KBUF20210831_104355_V06,5,0.058,368.17,345.937958,15.905579,-78.32,42.741091,7952.789307,20210831_064355
42,KBUF20210831_105235_V06,14,0.116,98.69,309.261261,13.643467,-79.97,42.900289,6821.733475,20210831_065235
44,KBUF20210831_105235_V06,14,0.079,281.41,375.013123,15.107239,-78.85,42.610926,7553.619385,20210831_065235
47,KBUF20210831_110330_V06,25,0.055,168.14,307.565918,9.986427,-79.54,42.911709,4993.213654,20210831_070330
51,KBUF20210831_110905_V06,31,0.158,258.17,411.868317,5.171612,-78.99,42.444809,2585.805893,20210831_070905
62,KBUF20210831_114034_V06,62,0.360,223.03,420.375183,7.606918,-79.20,42.405842,3803.459167,20210831_074034
67,KBUF20210831_114034_V06,62,0.081,302.55,368.744507,18.170395,-78.72,42.639196,9085.197449,20210831_074034
7,KBUF20210903_103855_V06,-3,0.799,25.12,385.866394,21.031343,-80.41,42.549850,10515.671730,20210903_063855
7,KBUF20210903_104737_V06,6,0.953,29.39,398.012747,30.381123,-80.38,42.495571,15190.561721,20210903_064737
7,KBUF20210903_110459_V06,23,0.919,40.26,419.452829,48.634403,-80.31,42.400024,24317.201333,20210903_070459
7,KBUF20210903_111340_V06,32,0.711,43.19,419.723958,52.715225,-80.30,42.399049,26357.612440,20210903_071340
7,KBUF20210903_112221_V06,41,0.399,45.13,419.655760,56.083640,-80.28,42.399516,28041.820171,20210903_072221
5,KBUF20210903_102156_V06,-20,0.063,350.82,261.230225,2.695633,-78.42,43.122677,1347.816467,20210903_062156
5,KBUF20210903_103029_V06,-11,-1.000,350.82,261.230225,17.005633,-78.42,43.122677,8502.816467,20210903_063029
5,KBUF20210903_103855_V06,-3,-1.000,350.82,261.230225,29.725633,-78.42,43.122677,14862.816467,20210903_063855
5,KBUF20210903_104737_V06,6,0.134,358.23,270.224829,28.262245,-78.38,43.082063,14131.122307,20210903_064737
6,KBUF20210903_103029_V06,-11,0.085,375.49,385.714569,9.674232,-78.28,42.561888,4837.116241,20210903_063029
8,KBUF20210903_103855_V06,-3,0.152,437.15,274.054535,4.980774,-77.90,43.062292,2490.386963,20210903_063855
11,KBUF20210903_111340_V06,32,0.052,247.89,264.011749,10.029778,-79.06,43.110136,5014.888763,20210903_071340
12,KBUF20210903_112221_V06,41,0.052,212.35,423.396118,6.612694,-79.27,42.391959,3306.346893,20210903_072221
13,KBUF20210903_113101_V06,50,0.051,364.17,212.022736,15.970642,-78.34,43.343882,7985.321045,20210903_073101
14,KBUF20210903_113942_V06,58,0.230,278.31,368.755157,17.496262,-78.87,42.639073,8748.130798,20210903_073942
15,KBUF20210903_113942_V06,58,0.156,375.20,386.513336,10.850403,-78.28,42.558300,5425.201416,20210903_073942
16,KBUF20210903_114815_V06,67,0.067,374.92,185.220886,21.616699,-78.27,43.464252,10808.349609,20210903_074815
3,KBUF20210906_104150_V06,-4,0.582,49.14,369.209686,13.218435,-80.27,42.626858,6609.217644,20210906_064150
3,KBUF20210906_104759_V06,2,0.609,53.98,369.699764,23.479595,-80.24,42.625044,11739.797276,20210906_064759
3,KBUF20210906_105356_V06,8,0.876,70.23,377.502045,36.778769,-80.14,42.591191,18389.384276,20210906_065356
3,KBUF20210906_110523_V06,20,0.376,89.25,373.487976,46.996157,-80.02,42.610618,23498.078284,20210906_070523
3,KBUF20210906_111055_V06,25,0.178,96.59,378.170629,56.512608,-79.98,42.590039,28256.304202,20210906_071055
1,KBUF20210906_101716_V06,-28,0.070,287.93,382.900085,4.836967,-78.81,42.575459,2418.483734,20210906_061716
1,KBUF20210906_102324_V06,-22,0.053,289.65,380.702176,13.507262,-78.80,42.585358,6753.630787,20210906_062324
8,KBUF20210906_111639_V06,31,0.085,272.55,369.883118,11.052261,-78.90,42.633950,5526.130676,20210906_071639
12,KBUF20210906_112712_V06,42,0.079,160.05,314.236877,17.868767,-79.59,42.881326,8934.383392,20210906_072712
16,KBUF20210906_113825_V06,53,0.290,291.35,367.933105,9.887794,-78.79,42.642837,4943.897247,20210906_073825
12,KBUF20210907_104729_V06,1,0.225,168.91,320.030823,8.433449,-79.54,42.855643,4216.724396,20210907_064729
12,KBUF20210907_110129_V06,15,0.431,168.63,319.285454,17.011381,-79.54,42.858986,8505.690436,20210907_070129
12,KBUF20210907_110704_V06,21,0.299,168.98,315.272335,17.264862,-79.54,42.877062,8632.431194,20210907_070704
12,KBUF20210907_111239_V06,26,0.624,168.76,309.760768,19.117092,-79.54,42.901858,9558.546216,20210907_071239
12,KBUF20210907_111814_V06,32,0.571,169.36,307.490612,20.668356,-79.54,42.912100,10334.178107,20210907_071814
12,KBUF20210907_112339_V06,37,0.363,162.80,310.669830,15.573044,-79.58,42.897504,7786.521912,20210907_072339
1,KBUF20210907_102135_V06,-25,0.417,350.37,259.696625,6.379440,-78.43,43.129586,3189.720154,20210907_062135
1,KBUF20210907_103016_V06,-16,0.755,354.31,260.440403,15.330878,-78.40,43.126171,7665.439089,20210907_063016
1,KBUF20210907_103856_V06,-8,0.205,359.16,257.774141,22.152629,-78.37,43.138080,11076.314328,20210907_063856
1,KBUF20210907_104729_V06,1,0.134,363.02,247.260538,26.015242,-78.35,43.185319,13007.621208,20210907_064729
6,KBUF20210907_103856_V06,-8,0.518,36.36,374.566284,23.744373,-80.34,42.601683,11872.186661,20210907_063856
6,KBUF20210907_104729_V06,1,0.870,41.65,373.899159,33.635859,-80.31,42.605134,16817.929394,20210907_064729
6,KBUF20210907_110129_V06,15,0.745,51.29,375.971662,51.055946,-80.25,42.596603,25527.973247,20210907_070129
6,KBUF20210907_110704_V06,21,0.112,53.95,373.109216,58.341209,-80.24,42.609699,29170.604483,20210907_070704
19,KBUF20210907_111814_V06,32,0.068,32.30,438.266418,41.357117,-80.36,42.314681,20678.558350,20210907_071814
19,KBUF20210907_112339_V06,37,0.181,32.74,438.099132,47.531607,-80.36,42.315472,23765.803455,20210907_072339
3,KBUF20210907_102135_V06,-25,0.146,376.19,390.532776,7.599373,-78.27,42.540184,3799.686432,20210907_062135
3,KBUF20210907_103016_V06,-16,-1.000,376.19,390.532776,21.909373,-78.27,42.540184,10954.686432,20210907_063016
3,KBUF20210907_103856_V06,-8,0.067,376.14,390.270325,7.229553,-78.27,42.541366,3614.776611,20210907_063856
7,KBUF20210907_103856_V06,-8,0.080,340.41,64.693359,15.327026,-78.49,44.007302,7663.513184,20210907_063856
9,KBUF20210907_103856_V06,-8,0.066,36.07,434.051605,49.709145,-80.34,42.333972,24854.572296,20210907_063856
11,KBUF20210907_104729_V06,1,0.345,434.29,327.250275,6.052414,-77.92,42.823013,3026.206970,20210907_064729
16,KBUF20210907_110129_V06,15,0.211,233.58,425.396790,24.521828,-79.14,42.383484,12260.913849,20210907_070129
21,KBUF20210907_112339_V06,37,0.101,412.72,221.549316,37.634705,-78.04,43.299589,18817.352295,20210907_072339
22,KBUF20210907_112905_V06,43,0.098,226.85,431.712280,30.247513,-79.18,42.354905,15123.756409,20210907_072905
22,KBUF20210907_113432_V06,48,-1.000,226.85,431.712280,38.197513,-79.18,42.354905,19098.756409,20210907_073432
22,KBUF20210907_113958_V06,53,0.113,241.46,419.611145,15.489662,-79.09,42.409685,7744.831085,20210907_073958
24,KBUF20210907_113958_V06,53,0.084,376.42,391.388245,5.387032,-78.27,42.536328,2693.515778,20210907_073958
1,KBUF20210911_104136_V06,-9,0.153,426.00,251.144348,12.470322,-77.96,43.165879,6235.160828,20210911_064136
1,KBUF20210911_104808_V06,-2,-1.000,426.00,251.144348,23.600322,-77.96,43.165879,11800.160828,20210911_064808
1,KBUF20210911_110112_V06,11,0.089,407.61,227.807386,23.096059,-78.07,43.271612,11548.029401,20210911_070112
1,KBUF20210911_110955_V06,19,0.603,410.30,231.255434,33.791678,-78.06,43.255998,16895.839115,20210911_070955
1,KBUF20210911_111626_V06,26,0.514,415.82,235.486472,41.012395,-78.02,43.236750,20506.197626,20210911_071626
1,KBUF20210911_112258_V06,32,0.819,416.98,233.951725,42.858297,-78.02,43.243613,21429.148452,20210911_072258
1,KBUF20210911_112930_V06,39,0.815,420.71,230.986579,43.175696,-77.99,43.256810,21587.847881,20210911_072930
1,KBUF20210911_113602_V06,46,0.700,425.79,232.924656,45.513146,-77.96,43.247882,22756.573174,20210911_073602
1,KBUF20210911_114234_V06,52,0.144,427.23,229.983389,46.006813,-77.95,43.261058,23003.406319,20210911_074234
4,KBUF20210911_104808_V06,-2,0.873,39.02,382.119720,33.334129,-80.33,42.567920,16667.064667,20210911_064808
4,KBUF20210911_110112_V06,11,0.877,68.53,378.432941,37.744712,-80.15,42.586874,18872.356057,20210911_070112
4,KBUF20210911_110955_V06,19,0.569,82.09,383.989331,46.183883,-80.06,42.562860,23091.941537,20210911_070955
4,KBUF20210911_111626_V06,26,0.609,92.34,391.731334,46.577979,-80.00,42.528727,23288.989266,20210911_071626
4,KBUF20210911_112258_V06,32,0.116,95.29,392.920226,52.371864,-79.98,42.523574,26185.932089,20210911_072258
9,KBUF20210911_110112_V06,11,0.087,174.07,320.178986,7.640007,-79.51,42.855193,3820.003510,20210911_070112
9,KBUF20210911_110955_V06,19,-1.000,174.07,320.178986,20.360007,-79.51,42.855193,10180.003510,20210911_070955
9,KBUF20210911_111626_V06,26,0.094,167.83,307.927018,23.011931,-79.55,42.910070,11505.965341,20210911_071626
12,KBUF20210911_111626_V06,26,0.171,225.60,444.274231,8.653748,-79.19,42.298331,4326.873779,20210911_071626
12,KBUF20210911_112258_V06,32,-1.000,225.60,444.274231,18.193748,-79.19,42.298331,9096.873779,20210911_072258
12,KBUF20210911_112930_V06,39,0.056,238.12,426.688277,18.962934,-79.11,42.377765,9481.467198,20210911_072930
2,KBUF20210911_104136_V06,-9,0.081,239.85,427.325684,21.683578,-79.10,42.374930,10841.789246,20210911_064136
5,KBUF20210911_104808_V06,-2,0.266,348.52,408.869873,6.001144,-78.44,42.458207,3000.572205,20210911_064808
6,KBUF20210911_104808_V06,-2,0.130,35.81,430.018738,43.336773,-80.34,42.352099,21668.386459,20210911_064808
11,KBUF20210911_110955_V06,19,0.181,283.87,371.277008,12.420334,-78.84,42.627756,6210.166931,20210911_070955
14,KBUF20210911_111626_V06,26,0.130,239.99,421.908875,17.119747,-79.10,42.399315,8559.873581,20210911_071626
19,KBUF20210911_114906_V06,59,0.065,224.98,448.718933,8.644188,-79.19,42.278310,4322.093964,20210911_074906
3,KBUF20210912_104629_V06,-5,0.153,280.76,365.869507,14.159645,-78.85,42.652078,7079.822540,20210912_064629
3,KBUF20210912_110612_V06,15,0.051,251.77,308.168590,29.092933,-79.03,42.911464,14546.466343,20210912_070612
1,KBUF20210912_102653_V06,-25,0.060,349.41,353.520691,26.949596,-78.44,42.707322,13474.798203,20210912_062653
2,KBUF20210912_103642_V06,-15,0.175,180.56,129.280731,15.589806,-79.48,43.714549,7794.902802,20210912_063642
9,KBUF20210912_110612_V06,15,0.065,196.55,216.069580,13.409126,-79.37,43.324581,6704.563141,20210912_070612
14,KBUF20210912_111818_V06,27,0.125,361.25,158.972260,13.438843,-78.36,43.582686,6719.421387,20210912_071818
15,KBUF20210912_111818_V06,27,0.089,96.38,372.526520,37.136810,-79.98,42.615426,18568.405151,20210912_071818
16,KBUF20210912_111818_V06,27,0.063,174.23,79.527039,20.521873,-79.52,43.938173,10260.936737,20210912_071818
20,KBUF20210912_113516_V06,44,0.053,58.03,428.940430,51.298817,-80.21,42.358771,25649.408340,20210912_073516
23,KBUF20210912_114856_V06,57,0.057,370.54,339.627411,16.281857,-78.31,42.769440,8140.928268,20210912_074856
24,KBUF20210912_120235_V06,71,0.311,302.13,360.767334,23.136707,-78.72,42.675102,11568.353653,20210912_080235
