track_id,filename,from_sunrise,det_score,x,y,r,lon,lat,radius,local_time
1,KOHX20170808_103132_V06,-27,0.895,307.49,150.585907,7.913208,-86.52,36.920432,3956.604004,20170808_053132
1,KOHX20170808_103611_V06,-22,0.962,306.84,151.480439,11.015762,-86.52,36.916403,5507.880952,20170808_053611
1,KOHX20170808_104051_V06,-18,0.967,303.99,153.370228,15.067782,-86.54,36.907892,7533.891166,20170808_054051
1,KOHX20170808_104532_V06,-13,0.949,303.56,155.893013,20.733376,-86.54,36.896527,10366.688241,20170808_054532
1,KOHX20170808_105011_V06,-8,0.855,301.04,160.855339,26.870362,-86.56,36.874170,13435.181184,20170808_055011
1,KOHX20170808_105452_V06,-4,0.881,301.99,159.166978,29.020570,-86.55,36.881777,14510.284870,20170808_055452
1,KOHX20170808_105934_V06,1,0.875,303.78,162.501451,33.630957,-86.54,36.866752,16815.478698,20170808_055934
1,KOHX20170808_110415_V06,6,0.835,306.96,165.817455,39.021343,-86.52,36.851807,19510.671292,20170808_060415
1,KOHX20170808_110857_V06,10,0.861,307.98,166.580162,44.844457,-86.52,36.848369,22422.228556,20170808_060857
1,KOHX20170808_111339_V06,15,0.826,311.29,175.252236,53.810246,-86.50,36.809288,26905.122875,20170808_061339
1,KOHX20170808_111820_V06,20,0.844,309.35,171.843267,54.220320,-86.51,36.824653,27110.159834,20170808_061820
1,KOHX20170808_112300_V06,25,0.854,307.92,171.562652,57.000106,-86.52,36.825920,28500.052762,20170808_062300
1,KOHX20170808_112741_V06,29,0.812,307.87,171.591034,58.764130,-86.52,36.825792,29382.064960,20170808_062741
1,KOHX20170808_113224_V06,34,0.593,312.60,164.270947,58.268362,-86.49,36.858761,29134.180884,20170808_063224
1,KOHX20170808_113706_V06,39,0.149,311.56,161.271418,59.895374,-86.50,36.872278,29947.686993,20170808_063706
36,KOHX20170808_110857_V06,10,0.846,382.09,539.721069,29.285168,-86.11,35.166091,14642.583847,20170808_060857
36,KOHX20170808_111339_V06,15,0.909,383.99,539.485447,35.731597,-86.10,35.167113,17865.798317,20170808_061339
36,KOHX20170808_111820_V06,20,0.833,385.28,543.071271,42.167788,-86.09,35.150925,21083.894111,20170808_061820
36,KOHX20170808_112300_V06,25,0.880,386.49,545.987368,49.260548,-86.09,35.137757,24630.274015,20170808_062300
36,KOHX20170808_112741_V06,29,0.880,381.51,545.985973,51.872423,-86.12,35.137869,25936.211446,20170808_062741
36,KOHX20170808_113224_V06,34,0.851,380.47,544.105784,56.837505,-86.12,35.146364,28418.752595,20170808_063224
36,KOHX20170808_113706_V06,39,0.795,378.09,540.863890,59.475353,-86.13,35.161022,29737.676310,20170808_063706
36,KOHX20170808_114149_V06,43,0.315,374.08,536.679868,60.365576,-86.16,35.179955,30182.787850,20170808_064149
36,KOHX20170808_114628_V06,48,-1.000,369.77,532.023295,61.954725,-86.18,35.201020,30977.362339,20170808_064628
36,KOHX20170808_115109_V06,53,0.443,352.02,529.397933,56.187205,-86.28,35.213125,28093.602397,20170808_065109
36,KOHX20170808_115549_V06,57,0.190,349.13,525.831566,55.968954,-86.29,35.229235,27984.476916,20170808_065549
2,KOHX20170808_103132_V06,-27,0.326,253.83,314.891144,6.045883,-86.82,36.179845,3022.941589,20170808_053132
2,KOHX20170808_103611_V06,-22,0.848,250.61,315.756922,10.169962,-86.84,36.175904,5084.980938,20170808_053611
2,KOHX20170808_104051_V06,-18,0.169,247.91,317.499464,15.052674,-86.85,36.168017,7526.336962,20170808_054051
2,KOHX20170808_104532_V06,-13,0.681,241.47,323.764542,18.089204,-86.89,36.139694,9044.602041,20170808_054532
2,KOHX20170808_105011_V06,-8,-1.000,235.99,328.721548,21.972102,-86.92,36.117271,10986.050836,20170808_055011
2,KOHX20170808_105452_V06,-4,-1.000,231.61,332.687152,25.078420,-86.94,36.099327,12539.209872,20170808_055452
2,KOHX20170808_105934_V06,1,0.780,246.10,326.212345,26.229991,-86.86,36.128732,13114.995526,20170808_055934
2,KOHX20170808_110415_V06,6,0.087,242.49,328.024165,29.656957,-86.88,36.120516,14828.478557,20170808_060415
41,KOHX20170808_111339_V06,15,0.052,33.80,338.126831,44.620514,-88.04,36.066286,22310.256958,20170808_061339
41,KOHX20170808_111820_V06,20,0.275,31.81,334.159283,49.153633,-88.05,36.084025,24576.816585,20170808_061820
41,KOHX20170808_112300_V06,25,0.065,34.41,336.981239,53.802562,-88.04,36.071490,26901.280923,20170808_062300
41,KOHX20170808_112741_V06,29,-1.000,35.76,338.200678,57.615753,-88.03,36.066088,28807.876544,20170808_062741
41,KOHX20170808_113224_V06,34,0.120,32.95,336.403287,54.899175,-88.04,36.073993,27449.587379,20170808_063224
40,KOHX20170808_111339_V06,15,0.098,13.21,288.489441,16.655960,-88.16,36.288438,8327.980042,20170808_061339
40,KOHX20170808_111820_V06,20,0.068,13.52,287.335203,22.343017,-88.16,36.293661,11171.508451,20170808_061820
40,KOHX20170808_112300_V06,25,0.110,16.43,290.750945,24.738291,-88.14,36.278488,12369.145311,20170808_062300
40,KOHX20170808_112741_V06,29,-1.000,18.29,292.706632,27.321168,-88.13,36.269814,13660.583981,20170808_062741
40,KOHX20170808_113224_V06,34,-1.000,20.61,295.151241,30.549765,-88.12,36.258969,15274.882318,20170808_063224
40,KOHX20170808_113706_V06,39,0.295,25.54,308.736787,36.709017,-88.09,36.198118,18354.508516,20170808_063706
18,KOHX20170808_105011_V06,-8,0.053,238.62,366.160400,2.687332,-86.90,35.948611,1343.666077,20170808_055011
18,KOHX20170808_105452_V06,-4,0.244,238.06,366.547126,7.856149,-86.91,35.946859,3928.074578,20170808_055452
18,KOHX20170808_105934_V06,1,0.074,236.28,368.726617,11.649765,-86.92,35.937009,5824.882554,20170808_055934
9,KOHX20170808_104532_V06,-13,0.167,364.09,279.907104,7.735458,-86.21,36.337225,3867.729187,20170808_054532
9,KOHX20170808_105011_V06,-8,0.140,363.34,280.538830,13.984479,-86.21,36.334391,6992.239673,20170808_055011
9,KOHX20170808_105452_V06,-4,-1.000,362.87,280.946395,19.247074,-86.21,36.332563,9623.536761,20170808_055452
9,KOHX20170808_105934_V06,1,-1.000,362.27,281.455851,25.825316,-86.22,36.330277,12912.658121,20170808_055934
9,KOHX20170808_110415_V06,6,0.081,364.88,289.895479,25.768990,-86.20,36.292206,12884.494798,20170808_060415
21,KOHX20170808_105452_V06,-4,0.258,346.42,123.714813,8.649841,-86.30,37.041222,4324.920654,20170808_055452
21,KOHX20170808_105934_V06,1,0.252,347.17,123.765927,14.408922,-86.30,37.040982,7204.460962,20170808_055934
21,KOHX20170808_110415_V06,6,0.111,345.18,127.624384,18.521739,-86.31,37.023623,9260.869510,20170808_060415
32,KOHX20170808_110415_V06,6,0.089,294.14,62.893250,37.888336,-86.60,37.315518,18944.168091,20170808_060415
32,KOHX20170808_110857_V06,10,0.091,294.78,63.060120,43.485982,-86.59,37.314768,21742.991036,20170808_060857
32,KOHX20170808_111339_V06,15,0.058,299.47,64.734033,44.952275,-86.57,37.307230,22476.137363,20170808_061339
8,KOHX20170808_104532_V06,-13,0.362,412.88,193.660461,11.591293,-85.93,36.724701,5795.646667,20170808_054532
8,KOHX20170808_105011_V06,-8,0.184,412.40,196.533097,18.473072,-85.93,36.711772,9236.536186,20170808_055011
16,KOHX20170808_105011_V06,-8,0.101,388.53,284.586273,5.744751,-86.07,36.315659,2872.375488,20170808_055011
16,KOHX20170808_105452_V06,-4,-1.000,388.53,284.586273,12.104751,-86.07,36.315659,6052.375488,20170808_055452
16,KOHX20170808_105934_V06,1,0.130,381.62,289.222609,16.790032,-86.11,36.294920,8395.015838,20170808_055934
29,KOHX20170808_110415_V06,6,0.458,398.49,286.959991,13.371643,-86.01,36.304722,6685.821533,20170808_060415
29,KOHX20170808_110857_V06,10,0.052,398.63,287.613816,18.834362,-86.01,36.301772,9417.181129,20170808_060857
37,KOHX20170808_110857_V06,10,0.382,132.83,63.085999,24.356102,-87.51,37.310960,12178.050995,20170808_060857
37,KOHX20170808_111339_V06,15,0.106,133.63,62.374843,30.147170,-87.50,37.314199,15073.584897,20170808_061339
37,KOHX20170808_111820_V06,20,0.093,134.49,63.131409,26.679497,-87.50,37.310828,13339.748383,20170808_061820
48,KOHX20170808_115109_V06,53,0.165,270.73,161.872284,22.064281,-86.73,36.869476,11032.140732,20170808_065109
48,KOHX20170808_115549_V06,57,0.065,269.82,161.982276,27.978596,-86.73,36.868974,13989.297960,20170808_065549
46,KOHX20170808_114628_V06,48,0.334,362.29,526.529175,52.101097,-86.22,35.225905,26050.548553,20170808_064628
46,KOHX20170808_115109_V06,53,-1.000,362.29,526.529175,60.051097,-86.22,35.225905,30025.548553,20170808_065109
46,KOHX20170808_115549_V06,57,-1.000,362.29,526.529175,66.411097,-86.22,35.225905,33205.548553,20170808_065549
46,KOHX20170808_120029_V06,62,0.072,373.12,527.765524,68.720042,-86.16,35.220148,34360.021201,20170808_070029
11,KOHX20170808_104532_V06,-13,0.098,398.41,182.203217,5.471039,-86.01,36.776720,2735.519409,20170808_054532
14,KOHX20170808_105011_V06,-8,0.526,400.89,285.230225,6.920639,-86.00,36.312454,3460.319519,20170808_055011
24,KOHX20170808_105452_V06,-4,0.053,316.59,383.518341,2.394012,-86.47,35.870841,1197.006226,20170808_055452
26,KOHX20170808_105934_V06,1,0.168,414.34,128.917755,19.204712,-85.92,37.016346,9602.355957,20170808_055934
26,KOHX20170808_110415_V06,6,0.084,417.74,127.992615,16.157791,-85.90,37.020410,8078.895569,20170808_060415
27,KOHX20170808_105934_V06,1,0.075,127.46,76.638123,27.184612,-87.53,37.249668,13592.306137,20170808_055934
38,KOHX20170808_110857_V06,10,0.061,36.01,343.611206,51.058350,-88.03,36.041729,25529.174805,20170808_060857
43,KOHX20170808_112300_V06,25,0.054,251.69,344.568604,11.814812,-86.83,36.046091,5907.405853,20170808_062300
49,KOHX20170808_115109_V06,53,0.086,242.30,347.050323,21.517185,-86.88,36.034780,10758.592606,20170808_065109
