track_id,filename,from_sunrise,det_score,x,y,r,lon,lat,radius,local_time
6,KAKQ20150921_105805_V06,4,0.904,474.18,392.781891,18.709442,-76.03,36.561858,9354.721069,20150921_065805
6,KAKQ20150921_110300_V06,9,0.901,472.82,394.660489,25.151715,-76.04,36.553456,12575.857666,20150921_070300
6,KAKQ20150921_110755_V06,13,0.890,471.85,399.262008,28.122585,-76.05,36.532769,14061.292473,20150921_070755
6,KAKQ20150921_111251_V06,18,0.531,469.72,397.391026,27.881426,-76.06,36.541294,13940.713028,20150921_071251
6,KAKQ20150921_111953_V06,25,0.101,474.39,396.961158,27.763795,-76.03,36.543019,13881.897730,20150921_071953
6,KAKQ20150921_112449_V06,30,0.798,477.72,396.159002,27.843846,-76.02,36.546479,13921.922965,20150921_072449
6,KAKQ20150921_112946_V06,35,0.577,474.25,392.640606,26.355917,-76.03,36.562491,13177.958712,20150921_072946
6,KAKQ20150921_113440_V06,40,0.088,470.84,388.486981,26.747870,-76.05,36.581360,13373.934774,20150921_073440
1,KAKQ20150921_104320_V06,-11,0.263,322.20,177.235687,2.502533,-76.88,37.536903,1251.266479,20150921_064320
1,KAKQ20150921_104814_V06,-6,0.984,319.00,178.461016,7.047936,-76.90,37.531401,3523.967844,20150921_064814
1,KAKQ20150921_105309_V06,-1,0.980,312.80,180.865866,11.438062,-76.94,37.520593,5719.031160,20150921_065309
1,KAKQ20150921_105805_V06,4,0.975,308.55,182.289185,16.889557,-76.96,37.514194,8444.778581,20150921_065805
1,KAKQ20150921_110300_V06,9,0.948,303.35,184.039977,21.265064,-76.99,37.506315,10632.532213,20150921_070300
1,KAKQ20150921_110755_V06,13,0.166,300.39,183.933935,25.296674,-77.01,37.506794,12648.336909,20150921_070755
12,KAKQ20150921_110300_V06,9,0.056,334.33,189.050873,9.668289,-76.81,37.483584,4834.144592,20150921_070300
12,KAKQ20150921_110755_V06,13,-1.000,334.33,189.050873,16.028289,-76.81,37.483584,8014.144592,20150921_070755
12,KAKQ20150921_111251_V06,18,-1.000,334.33,189.050873,23.978289,-76.81,37.483584,11989.144592,20150921_071251
12,KAKQ20150921_111953_V06,25,0.087,322.44,203.314168,23.222406,-76.88,37.419417,11611.203180,20150921_071953
12,KAKQ20150921_112449_V06,30,0.263,310.48,201.727190,27.691524,-76.95,37.426619,13845.762215,20150921_072449
12,KAKQ20150921_112946_V06,35,0.201,301.75,205.634421,33.634486,-77.00,37.409031,16817.243059,20150921_072946
12,KAKQ20150921_113440_V06,40,0.139,294.95,205.105533,37.733507,-77.04,37.411411,18866.753663,20150921_073440
7,KAKQ20150921_105805_V06,4,0.377,215.63,467.187012,13.161806,-77.48,36.229663,6580.903053,20150921_065805
7,KAKQ20150921_110300_V06,9,0.077,215.39,466.787370,19.118322,-77.48,36.231458,9559.160813,20150921_070300
21,KAKQ20150921_120410_V06,70,0.215,319.88,233.244965,11.728043,-76.90,37.284589,5864.021301,20150921_080410
21,KAKQ20150921_120906_V06,75,0.329,320.05,234.511824,17.063599,-76.89,37.278881,8531.799257,20150921_080906
21,KAKQ20150921_121401_V06,80,0.494,318.55,239.748932,14.183731,-76.90,37.255294,7091.865540,20150921_081401
21,KAKQ20150921_121855_V06,84,0.255,318.36,239.882255,19.190543,-76.90,37.254695,9595.271280,20150921_081855
2,KAKQ20150921_104320_V06,-11,0.147,315.17,361.211914,2.702698,-76.92,36.708068,1351.348877,20150921_064320
20,KAKQ20150921_115419_V06,60,0.071,303.71,209.505920,34.832001,-76.99,37.391588,17416.000366,20150921_075419
10,KAKQ20150922_105632_V06,1,0.065,229.51,247.344208,2.901649,-77.40,37.220459,1450.824738,20150922_065632
10,KAKQ20150922_110615_V06,11,0.105,228.64,249.499279,10.551731,-77.41,37.210733,5275.865680,20150922_070615
10,KAKQ20150922_111557_V06,20,0.056,216.27,251.265385,16.514996,-77.48,37.202520,8257.498231,20150922_071557
10,KAKQ20150922_112541_V06,30,-1.000,204.63,253.239314,23.385129,-77.54,37.193350,11692.564270,20150922_072541
10,KAKQ20150922_113247_V06,37,0.158,198.54,227.535416,39.290091,-77.58,37.308988,19645.045304,20150922_073247
10,KAKQ20150922_113743_V06,42,0.122,193.63,226.895321,43.930762,-77.61,37.311735,21965.381142,20150922_073743
10,KAKQ20150922_114237_V06,47,0.212,191.86,231.245736,46.529687,-77.62,37.292086,23264.843582,20150922_074237
10,KAKQ20150922_114732_V06,52,0.172,188.18,235.388085,49.735963,-77.64,37.273316,24867.981263,20150922_074732
1,KAKQ20150922_104649_V06,-9,0.665,324.53,174.758881,7.928040,-76.87,37.548047,3964.019775,20150922_064649
1,KAKQ20150922_105632_V06,1,0.476,328.16,174.029917,16.081216,-76.85,37.551305,8040.608073,20150922_065632
1,KAKQ20150922_110615_V06,11,0.125,320.20,177.490725,37.742258,-76.89,37.535766,18871.128894,20150922_070615
1,KAKQ20150922_111557_V06,20,0.280,299.57,200.465158,38.696534,-77.01,37.432320,19348.266917,20150922_071557
1,KAKQ20150922_112541_V06,30,0.186,334.82,214.881927,17.632935,-76.81,37.367208,8816.467285,20150922_072541
1,KAKQ20150922_113247_V06,37,0.186,334.93,216.429581,25.648561,-76.81,37.360235,12824.280625,20150922_073247
12,KAKQ20150922_110615_V06,11,0.121,219.37,184.981995,11.131363,-77.46,37.501199,5565.681458,20150922_070615
12,KAKQ20150922_111557_V06,20,0.384,212.63,194.685745,23.120786,-77.50,37.457332,11560.393082,20150922_071557
12,KAKQ20150922_112541_V06,30,0.062,200.36,208.050820,28.384587,-77.57,37.396815,14192.293585,20150922_072541
23,KAKQ20150922_113247_V06,37,0.082,469.42,282.725983,25.566635,-76.06,37.057898,12783.317566,20150922_073247
23,KAKQ20150922_113743_V06,42,0.068,469.60,283.976172,32.019619,-76.05,37.052257,16009.809535,20150922_073743
23,KAKQ20150922_114237_V06,47,0.066,458.76,288.379221,39.989268,-76.12,37.032895,19994.633950,20150922_074237
4,KAKQ20150922_104649_V06,-9,0.092,539.73,266.102020,19.703735,-75.66,37.128955,9851.867676,20150922_064649
17,KAKQ20150922_111557_V06,20,0.488,448.30,415.998169,15.634155,-76.18,36.458356,7817.077637,20150922_071557
8,KAKQ20150924_110410_V06,7,0.098,203.47,186.610474,9.717659,-77.55,37.493485,4858.829498,20150924_070410
8,KAKQ20150924_110905_V06,12,0.083,202.53,186.427346,15.679975,-77.56,37.494285,7839.987687,20150924_070905
8,KAKQ20150924_111402_V06,17,0.522,196.81,190.375966,17.644818,-77.59,37.476343,8822.409219,20150924_071402
8,KAKQ20150924_111858_V06,21,0.275,187.89,192.050742,19.092324,-77.64,37.468541,9546.162188,20150924_071858
8,KAKQ20150924_112354_V06,26,0.591,183.34,189.554848,18.580265,-77.67,37.479645,9290.132609,20150924_072354
8,KAKQ20150924_112852_V06,31,0.526,175.08,194.330002,25.398592,-77.71,37.457866,12699.296117,20150924_072852
8,KAKQ20150924_113347_V06,36,0.419,171.75,193.093446,27.643326,-77.73,37.463323,13821.662920,20150924_073347
8,KAKQ20150924_113842_V06,41,0.335,167.95,188.020152,26.726670,-77.75,37.486045,13363.335208,20150924_073842
8,KAKQ20150924_114339_V06,46,0.118,165.34,189.045995,30.685827,-77.77,37.481330,15342.913592,20150924_074339
8,KAKQ20150924_114835_V06,51,0.054,161.10,191.694796,36.997667,-77.79,37.469242,18498.833521,20150924_074835
1,KAKQ20150924_104427_V06,-13,0.136,315.89,168.689362,13.091049,-76.92,37.575437,6545.524597,20150924_064427
1,KAKQ20150924_104923_V06,-8,0.098,316.02,169.041332,20.740205,-76.92,37.573850,10370.102448,20150924_064923
13,KAKQ20150924_111858_V06,21,0.193,218.70,264.910278,16.431099,-77.47,37.141101,8215.549469,20150924_071858
13,KAKQ20150924_112354_V06,26,0.077,216.99,265.197781,23.377323,-77.47,37.139768,11688.661629,20150924_072354
6,KAKQ20150924_110410_V06,7,0.225,435.84,335.783539,24.689487,-76.25,36.820225,12344.743729,20150924_070410
7,KAKQ20150924_110410_V06,7,0.111,277.69,365.749725,42.174221,-77.13,36.687587,21087.110519,20150924_070410
7,KAKQ20150924_110905_V06,12,0.359,279.33,362.467438,37.594620,-77.12,36.702385,18797.309875,20150924_070905
7,KAKQ20150924_111402_V06,17,0.057,286.95,344.465027,26.730862,-77.08,36.783530,13365.430832,20150924_071402
15,KAKQ20150924_113347_V06,36,0.106,325.10,216.823853,6.930588,-76.87,37.358538,3465.293884,20150924_073347
5,KAKQ20151005_113022_V06,24,0.149,208.39,201.253815,19.336487,-77.53,37.427641,9668.243408,20151005_073022
5,KAKQ20151005_114006_V06,34,0.061,204.00,200.387733,30.884848,-77.55,37.431433,15442.423976,20151005_074006
7,KAKQ20151005_114950_V06,43,0.087,332.34,192.056213,5.762848,-76.82,37.470062,2881.423950,20151005_074950
8,KAKQ20151005_115932_V06,53,0.052,380.85,532.657715,20.028522,-76.56,35.934726,10014.261246,20151005_075932
9,KAKQ20151005_115932_V06,53,0.051,420.45,295.161133,24.780228,-76.33,37.003763,12390.113831,20151005_075932
1,KAKQ20151007_105243_V06,-16,0.791,480.44,374.768982,18.588371,-76.00,36.642720,9294.185638,20151007_065243
1,KAKQ20151007_110227_V06,-6,0.712,470.94,383.917426,33.141774,-76.05,36.601943,16570.887189,20151007_070227
1,KAKQ20151007_111211_V06,4,0.293,473.80,398.225028,36.265275,-76.04,36.537352,18132.637399,20151007_071211
1,KAKQ20151007_112155_V06,13,0.597,479.22,409.914454,39.998394,-76.01,36.484435,19999.196788,20151007_072155
1,KAKQ20151007_112651_V06,18,0.671,479.52,415.720114,41.338856,-76.01,36.458264,20669.428222,20151007_072651
1,KAKQ20151007_113147_V06,23,0.089,478.46,423.661192,43.841941,-76.01,36.422535,21920.970463,20151007_073147
4,KAKQ20151007_110227_V06,-6,0.942,330.94,173.186249,10.539612,-76.83,37.555084,5269.805908,20151007_070227
4,KAKQ20151007_111211_V06,4,0.971,332.28,180.508156,19.850873,-76.82,37.522087,9925.436423,20151007_071211
4,KAKQ20151007_112155_V06,13,0.955,333.37,191.124655,26.121928,-76.82,37.474250,13060.964145,20151007_072155
4,KAKQ20151007_112651_V06,18,0.929,333.42,193.623052,30.611252,-76.82,37.462994,15305.626085,20151007_072651
4,KAKQ20151007_113147_V06,23,0.948,334.53,193.957608,36.512438,-76.81,37.461477,18256.219110,20151007_073147
4,KAKQ20151007_113645_V06,28,0.366,343.84,208.423737,28.501770,-76.76,37.396208,14250.885010,20151007_073645
4,KAKQ20151007_114141_V06,33,0.074,351.29,223.008606,25.088455,-76.72,37.330407,12544.227600,20151007_074141
5,KAKQ20151007_110227_V06,-6,0.095,403.57,65.442688,14.806412,-76.42,38.039119,7403.205872,20151007_070227
5,KAKQ20151007_111211_V06,4,0.054,405.68,68.347235,22.489202,-76.41,38.025976,11244.600901,20151007_071211
16,KAKQ20151007_122546_V06,77,0.128,534.63,369.240356,45.988426,-75.70,36.664659,22994.213104,20151007_082546
16,KAKQ20151007_123530_V06,87,0.249,530.26,376.440720,50.749448,-75.72,36.632489,25374.724125,20151007_083530
3,KAKQ20151007_105243_V06,-16,0.052,223.97,179.005676,9.238281,-77.44,37.528219,4619.140625,20151007_065243
6,KAKQ20151007_110227_V06,-6,0.088,411.78,285.727264,13.515503,-76.38,37.046532,6757.751465,20151007_070227
8,KAKQ20151007_110227_V06,-6,0.052,402.15,271.679230,11.005829,-76.43,37.110096,5502.914429,20151007_070227
9,KAKQ20151007_111211_V06,4,0.154,533.96,98.867615,20.871437,-75.68,37.882598,10435.718536,20151007_071211
11,KAKQ20151007_112651_V06,18,0.103,275.73,174.814117,13.381195,-77.14,37.547799,6690.597534,20151007_072651
14,KAKQ20151007_115133_V06,43,0.150,298.64,201.935425,21.763123,-77.02,37.425696,10881.561279,20151007_075133
15,KAKQ20151007_120620_V06,58,0.067,292.36,178.536163,13.583710,-77.05,37.531103,6791.854858,20151007_080620
4,KAKQ20151008_105405_V06,-15,0.530,493.53,378.429443,10.480522,-75.93,36.625582,5240.261078,20151008_065405
4,KAKQ20151008_110349_V06,-6,0.435,489.92,383.382369,24.636347,-75.95,36.603451,12318.173474,20151008_070349
4,KAKQ20151008_111334_V06,4,0.866,485.53,393.223454,32.970230,-75.97,36.559331,16485.115180,20151008_071334
4,KAKQ20151008_112317_V06,14,0.795,483.45,403.033490,41.033049,-75.98,36.515234,20516.524682,20151008_072317
4,KAKQ20151008_113301_V06,24,0.488,481.53,417.438254,48.351560,-76.00,36.450427,24175.780147,20151008_073301
4,KAKQ20151008_114245_V06,33,0.302,477.40,437.342320,52.021106,-76.02,36.360945,26010.552822,20151008_074245
6,KAKQ20151008_105405_V06,-15,0.229,324.49,174.053345,2.572464,-76.87,37.551225,1286.231995,20151008_065405
6,KAKQ20151008_110349_V06,-6,0.053,323.22,173.940678,11.772772,-76.88,37.551741,5886.386057,20151008_070349
6,KAKQ20151008_111334_V06,4,0.951,329.85,180.048737,21.247547,-76.84,37.524177,10623.773536,20151008_071334
6,KAKQ20151008_112317_V06,14,0.881,329.82,187.935869,26.595158,-76.84,37.488646,13297.578962,20151008_072317
6,KAKQ20151008_113301_V06,24,0.551,335.15,182.549355,43.232067,-76.81,37.512865,21616.033274,20151008_073301
14,KAKQ20151008_110349_V06,-6,0.176,435.38,229.672150,65.647003,-76.24,37.298288,32823.501587,20151008_070349
14,KAKQ20151008_111334_V06,4,0.425,434.30,236.972070,71.270173,-76.25,37.265441,35635.086338,20151008_071334
14,KAKQ20151008_112317_V06,14,0.077,429.22,249.539447,71.114898,-76.28,37.209003,35557.448800,20151008_072317
26,KAKQ20151008_112317_V06,14,0.842,221.60,180.544037,28.211708,-77.45,37.521240,14105.854034,20151008_072317
26,KAKQ20151008_113301_V06,24,0.439,227.27,183.487237,38.163988,-77.42,37.508096,19081.993805,20151008_073301
26,KAKQ20151008_114245_V06,33,0.402,229.16,188.303207,42.912148,-77.41,37.486436,21456.074183,20151008_074245
7,KAKQ20151008_105405_V06,-15,0.138,389.97,469.316833,4.757309,-76.51,36.219938,2378.654480,20151008_065405
7,KAKQ20151008_110349_V06,-6,0.192,389.65,467.434772,16.027560,-76.51,36.228426,8013.779959,20151008_070349
1,KAKQ20151008_104422_V06,-25,0.257,174.22,394.975739,8.635986,-77.71,36.553886,4317.993164,20151008_064422
12,KAKQ20151008_110349_V06,-6,0.376,377.61,355.727539,5.655785,-76.57,36.732013,2827.892303,20151008_070349
19,KAKQ20151008_110349_V06,-6,0.061,239.94,222.636810,14.157135,-77.35,37.331951,7078.567505,20151008_070349
27,KAKQ20151008_112317_V06,14,0.089,364.40,359.808197,5.680000,-76.65,36.713875,2840.000153,20151008_072317
33,KAKQ20151008_114245_V06,33,0.081,538.41,130.826447,30.388084,-75.66,37.738369,15194.042206,20151008_074245
34,KAKQ20151008_115228_V06,43,0.079,535.68,486.265564,23.349976,-75.70,36.137373,11674.987793,20151008_075228
1,KAKQ20151009_110825_V06,-2,0.915,504.80,365.436371,23.544796,-75.86,36.683526,11772.397995,20151009_070825
1,KAKQ20151009_111809_V06,8,0.537,519.28,365.382917,30.587893,-75.78,36.682957,15293.946397,20151009_071809
2,KAKQ20151009_110825_V06,-2,0.063,319.50,366.642334,7.809158,-76.90,36.683580,3904.579163,20151009_070825
11,KAKQ20151010_111539_V06,5,0.605,486.65,399.572723,18.108475,-75.97,36.530671,9054.237366,20151010_071539
11,KAKQ20151010_112101_V06,11,0.405,484.69,402.594396,25.599484,-75.98,36.517153,12799.741874,20151010_072101
11,KAKQ20151010_112650_V06,16,0.128,481.10,406.954435,31.920706,-76.00,36.497682,15960.353060,20151010_072650
11,KAKQ20151010_113238_V06,22,0.877,476.01,424.048306,33.799958,-76.03,36.420905,16899.979245,20151010_073238
11,KAKQ20151010_113826_V06,28,0.951,466.09,433.879611,33.706564,-76.08,36.377056,16853.281769,20151010_073826
11,KAKQ20151010_114416_V06,34,0.953,455.68,440.445587,35.585843,-76.14,36.347911,17792.921378,20151010_074416
11,KAKQ20151010_115004_V06,40,0.058,451.95,439.606807,37.153948,-76.16,36.351841,18576.973780,20151010_075004
13,KAKQ20151010_111539_V06,5,0.113,334.75,121.327362,7.802597,-76.81,37.788668,3901.298523,20151010_071539
13,KAKQ20151010_112101_V06,11,0.887,329.05,120.841522,18.607816,-76.84,37.790906,9303.907755,20151010_072101
13,KAKQ20151010_112650_V06,16,0.716,326.61,128.025461,23.860854,-76.86,37.758562,11930.426804,20151010_072650
13,KAKQ20151010_113238_V06,22,0.421,320.71,135.541686,30.209825,-76.89,37.724740,15104.912681,20151010_073238
13,KAKQ20151010_113826_V06,28,0.511,318.09,142.817993,33.282969,-76.90,37.691975,16641.484261,20151010_073826
13,KAKQ20151010_114416_V06,34,0.669,318.29,149.035770,35.035831,-76.90,37.663964,17517.915494,20151010_074416
15,KAKQ20151010_111539_V06,5,0.065,216.31,187.729218,12.644562,-77.48,37.488756,6322.280884,20151010_071539
15,KAKQ20151010_112101_V06,11,0.063,213.53,191.735711,23.727659,-77.50,37.470643,11863.829643,20151010_072101
15,KAKQ20151010_112650_V06,16,0.633,209.28,202.564318,26.798913,-77.52,37.421760,13399.456270,20151010_072650
15,KAKQ20151010_113238_V06,22,0.362,205.12,206.571194,29.212211,-77.54,37.403605,14606.105266,20151010_073238
15,KAKQ20151010_113826_V06,28,0.739,199.91,213.476444,34.911911,-77.57,37.372361,17455.955703,20151010_073826
30,KAKQ20151010_115004_V06,40,0.653,339.55,188.616577,13.823944,-76.78,37.485488,6911.972046,20151010_075004
30,KAKQ20151010_115553_V06,45,0.576,339.30,192.107476,19.066218,-76.79,37.469764,9533.108989,20151010_075553
30,KAKQ20151010_120141_V06,51,0.277,340.80,205.076915,22.283608,-76.78,37.411320,11141.803810,20151010_080141
30,KAKQ20151010_120730_V06,57,0.246,336.91,207.418182,19.973709,-76.80,37.400813,9986.854553,20151010_080730
30,KAKQ20151010_121320_V06,63,0.109,330.83,211.949554,14.777679,-76.83,37.380454,7388.839722,20151010_081320
1,KAKQ20151010_104324_V06,-27,0.319,251.76,160.005188,7.774830,-77.28,37.614279,3887.414932,20151010_064324
1,KAKQ20151010_104846_V06,-22,0.108,252.97,159.914344,13.670706,-77.27,37.614704,6835.352790,20151010_064846
9,KAKQ20151010_110454_V06,-6,0.240,73.80,161.965454,8.043472,-78.29,37.598877,4021.736145,20151010_070454
9,KAKQ20151010_111017_V06,0,0.151,75.91,162.492808,14.772598,-78.28,37.596630,7386.298863,20151010_071017
39,KAKQ20151010_121320_V06,63,0.050,341.32,288.322632,15.561935,-76.78,37.036274,7780.967712,20151010_081320
39,KAKQ20151010_121909_V06,69,0.254,342.04,291.334105,22.873990,-76.77,37.022698,11436.994817,20151010_081909
14,KAKQ20151010_111539_V06,5,0.085,29.65,377.080048,55.853531,-78.52,36.626963,27926.765442,20151010_071539
27,KAKQ20151010_113826_V06,28,0.063,484.51,385.486328,14.500999,-75.98,36.594239,7250.499725,20151010_073826
27,KAKQ20151010_114416_V06,34,0.201,488.16,379.764343,12.520920,-75.96,36.619839,6260.459900,20151010_074416
33,KAKQ20151010_120730_V06,57,0.287,191.72,293.763000,9.399055,-77.62,37.010432,4699.527740,20151010_080730
38,KAKQ20151010_121320_V06,63,0.060,285.68,78.635010,37.893349,-77.09,37.981121,18946.674347,20151010_081320
1,KAKQ20151011_105455_V06,-17,0.087,324.56,174.100098,2.177490,-76.87,37.551014,1088.745117,20151011_065455
1,KAKQ20151011_105950_V06,-12,0.862,323.74,175.733627,8.466044,-76.87,37.543660,4233.022205,20151011_065950
1,KAKQ20151011_110447_V06,-7,0.965,319.48,178.692511,11.005993,-76.90,37.530355,5502.996334,20151011_070447
1,KAKQ20151011_110942_V06,-2,0.975,316.59,181.543977,16.041635,-76.91,37.517524,8020.817414,20151011_070942
1,KAKQ20151011_111439_V06,3,0.969,318.87,184.421348,24.216198,-76.90,37.504550,12108.098936,20151011_071439
1,KAKQ20151011_111936_V06,8,0.961,316.42,187.910728,28.058950,-76.91,37.488842,14029.475099,20151011_071936
1,KAKQ20151011_112432_V06,13,0.108,318.39,186.885915,37.036633,-76.90,37.493450,18518.316565,20151011_072432
13,KAKQ20151011_110942_V06,-2,0.139,216.93,179.879211,13.426399,-77.48,37.524133,6713.199615,20151011_070942
13,KAKQ20151011_111439_V06,3,0.374,216.18,179.578415,20.753755,-77.48,37.525472,10376.877716,20151011_071439
13,KAKQ20151011_111936_V06,8,0.874,210.88,181.568344,24.559782,-77.51,37.516384,12279.891218,20151011_071936
13,KAKQ20151011_112432_V06,13,0.913,213.90,183.288953,25.971435,-77.49,37.508704,12985.717714,20151011_072432
13,KAKQ20151011_113416_V06,23,0.943,215.59,190.163131,33.339848,-77.48,37.477775,16669.923854,20151011_073416
13,KAKQ20151011_114401_V06,33,0.913,217.70,197.318712,42.114543,-77.47,37.445586,21057.271431,20151011_074401
13,KAKQ20151011_115344_V06,42,0.430,214.38,204.752567,51.475252,-77.49,37.412022,25737.625995,20151011_075344
13,KAKQ20151011_120328_V06,52,0.238,211.25,189.202911,12.521385,-77.51,37.482000,6260.692596,20151011_080328
13,KAKQ20151011_121311_V06,62,0.163,212.17,193.290274,22.598560,-77.50,37.463608,11299.279980,20151011_081311
3,KAKQ20151011_105950_V06,-12,0.112,475.66,285.197327,10.906113,-76.02,37.046478,5453.056335,20151011_065950
3,KAKQ20151011_110447_V06,-7,0.799,475.19,286.606263,15.902832,-76.02,37.040152,7951.415772,20151011_070447
3,KAKQ20151011_110942_V06,-2,0.461,475.04,289.687499,18.528821,-76.02,37.026278,9264.410726,20151011_070942
3,KAKQ20151011_111439_V06,3,0.121,472.59,291.845365,24.595025,-76.04,37.016670,12297.512686,20151011_071439
3,KAKQ20151011_111936_V06,8,0.076,472.45,289.529739,29.882803,-76.04,37.027109,14941.401554,20151011_071936
9,KAKQ20151011_110942_V06,-2,0.785,482.30,388.623016,18.522888,-75.99,36.580214,9261.444092,20151011_070942
9,KAKQ20151011_111439_V06,3,0.576,480.91,389.071285,25.750516,-76.00,36.578261,12875.257766,20151011_071439
9,KAKQ20151011_111936_V06,8,0.184,475.31,390.852494,33.814896,-76.03,36.570499,16907.447896,20151011_071936
9,KAKQ20151011_112432_V06,13,0.727,476.60,393.185591,36.848323,-76.02,36.559927,18424.161277,20151011_072432
9,KAKQ20151011_113416_V06,23,0.364,473.64,398.641027,50.644446,-76.04,36.535485,25322.222827,20151011_073416
10,KAKQ20151011_110942_V06,-2,0.235,202.01,375.443451,6.249329,-77.56,36.642709,3124.664307,20151011_070942
10,KAKQ20151011_111439_V06,3,0.109,202.61,376.443350,12.346910,-77.55,36.638219,6173.454777,20151011_071439
10,KAKQ20151011_111936_V06,8,0.796,197.96,380.533426,13.256664,-77.58,36.619669,6628.332237,20151011_071936
10,KAKQ20151011_112432_V06,13,0.408,194.95,387.148102,15.334630,-77.59,36.589784,7667.315186,20151011_072432
20,KAKQ20151011_110942_V06,-2,0.050,237.66,245.049408,11.349533,-77.36,37.230942,5674.766541,20151011_070942
20,KAKQ20151011_111439_V06,3,0.312,240.71,247.018451,19.511028,-77.34,37.222120,9755.513914,20151011_071439
20,KAKQ20151011_111936_V06,8,0.066,243.73,249.217094,24.762735,-77.32,37.212261,12381.367494,20151011_071936
8,KAKQ20151011_110447_V06,-7,0.054,354.23,270.171753,7.956024,-76.70,37.117886,3978.012085,20151011_070447
27,KAKQ20151011_112432_V06,13,0.358,302.91,114.308838,39.094429,-76.99,37.820447,19547.214508,20151011_072432
27,KAKQ20151011_113416_V06,23,0.088,293.37,142.965942,9.672028,-77.05,37.691347,4836.013794,20151011_073416
35,KAKQ20151011_120328_V06,52,0.093,201.23,255.500580,27.504173,-77.56,37.183074,13752.086639,20151011_080328
36,KAKQ20151011_121311_V06,62,0.175,322.05,170.612885,2.151230,-76.88,37.566740,1075.614929,20151011_081311
39,KAKQ20151011_121311_V06,62,0.060,318.25,181.952484,10.714386,-76.90,37.515675,5357.192993,20151011_081311
41,KAKQ20151011_122255_V06,71,0.122,415.82,168.715118,7.940338,-76.35,37.573551,3970.169067,20151011_082255
42,KAKQ20151011_122255_V06,71,0.067,402.34,248.286469,9.249588,-76.43,37.215479,4624.794006,20151011_082255
1,KAKQ20151017_110506_V06,-12,0.919,491.35,380.344849,14.030136,-75.94,36.617064,7015.068054,20151017_070506
1,KAKQ20151017_111450_V06,-3,0.777,489.72,384.722615,24.747586,-75.95,36.597423,12373.793104,20151017_071450
1,KAKQ20151017_112433_V06,7,0.574,489.67,388.752490,32.869612,-75.95,36.579269,16434.805807,20151017_072433
1,KAKQ20151017_113417_V06,17,0.886,491.23,389.974143,40.269840,-75.94,36.573687,20134.920181,20151017_073417
1,KAKQ20151017_114401_V06,27,0.782,489.56,393.716056,50.825572,-75.95,36.556913,25412.785851,20151017_074401
1,KAKQ20151017_115345_V06,36,0.519,482.53,405.407959,62.150783,-75.99,36.504581,31075.391537,20151017_075345
2,KAKQ20151017_110506_V06,-12,0.819,329.22,173.342102,9.731018,-76.84,37.554395,4865.509033,20151017_070506
2,KAKQ20151017_111450_V06,-3,0.196,334.82,174.192500,25.219748,-76.81,37.550516,12609.874183,20151017_071450
2,KAKQ20151017_112433_V06,7,0.317,347.05,196.015902,29.238303,-76.74,37.452067,14619.151415,20151017_072433
3,KAKQ20151017_110506_V06,-12,0.684,473.73,411.857269,9.259026,-76.04,36.475936,4629.512787,20151017_070506
3,KAKQ20151017_111450_V06,-3,0.072,484.65,416.821165,24.222881,-75.98,36.453058,12111.440623,20151017_071450
7,KAKQ20151017_111450_V06,-3,0.753,189.89,416.882446,12.870926,-77.62,36.455668,6435.462952,20151017_071450
8,KAKQ20151017_111450_V06,-3,0.115,326.86,398.360321,2.480469,-76.86,36.540623,1240.234375,20151017_071450
10,KAKQ20151017_111450_V06,-3,0.068,248.31,242.003082,8.957817,-77.30,37.244828,4478.908539,20151017_071450
11,KAKQ20151017_111450_V06,-3,0.062,407.18,274.213776,20.546661,-76.40,37.098537,10273.330688,20151017_071450
13,KAKQ20151017_113417_V06,17,0.251,316.32,372.798035,4.492905,-76.92,36.655860,2246.452332,20151017_073417
17,KAKQ20151017_120825_V06,51,0.237,479.76,341.729797,27.971478,-76.00,36.791601,13985.738754,20151017_080825
2,KAKQ20151024_110537_V06,-18,0.811,482.52,376.217590,10.593369,-75.99,36.636094,5296.684265,20151024_070537
2,KAKQ20151024_111032_V06,-13,0.941,479.30,376.580598,16.520099,-76.01,36.634612,8260.049296,20151024_071032
2,KAKQ20151024_111529_V06,-8,0.965,475.45,381.569000,22.373706,-76.03,36.612318,11186.853124,20151024_071529
2,KAKQ20151024_112511_V06,2,0.866,469.96,388.189500,37.062454,-76.06,36.582740,18531.227113,20151024_072511
2,KAKQ20151024_113454_V06,11,0.701,470.79,394.463183,47.660958,-76.05,36.554437,23830.478860,20151024_073454
2,KAKQ20151024_114437_V06,21,0.637,469.50,413.674012,53.681342,-76.06,36.467942,26840.670953,20151024_074437
2,KAKQ20151024_115419_V06,31,0.657,466.83,416.924024,62.917144,-76.08,36.453417,31458.571854,20151024_075419
19,KAKQ20151024_115419_V06,31,0.064,388.10,298.603516,15.577240,-76.51,36.989151,7788.619995,20151024_075419
19,KAKQ20151024_120403_V06,41,-1.000,388.10,298.603516,31.477240,-76.51,36.989151,15738.619995,20151024_080403
19,KAKQ20151024_121346_V06,50,0.248,415.16,276.036273,52.966140,-76.36,37.090090,26483.069752,20151024_081346
19,KAKQ20151024_122329_V06,60,0.202,419.08,266.104187,60.115462,-76.34,37.134714,30057.731119,20151024_082329
19,KAKQ20151024_123313_V06,70,0.182,417.24,260.350664,62.356095,-76.35,37.160692,31178.047649,20151024_083313
19,KAKQ20151024_124257_V06,79,0.064,415.39,266.324268,59.138667,-76.36,37.133837,29569.333302,20151024_084257
11,KAKQ20151024_111529_V06,-8,0.141,328.84,87.320984,6.075562,-76.84,37.941909,3037.780762,20151024_071529
11,KAKQ20151024_112511_V06,2,-1.000,328.84,87.320984,21.975562,-76.84,37.941909,10987.780762,20151024_072511
11,KAKQ20151024_113454_V06,11,0.055,320.43,85.975646,29.351608,-76.89,37.948025,14675.804186,20151024_073454
11,KAKQ20151024_114437_V06,21,0.274,325.49,99.662789,31.597384,-76.86,37.886337,15798.691787,20151024_074437
11,KAKQ20151024_115419_V06,31,0.085,333.50,96.035629,29.877525,-76.82,37.902613,14938.762632,20151024_075419
4,KAKQ20151024_111032_V06,-13,0.538,334.13,176.084106,7.820297,-76.81,37.542001,3910.148621,20151024_071032
4,KAKQ20151024_111529_V06,-8,0.796,331.83,176.746164,13.289431,-76.83,37.539039,6644.715697,20151024_071529
4,KAKQ20151024_112511_V06,2,0.428,327.70,179.573820,17.113498,-76.85,37.526333,8556.748826,20151024_072511
1,KAKQ20151024_110042_V06,-23,0.149,404.26,282.527100,31.281158,-76.42,37.061166,15640.579224,20151024_070042
1,KAKQ20151024_110537_V06,-18,-1.000,404.26,282.527100,39.231158,-76.42,37.061166,19615.579224,20151024_070537
1,KAKQ20151024_111032_V06,-13,-1.000,404.26,282.527100,47.181158,-76.42,37.061166,23590.579224,20151024_071032
1,KAKQ20151024_111529_V06,-8,-1.000,404.26,282.527100,55.131158,-76.42,37.061166,27565.579224,20151024_071529
1,KAKQ20151024_112511_V06,2,0.089,429.11,276.331878,54.831104,-76.28,37.088305,27415.551919,20151024_072511
1,KAKQ20151024_113454_V06,11,-1.000,442.21,273.068182,60.606774,-76.21,37.102535,30303.386985,20151024_073454
1,KAKQ20151024_114437_V06,21,0.388,421.26,273.713867,50.199905,-76.33,37.100361,25099.952698,20151024_074437
10,KAKQ20151024_111529_V06,-8,0.248,244.53,240.079437,4.681358,-77.32,37.253440,2340.679169,20151024_071529
10,KAKQ20151024_112511_V06,2,0.056,234.22,237.616378,20.811113,-77.38,37.264370,10405.556478,20151024_072511
21,KAKQ20151024_124257_V06,79,0.242,332.23,167.950562,8.018082,-76.83,37.578659,4009.040833,20151024_084257
21,KAKQ20151024_125240_V06,89,0.098,328.43,164.161095,18.739033,-76.85,37.595761,9369.516255,20151024_085240
13,KAKQ20151024_112511_V06,2,0.188,298.03,384.070007,23.840614,-77.02,36.605106,11920.307159,20151024_072511
20,KAKQ20151024_122329_V06,60,0.053,412.78,345.329956,16.684696,-76.38,36.777973,8342.348099,20151024_082329
