track_id,filename,from_sunrise,det_score,x,y,r,lon,lat,radius,local_time
2,KRTX20140929_135053_V06,-17,0.729,296.40,418.776337,10.824760,-122.99,45.180646,5412.380219,20140929_065053
2,KRTX20140929_140028_V06,-7,0.894,299.46,417.619688,17.035896,-122.97,45.185852,8517.947947,20140929_070028
2,KRTX20140929_141003_V06,3,0.864,311.57,415.762993,26.554936,-122.89,45.194181,13277.468033,20140929_071003
2,KRTX20140929_141456_V06,7,0.860,317.69,415.167199,29.719179,-122.85,45.196830,14859.589291,20140929_071456
2,KRTX20140929_141949_V06,12,0.818,319.33,411.002038,38.529305,-122.84,45.215558,19264.652532,20140929_071949
2,KRTX20140929_142441_V06,17,0.791,327.19,414.397041,43.137082,-122.79,45.200219,21568.541076,20140929_072441
2,KRTX20140929_142934_V06,22,0.383,327.47,412.364344,50.668459,-122.79,45.209361,25334.229580,20140929_072934
1,KRTX20140929_134118_V06,-26,0.087,490.85,373.006073,7.432281,-121.75,45.380042,3716.140747,20140929_064118
6,KRTX20140929_141003_V06,3,0.291,347.55,235.186798,16.422607,-122.66,46.006150,8211.303711,20140929_071003
