track_id,filename,from_sunrise,det_score,x,y,r,lon,lat,radius,local_time
15,KBOX20130730_102844_V06,52,0.080,442.98,309.700867,42.172607,-70.28,41.908926,21086.303711,20130730_062844
15,KBOX20130730_103828_V06,62,0.359,445.64,311.413989,47.118096,-70.26,41.901093,23559.048162,20130730_063828
15,KBOX20130730_104813_V06,72,0.085,441.14,298.349399,52.923650,-70.29,41.960105,26461.824980,20130730_064813
15,KBOX20130730_105758_V06,81,0.091,439.17,292.291827,57.319417,-70.30,41.987459,28659.708413,20130730_065758
7,KBOX20130730_093013_V06,-6,0.264,330.77,369.725037,3.234077,-70.95,41.641801,1617.038727,20130730_053013
7,KBOX20130730_093958_V06,3,0.058,324.71,375.454077,17.550848,-70.99,41.616062,8775.424054,20130730_053958
7,KBOX20130730_094942_V06,13,0.058,311.73,388.121021,27.436885,-71.07,41.559112,13718.442719,20130730_054942
10,KBOX20130730_093013_V06,-6,0.119,356.94,132.346741,8.314896,-70.79,42.709961,4157.447815,20130730_053013
10,KBOX20130730_093958_V06,3,0.544,362.37,136.208483,21.244649,-70.76,42.692475,10622.324302,20130730_053958
11,KBOX20130730_093013_V06,-6,0.116,424.69,353.948608,8.905113,-70.39,41.710522,4452.556610,20130730_053013
11,KBOX20130730_093958_V06,3,-1.000,424.69,353.948608,23.215113,-70.39,41.710522,11607.556610,20130730_053958
11,KBOX20130730_094942_V06,13,0.110,430.04,363.178985,23.976713,-70.36,41.668757,11988.356324,20130730_054942
1,KBOX20130730_091043_V06,-26,0.207,276.44,389.863525,2.474022,-71.28,41.551202,1237.010956,20130730_051043
5,KBOX20130730_092028_V06,-16,0.573,362.94,273.851501,11.043762,-70.76,42.072909,5521.881104,20130730_052028
13,KBOX20130730_100913_V06,33,0.346,444.26,307.899048,42.564167,-70.27,41.916978,21282.083511,20130730_060913
14,KBOX20130730_100913_V06,33,0.078,369.19,400.186462,29.713974,-70.72,41.504065,14856.987000,20130730_060913
3,KBOX20130803_093319_V06,-7,0.249,386.32,430.313843,8.540154,-70.62,41.368018,4270.076752,20130803_053319
3,KBOX20130803_093910_V06,-1,0.456,387.45,429.358404,16.040754,-70.61,41.372289,8020.376879,20130803_053910
3,KBOX20130803_094501_V06,5,0.675,394.85,424.356958,18.369343,-70.57,41.394594,9184.671368,20130803_054501
3,KBOX20130803_095051_V06,10,0.784,399.14,421.619634,19.086688,-70.54,41.406787,9543.344105,20130803_055051
3,KBOX20130803_095641_V06,16,0.612,401.83,417.632274,21.804254,-70.53,41.424653,10902.126783,20130803_055641
3,KBOX20130803_100232_V06,22,0.254,406.20,417.411502,21.229561,-70.50,41.425504,10614.780402,20130803_060232
12,KBOX20130803_101413_V06,34,0.089,435.57,549.594727,13.871780,-70.33,40.829311,6935.890198,20130803_061413
12,KBOX20130803_102002_V06,40,0.069,436.84,549.358380,21.508187,-70.33,40.830322,10754.093325,20130803_062002
12,KBOX20130803_102553_V06,45,0.110,431.48,562.700782,27.497518,-70.36,40.770474,13748.759168,20130803_062553
1,KBOX20130803_092139_V06,-19,0.075,332.87,360.166962,5.602371,-70.94,41.684808,2801.185608,20130803_052139
1,KBOX20130803_092729_V06,-13,0.077,333.75,361.480339,14.571186,-70.93,41.678886,7285.593085,20130803_052729
4,KBOX20130803_094501_V06,5,0.319,304.21,396.058105,16.617432,-71.11,41.523399,8308.715820,20130803_054501
4,KBOX20130803_095051_V06,10,0.162,305.81,395.697967,23.193875,-71.10,41.525018,11596.937328,20130803_055051
7,KBOX20130803_100232_V06,22,0.711,439.92,561.778198,20.360897,-70.31,40.774274,10180.448532,20130803_060232
7,KBOX20130803_100822_V06,28,0.463,436.06,566.545437,29.980368,-70.33,40.752975,14990.183758,20130803_060822
14,KBOX20130803_102553_V06,45,0.067,293.07,351.212494,14.383575,-71.18,41.725281,7191.787720,20130803_062553
14,KBOX20130803_103144_V06,51,0.493,294.96,349.627723,20.663181,-71.17,41.732419,10331.590586,20130803_063144
16,KBOX20130803_104324_V06,63,0.100,329.78,392.065735,15.684685,-70.96,41.541236,7842.342377,20130803_064324
16,KBOX20130803_104913_V06,69,0.212,330.82,391.063413,22.535174,-70.95,41.545738,11267.587174,20130803_064913
6,KBOX20130803_095641_V06,16,0.594,431.37,569.423279,26.169312,-70.36,40.740212,13084.655762,20130803_055641
10,KBOX20130803_100822_V06,28,0.054,298.34,362.770905,13.055901,-71.15,41.673255,6527.950287,20130803_060822
19,KBOX20130803_105503_V06,75,0.056,199.83,50.262390,46.442612,-71.75,43.078301,23221.305847,20130803_065503
3,KBOX20130806_093312_V06,-10,0.084,466.41,289.920380,23.219513,-70.13,41.996813,11609.756470,20130806_053312
3,KBOX20130806_094258_V06,-1,0.802,454.52,308.253190,42.136108,-70.21,41.914899,21068.054166,20130806_054258
3,KBOX20130806_095244_V06,9,0.846,452.71,309.231606,43.112809,-70.22,41.910583,21556.404492,20130806_055244
3,KBOX20130806_100232_V06,19,0.768,451.43,308.717015,42.131424,-70.22,41.912961,21065.712074,20130806_060232
3,KBOX20130806_101217_V06,29,0.476,445.34,307.147499,44.059383,-70.26,41.920312,22029.691750,20130806_061217
3,KBOX20130806_102203_V06,39,0.501,444.50,306.735071,43.870346,-70.27,41.922207,21935.172919,20130806_062203
3,KBOX20130806_103150_V06,48,0.577,445.77,303.685845,43.785786,-70.26,41.935874,21892.892878,20130806_063150
3,KBOX20130806_104137_V06,58,0.827,447.99,309.099548,40.672222,-70.25,41.911402,20336.111125,20130806_064137
3,KBOX20130806_105123_V06,68,0.709,446.09,309.935340,41.222901,-70.26,41.907728,20611.450595,20130806_065123
3,KBOX20130806_110108_V06,78,0.669,446.69,312.396239,42.322140,-70.25,41.896624,21161.070088,20130806_070108
3,KBOX20130806_111054_V06,87,0.731,445.27,309.285787,44.175215,-70.26,41.910690,22087.607526,20130806_071054
1,KBOX20130806_092326_V06,-20,0.785,356.46,269.964752,5.963043,-70.80,42.090528,2981.521606,20130806_052326
1,KBOX20130806_093312_V06,-10,0.183,360.35,268.839555,15.386340,-70.77,42.095520,7693.170065,20130806_053312
1,KBOX20130806_094258_V06,-1,0.568,361.64,279.888167,28.205283,-70.77,42.045761,14102.641405,20130806_054258
1,KBOX20130806_095244_V06,9,0.495,358.14,275.994073,32.035367,-70.79,42.063357,16017.683626,20130806_055244
1,KBOX20130806_100232_V06,19,0.516,355.34,276.669919,37.494143,-70.80,42.060365,18747.071707,20130806_060232
1,KBOX20130806_101217_V06,29,0.238,344.50,285.445124,50.267050,-70.87,42.021035,25133.525208,20130806_061217
5,KBOX20130806_094258_V06,-1,0.899,97.39,443.574402,21.642925,-72.35,41.303073,10821.462631,20130806_054258
5,KBOX20130806_095244_V06,9,0.588,90.63,435.469212,28.042949,-72.39,41.339123,14021.474593,20130806_055244
5,KBOX20130806_100232_V06,19,0.906,88.91,437.770202,25.443895,-72.40,41.328653,12721.947361,20130806_060232
5,KBOX20130806_101217_V06,29,0.799,89.15,438.947170,32.467103,-72.40,41.323370,16233.551276,20130806_061217
5,KBOX20130806_102203_V06,39,0.387,87.31,439.068142,36.811836,-72.41,41.322704,18405.917999,20130806_062203
7,KBOX20130806_095244_V06,9,0.441,380.54,458.896698,27.799246,-70.66,41.239490,13899.622917,20130806_055244
7,KBOX20130806_100232_V06,19,0.395,383.60,458.070564,36.528920,-70.64,41.243131,18264.459883,20130806_060232
8,KBOX20130806_095244_V06,9,0.417,307.14,391.475830,21.328247,-71.09,41.544023,10664.123535,20130806_055244
8,KBOX20130806_100232_V06,19,0.494,304.91,395.173813,29.151843,-71.11,41.527379,14575.921602,20130806_060232
4,KBOX20130806_093312_V06,-10,0.067,425.65,357.070831,14.638088,-70.38,41.696430,7319.044113,20130806_053312
10,KBOX20130806_095244_V06,9,0.083,112.79,457.352051,13.001812,-72.25,41.241990,6500.905991,20130806_055244
16,KBOX20130806_100232_V06,19,0.132,457.92,368.643707,32.422104,-70.19,41.642894,16211.051941,20130806_060232
11,KBOX20130807_094436_V06,0,0.054,98.58,439.218689,11.190784,-72.34,41.322755,5595.392227,20130807_054436
11,KBOX20130807_095422_V06,10,0.052,92.90,454.279625,28.361196,-72.37,41.254597,14180.598090,20130807_055422
11,KBOX20130807_100408_V06,20,0.889,93.04,438.052750,27.440118,-72.37,41.327650,13720.058854,20130807_060408
11,KBOX20130807_101354_V06,29,0.158,83.68,427.360227,41.538169,-72.43,41.375161,20769.084687,20130807_061354
11,KBOX20130807_102340_V06,39,0.124,87.74,432.688593,44.268234,-72.41,41.351449,22134.116751,20130807_062340
3,KBOX20130807_093450_V06,-10,0.357,379.04,269.174561,14.297974,-70.66,42.093598,7148.986816,20130807_053450
3,KBOX20130807_094436_V06,0,0.073,378.63,266.740071,22.702362,-70.66,42.104567,11351.180918,20130807_054436
3,KBOX20130807_095422_V06,10,0.393,368.92,264.215118,11.840927,-70.72,42.116161,5920.463562,20130807_055422
5,KBOX20130807_093450_V06,-10,0.204,349.10,129.794983,30.056274,-70.84,42.721580,15028.137207,20130807_053450
5,KBOX20130807_094436_V06,0,0.154,340.95,125.938994,43.153864,-70.89,42.739053,21576.932166,20130807_054436
17,KBOX20130807_104312_V06,59,0.183,456.87,276.263824,7.883514,-70.19,42.058772,3941.757202,20130807_064312
17,KBOX20130807_105258_V06,68,0.206,457.18,276.939126,16.074994,-70.19,42.055717,8037.496889,20130807_065258
17,KBOX20130807_110244_V06,78,0.064,455.64,279.054626,7.014069,-70.20,42.046271,3507.034302,20130807_070244
17,KBOX20130807_111230_V06,88,0.462,456.34,277.109616,15.538895,-70.19,42.054992,7769.447589,20130807_071230
1,KBOX20130807_092504_V06,-19,0.065,405.86,337.575653,5.253082,-70.50,41.784910,2626.541138,20130807_052504
9,KBOX20130807_094436_V06,0,0.098,298.04,394.726929,26.061234,-71.15,41.529394,13030.616760,20130807_054436
14,KBOX20130807_095422_V06,10,0.111,165.18,509.010742,19.749992,-71.94,41.012056,9874.996185,20130807_055422
16,KBOX20130807_102340_V06,39,0.064,479.41,325.915741,16.488785,-70.06,41.834082,8244.392395,20130807_062340
1,KBOX20130808_093632_V06,-9,0.279,292.59,401.584564,2.307327,-71.18,41.498513,1153.663635,20130808_053632
1,KBOX20130809_092649_V06,-20,0.274,308.01,353.698914,5.356110,-71.09,41.714086,2678.054810,20130809_052649
2,KBOX20130812_094610_V06,-3,0.366,304.74,400.756744,12.500076,-71.11,41.502245,6250.038147,20130812_054610
2,KBOX20130812_095200_V06,3,0.339,307.61,397.725372,21.902088,-71.09,41.515887,10951.044077,20130812_055200
2,KBOX20130812_095751_V06,8,0.226,311.27,392.482910,26.539419,-71.07,41.539477,13269.709554,20130812_055751
4,KBOX20130812_095200_V06,3,0.083,392.04,431.138123,10.191513,-70.59,41.364148,5095.756531,20130812_055200
4,KBOX20130812_095751_V06,8,0.074,392.77,430.345366,17.345828,-70.58,41.367696,8672.913955,20130812_055751
8,KBOX20130812_095751_V06,8,0.085,458.58,276.356384,7.119797,-70.18,42.058270,3559.898376,20130812_055751
8,KBOX20130812_100341_V06,14,-1.000,458.58,276.356384,16.659797,-70.18,42.058270,8329.898376,20130812_060341
8,KBOX20130812_100933_V06,20,0.119,464.81,276.275345,17.357634,-70.14,42.058315,8678.817050,20130812_060933
1,KBOX20130812_093429_V06,-15,0.057,360.02,265.516632,4.383209,-70.77,42.110485,2191.604614,20130812_053429
6,KBOX20130812_095751_V06,8,0.426,106.05,438.382568,23.654816,-72.30,41.326981,11827.407837,20130812_055751
10,KBOX20130812_103846_V06,49,0.133,467.50,275.677460,15.095688,-70.13,42.060865,7547.843933,20130812_063846
38,KBOX20130813_105106_V06,61,0.074,454.09,276.261749,5.845825,-70.21,42.058919,2922.912598,20130813_065106
38,KBOX20130813_105656_V06,66,0.377,454.96,276.310929,12.936421,-70.20,42.058655,6468.210533,20130813_065656
38,KBOX20130813_110247_V06,72,0.361,455.01,276.926736,14.251205,-70.20,42.055881,7125.602516,20130813_070247
38,KBOX20130813_110837_V06,78,-1.000,455.19,277.446744,16.812511,-70.20,42.053531,8406.255715,20130813_070837
38,KBOX20130813_111427_V06,84,0.140,457.11,276.596111,16.568198,-70.19,42.057265,8284.098822,20130813_071427
38,KBOX20130813_112018_V06,90,0.108,458.54,276.589795,16.590000,-70.18,42.057221,8295.000217,20130813_072018
7,KBOX20130813_093702_V06,-13,0.433,293.74,407.788055,4.521355,-71.17,41.470588,2260.677338,20130813_053702
7,KBOX20130813_094646_V06,-4,0.273,293.04,406.344663,15.808351,-71.18,41.477085,7904.175579,20130813_054646
7,KBOX20130813_095237_V06,2,0.247,293.49,403.611751,20.700367,-71.18,41.489389,10350.183540,20130813_055237
7,KBOX20130813_095828_V06,8,0.188,296.35,400.049000,22.320957,-71.16,41.505433,11160.478690,20130813_055828
3,KBOX20130813_092125_V06,-29,0.093,454.32,277.689117,4.113052,-70.21,42.052483,2056.526184,20130813_052125
3,KBOX20130813_092716_V06,-23,0.098,454.30,277.344820,11.458655,-70.21,42.054034,5729.327557,20130813_052716
3,KBOX20130813_093702_V06,-13,0.169,459.16,275.712571,15.350737,-70.18,42.061139,7675.368345,20130813_053702
3,KBOX20130813_094646_V06,-4,-1.000,463.06,274.355045,19.721137,-70.15,42.067049,9860.568549,20130813_054646
3,KBOX20130813_095237_V06,2,0.066,455.26,277.015472,7.535583,-70.20,42.055469,3767.791748,20130813_055237
9,KBOX20130813_094646_V06,-4,0.809,95.38,437.170044,9.610798,-72.36,41.331774,4805.398941,20130813_054646
9,KBOX20130813_095237_V06,2,0.086,95.26,436.212892,17.983070,-72.36,41.336075,8991.534851,20130813_055237
9,KBOX20130813_095828_V06,8,0.075,95.39,438.228334,19.464672,-72.36,41.327011,9732.335906,20130813_055828
6,KBOX20130813_093702_V06,-13,0.588,232.65,475.306274,11.145477,-71.54,41.165916,5572.738647,20130813_053702
6,KBOX20130813_094646_V06,-4,0.073,232.23,474.910841,23.040516,-71.54,41.167688,11520.258133,20130813_054646
28,KBOX20130813_103334_V06,43,0.204,454.35,277.266754,8.215454,-70.21,42.054383,4107.727051,20130813_063334
28,KBOX20130813_103925_V06,49,0.324,455.23,277.013143,15.334627,-70.20,42.055481,7667.313514,20130813_063925
41,KBOX20130813_105656_V06,66,0.129,471.69,435.005096,21.257042,-70.11,41.343456,10628.520966,20130813_065656
41,KBOX20130813_110247_V06,72,0.117,471.04,433.177641,29.564008,-70.12,41.351717,14782.004048,20130813_070247
4,KBOX20130813_092125_V06,-29,0.079,300.20,366.758789,9.017929,-71.14,41.655303,4508.964539,20130813_052125
10,KBOX20130813_094646_V06,-4,0.188,336.08,100.750092,11.999863,-70.92,42.852486,5999.931335,20130813_054646
13,KBOX20130813_095237_V06,2,0.182,464.11,431.005676,24.947899,-70.16,41.361858,12473.949432,20130813_055237
14,KBOX20130813_095237_V06,2,0.095,375.79,337.753052,8.055202,-70.68,41.784973,4027.601242,20130813_055237
16,KBOX20130813_095828_V06,8,0.086,280.39,181.439270,10.000305,-71.26,42.489453,5000.152588,20130813_055828
17,KBOX20130813_100419_V06,14,0.380,167.25,512.488464,20.759464,-71.93,40.996485,10379.732132,20130813_060419
20,KBOX20130813_101010_V06,20,0.067,455.70,276.677155,7.371841,-70.20,42.056970,3685.920715,20130813_061010
20,KBOX20130813_101602_V06,26,-1.000,455.70,276.677155,16.911841,-70.20,42.056970,8455.920715,20130813_061602
20,KBOX20130813_102152_V06,31,0.164,426.83,305.380920,56.180817,-70.37,41.929061,28090.408325,20130813_062152
20,KBOX20130813_102744_V06,37,0.569,444.37,312.478851,40.744247,-70.27,41.896358,20372.123718,20130813_062744
21,KBOX20130813_102152_V06,31,0.171,290.79,401.697876,7.827202,-71.19,41.497999,3913.600922,20130813_062152
27,KBOX20130813_102744_V06,37,0.050,345.03,460.674866,12.184248,-70.87,41.232179,6092.123985,20130813_062744
30,KBOX20130813_103925_V06,49,0.110,339.39,370.370667,9.268623,-70.90,41.638799,4634.311676,20130813_063925
32,KBOX20130813_104515_V06,55,0.133,268.26,391.531128,14.445751,-71.33,41.543623,7222.875595,20130813_064515
33,KBOX20130813_104515_V06,55,0.128,223.68,485.439301,22.941311,-71.59,41.120096,11470.655441,20130813_064515
34,KBOX20130813_104515_V06,55,0.069,232.78,215.706177,2.532379,-71.55,42.334550,1266.189575,20130813_064515
37,KBOX20130813_105106_V06,61,0.215,464.92,431.932129,24.609756,-70.15,41.357645,12304.878235,20130813_065106
39,KBOX20130813_105656_V06,66,0.291,336.73,369.163361,11.106064,-70.92,41.644266,5553.031921,20130813_065656
47,KBOX20130813_111427_V06,84,0.080,371.76,203.969513,38.016251,-70.70,42.387278,19008.125305,20130813_071427
10,KBOX20130815_094117_V06,-11,0.575,98.35,441.382141,5.890743,-72.34,41.313002,2945.371628,20130815_054117
10,KBOX20130815_095104_V06,-1,0.562,99.47,448.227585,18.906450,-72.33,41.282258,9453.224953,20130815_055104
10,KBOX20130815_100050_V06,8,0.144,102.33,456.543461,28.580840,-72.32,41.245002,14290.419928,20130815_060050
10,KBOX20130815_101036_V06,18,0.467,100.45,459.525303,30.398654,-72.33,41.231462,15199.326824,20130815_061036
10,KBOX20130815_102022_V06,28,0.515,106.03,463.570989,32.963334,-72.29,41.213593,16481.666923,20130815_062022
1,KBOX20130815_093131_V06,-21,0.782,361.41,269.458435,4.481750,-70.77,42.092714,2240.875244,20130815_053131
1,KBOX20130815_094117_V06,-11,0.072,360.02,276.692859,23.867223,-70.77,42.060176,11933.611616,20130815_054117
1,KBOX20130815_095104_V06,-1,0.057,364.66,278.857060,24.449137,-70.75,42.050342,12224.568301,20130815_055104
1,KBOX20130815_100050_V06,8,0.067,357.27,281.644461,28.250923,-70.79,42.037938,14125.461367,20130815_060050
23,KBOX20130815_100050_V06,8,0.494,305.57,410.189941,23.217392,-71.10,41.459776,11608.695984,20130815_060050
23,KBOX20130815_101036_V06,18,0.872,313.00,422.278004,27.718922,-71.06,41.405334,13859.461054,20130815_061036
23,KBOX20130815_102022_V06,28,0.435,307.51,437.058745,40.798500,-71.09,41.338809,20399.250032,20130815_062022
4,KBOX20130815_093131_V06,-21,0.113,380.69,272.528503,2.109512,-70.65,42.078459,1054.756165,20130815_053131
9,KBOX20130815_093131_V06,-21,0.059,296.65,387.780151,16.258530,-71.16,41.560666,8129.264832,20130815_053131
13,KBOX20130815_094117_V06,-11,0.058,167.98,337.015656,8.190742,-71.93,41.786449,4095.371246,20130815_054117
15,KBOX20130815_095104_V06,-1,0.475,354.95,120.646454,15.840927,-70.80,42.762658,7920.463562,20130815_055104
18,KBOX20130815_095104_V06,-1,0.115,178.33,395.909607,7.971283,-71.87,41.521748,3985.641479,20130815_055104
30,KBOX20130815_102022_V06,28,0.087,112.99,507.661774,37.560936,-72.25,41.015523,18780.467987,20130815_062022
32,KBOX20130815_103954_V06,47,0.071,288.48,373.769684,7.802864,-71.21,41.623720,3901.432037,20130815_063954
1,KBOX20130817_092653_V06,-28,0.332,456.24,276.959320,7.959885,-70.19,42.055673,3979.942322,20130817_052653
1,KBOX20130817_093638_V06,-18,0.571,456.68,276.723870,14.729732,-70.19,42.056711,7364.866167,20130817_053638
1,KBOX20130817_094624_V06,-8,0.660,452.30,313.767298,38.792374,-70.22,41.890186,19396.186763,20130817_054624
1,KBOX20130817_095610_V06,2,0.152,451.25,321.730539,43.002385,-70.23,41.854392,21501.192301,20130817_055610
1,KBOX20130817_100556_V06,11,0.180,448.51,314.341068,45.913184,-70.24,41.887784,22956.592133,20130817_060556
1,KBOX20130817_101542_V06,21,0.272,441.35,309.540796,49.305857,-70.29,41.909720,24652.928694,20130817_061542
9,KBOX20130817_093638_V06,-18,0.150,335.03,388.972412,2.073975,-70.93,41.555108,1036.987305,20130817_053638
9,KBOX20130817_094624_V06,-8,0.721,313.95,410.749350,11.985002,-71.05,41.457232,5992.500776,20130817_054624
9,KBOX20130817_095610_V06,2,0.568,307.55,420.461022,18.783164,-71.09,41.413532,9391.581792,20130817_055610
9,KBOX20130817_100556_V06,11,0.547,306.44,420.037317,25.876935,-71.10,41.415442,12938.467255,20130817_060556
9,KBOX20130817_101542_V06,21,0.121,304.95,423.015360,30.204635,-71.11,41.402037,15102.317642,20130817_061542
14,KBOX20130817_094624_V06,-8,0.844,100.93,446.919678,11.855427,-72.33,41.288236,5927.713394,20130817_054624
14,KBOX20130817_095610_V06,2,0.725,97.84,449.128040,24.288510,-72.34,41.278102,12144.255186,20130817_055610
14,KBOX20130817_100556_V06,11,0.527,96.55,456.434272,29.815448,-72.35,41.245132,14907.723791,20130817_060556
14,KBOX20130817_101542_V06,21,0.573,95.18,454.926099,31.713814,-72.36,41.251834,15856.906971,20130817_061542
18,KBOX20130817_095610_V06,2,0.281,355.58,289.003601,11.550903,-70.80,42.004841,5775.451660,20130817_055610
18,KBOX20130817_100556_V06,11,0.362,352.19,283.467996,31.634157,-70.82,42.029817,15817.078728,20130817_060556
18,KBOX20130817_101542_V06,21,0.725,352.15,279.536283,37.458867,-70.82,42.047516,18729.433573,20130817_061542
41,KBOX20130817_105445_V06,60,0.098,466.57,289.444580,15.860321,-70.13,41.998947,7930.160522,20130817_065445
41,KBOX20130817_110431_V06,70,-1.000,466.57,289.444580,31.760321,-70.13,41.998947,15880.160522,20130817_070431
41,KBOX20130817_111417_V06,80,0.052,457.84,301.072307,31.919967,-70.19,41.947057,15959.983526,20130817_071417
41,KBOX20130817_112402_V06,90,0.065,452.17,312.405852,40.598600,-70.22,41.896321,20299.300041,20130817_072402
2,KBOX20130817_092653_V06,-28,0.157,319.30,390.180237,19.716087,-71.02,41.549805,9858.043671,20130817_052653
2,KBOX20130817_093638_V06,-18,-1.000,319.30,390.180237,35.616087,-71.02,41.549805,17808.043671,20130817_053638
2,KBOX20130817_094624_V06,-8,0.110,316.82,360.992024,39.040961,-71.04,41.681219,19520.480650,20130817_054624
16,KBOX20130817_095610_V06,2,0.668,474.70,453.952637,15.043991,-70.10,41.257998,7521.995544,20130817_055610
16,KBOX20130817_100556_V06,11,0.450,473.74,458.039128,22.368468,-70.10,41.239655,11184.233913,20130817_060556
30,KBOX20130817_101542_V06,21,0.095,511.31,403.806213,28.373505,-69.87,41.481520,14186.752319,20130817_061542
30,KBOX20130817_102527_V06,31,0.085,517.16,413.184219,42.015406,-69.84,41.438915,21007.703206,20130817_062527
35,KBOX20130817_102527_V06,31,0.093,172.56,503.633850,12.390034,-71.90,41.036564,6195.016861,20130817_062527
35,KBOX20130817_103513_V06,41,0.059,172.60,502.769801,19.626329,-71.90,41.040455,9813.164260,20130817_063513
6,KBOX20130817_093638_V06,-18,0.341,288.96,355.590485,18.149220,-71.20,41.705561,9074.609756,20130817_053638
7,KBOX20130817_093638_V06,-18,0.174,368.39,385.832397,15.122246,-70.73,41.568702,7561.122894,20130817_053638
27,KBOX20130817_100556_V06,11,0.064,199.70,427.335693,18.647156,-71.74,41.381017,9323.577881,20130817_060556
28,KBOX20130817_100556_V06,11,0.052,169.52,522.588013,27.806549,-71.91,40.951109,13903.274536,20130817_060556
37,KBOX20130817_104459_V06,50,0.401,287.28,409.918335,18.090080,-71.21,41.460978,9045.040131,20130817_064459
43,KBOX20130817_111417_V06,80,0.098,217.52,339.912415,15.000214,-71.63,41.775085,7500.106812,20130817_071417
6,KBOX20130818_093735_V06,-18,0.372,358.87,267.320923,2.829758,-70.78,42.102384,1414.878845,20130818_053735
6,KBOX20130818_094721_V06,-8,0.518,365.86,276.158123,23.043447,-70.74,42.062466,11521.723605,20130818_054721
6,KBOX20130818_095706_V06,2,0.081,365.80,275.665431,29.528218,-70.74,42.064685,14764.109053,20130818_055706
6,KBOX20130818_100651_V06,11,0.822,362.82,268.647055,29.837283,-70.76,42.096339,14918.641326,20130818_060651
6,KBOX20130818_101638_V06,21,0.633,364.00,269.008821,36.261117,-70.75,42.094686,18130.558684,20130818_061638
8,KBOX20130818_093735_V06,-18,0.061,345.15,106.222260,2.504959,-70.86,42.827738,1252.479553,20130818_053735
8,KBOX20130818_094721_V06,-8,0.666,347.15,105.534358,10.491819,-70.85,42.830804,5245.909679,20130818_054721
8,KBOX20130818_095706_V06,2,0.947,359.14,105.208924,12.545995,-70.78,42.832063,6272.997710,20130818_055706
8,KBOX20130818_100651_V06,11,0.907,361.36,106.718296,20.952946,-70.76,42.825226,10476.472958,20130818_060651
8,KBOX20130818_101638_V06,21,0.052,356.39,109.406570,35.270633,-70.79,42.813221,17635.316459,20130818_061638
11,KBOX20130818_094721_V06,-8,0.108,94.38,445.646179,3.078411,-72.36,41.293555,1539.205551,20130818_054721
11,KBOX20130818_095706_V06,2,0.955,95.05,440.259271,15.863818,-72.36,41.317847,7931.909025,20130818_055706
11,KBOX20130818_100651_V06,11,0.933,91.83,438.773535,24.558997,-72.38,41.324327,12279.498526,20130818_060651
11,KBOX20130818_101638_V06,21,0.144,83.67,432.061416,29.734410,-72.43,41.354000,14867.205230,20130818_061638
2,KBOX20130818_092751_V06,-28,0.341,458.76,275.836243,7.103653,-70.18,42.060602,3551.826477,20130818_052751
2,KBOX20130818_093735_V06,-18,0.112,460.03,275.762257,16.169800,-70.17,42.060871,8084.899881,20130818_053735
2,KBOX20130818_094721_V06,-8,0.143,464.08,279.137744,16.437176,-70.15,42.045469,8218.588199,20130818_054721
2,KBOX20130818_095706_V06,2,-1.000,467.72,282.019591,18.020664,-70.12,42.032306,9010.332219,20130818_055706
2,KBOX20130818_100651_V06,11,-1.000,471.00,284.613253,19.445804,-70.11,42.020456,9722.901838,20130818_060651
2,KBOX20130818_101638_V06,21,-1.000,474.64,287.495099,21.029292,-70.08,42.007285,10514.645858,20130818_061638
2,KBOX20130818_102624_V06,31,-1.000,478.28,290.376946,22.612780,-70.06,41.994110,11306.389879,20130818_062624
2,KBOX20130818_103609_V06,41,0.083,459.04,306.971467,31.912093,-70.18,41.920444,15956.046339,20130818_063609
16,KBOX20130818_100651_V06,11,0.803,187.80,424.105225,16.444954,-71.81,41.395165,8222.476959,20130818_060651
16,KBOX20130818_101638_V06,21,0.614,191.31,425.113415,22.541549,-71.79,41.390748,11270.774403,20130818_061638
16,KBOX20130818_102624_V06,31,0.210,185.61,424.185696,29.131821,-71.82,41.394725,14565.910415,20130818_062624
17,KBOX20130818_100651_V06,11,0.253,101.28,482.127625,14.852819,-72.32,41.129768,7426.409721,20130818_060651
17,KBOX20130818_101638_V06,21,0.277,100.11,478.747252,26.591056,-72.33,41.144912,13295.528172,20130818_061638
17,KBOX20130818_102624_V06,31,-1.000,99.01,475.558222,38.564865,-72.33,41.159199,19282.432371,20130818_062624
17,KBOX20130818_103609_V06,41,0.090,107.66,515.092522,44.085539,-72.28,40.981758,22042.769529,20130818_063609
30,KBOX20130818_105541_V06,60,0.128,457.19,274.632935,10.571808,-70.19,42.066097,5285.903931,20130818_065541
30,KBOX20130818_110527_V06,70,0.084,455.77,274.202329,18.463693,-70.20,42.068106,9231.846616,20130818_070527
3,KBOX20130818_092751_V06,-28,0.120,302.98,150.026031,2.003510,-71.12,42.630907,1001.754761,20130818_052751
13,KBOX20130818_094721_V06,-8,0.090,430.22,347.015747,4.796787,-70.35,41.741508,2398.393631,20130818_054721
18,KBOX20130818_100651_V06,11,0.088,376.16,441.552246,22.654167,-70.68,41.317682,11327.083588,20130818_060651
20,KBOX20130818_100651_V06,11,0.052,352.49,429.226685,19.834106,-70.82,41.373647,9917.053223,20130818_060651
25,KBOX20130818_101638_V06,21,0.052,134.87,498.034058,16.126831,-72.12,41.060061,8063.415527,20130818_061638
26,KBOX20130818_102624_V06,31,0.392,321.79,407.918945,15.039604,-71.01,41.469931,7519.802094,20130818_062624
29,KBOX20130818_103609_V06,41,0.051,375.66,78.886169,15.875031,-70.67,42.950175,7937.515259,20130818_063609
31,KBOX20130818_105541_V06,60,0.051,230.23,215.726044,3.079773,-71.56,42.334405,1539.886475,20130818_065541
5,KBOX20130823_100308_V06,2,0.883,355.95,138.002289,9.904755,-70.80,42.684523,4952.377319,20130823_060308
5,KBOX20130823_101254_V06,11,0.313,355.59,142.214393,20.551363,-70.80,42.665571,10275.681330,20130823_061254
5,KBOX20130823_102240_V06,21,0.543,354.41,155.489251,27.965733,-70.81,42.605842,13982.866651,20130823_062240
5,KBOX20130823_103225_V06,31,0.868,353.17,169.887290,34.062318,-70.81,42.541058,17031.158810,20130823_063225
5,KBOX20130823_104211_V06,41,0.824,351.47,179.286995,40.607096,-70.82,42.498777,20303.548108,20130823_064211
6,KBOX20130823_100308_V06,2,0.776,94.97,457.758484,16.426355,-72.36,41.239070,8213.177681,20130823_060308
6,KBOX20130823_101254_V06,11,0.818,95.07,463.489008,26.006848,-72.36,41.213281,13003.423897,20130823_061254
6,KBOX20130823_102240_V06,21,0.526,101.51,467.197232,35.226086,-72.32,41.196992,17613.042885,20130823_062240
6,KBOX20130823_103225_V06,31,0.267,99.74,463.802140,36.134597,-72.33,41.212166,18067.298619,20130823_063225
8,KBOX20130823_102240_V06,21,0.660,68.39,248.126984,26.833355,-72.54,42.180796,13416.677475,20130823_062240
8,KBOX20130823_103225_V06,31,0.692,66.20,257.605942,36.457057,-72.55,42.137973,18228.528360,20130823_063225
8,KBOX20130823_104211_V06,41,0.322,63.00,274.078796,46.123002,-72.57,42.063597,23061.501050,20130823_064211
2,KBOX20130823_095324_V06,-8,0.169,350.84,266.191040,25.366608,-70.83,42.107610,12683.303833,20130823_055324
2,KBOX20130823_100308_V06,2,0.089,338.56,280.190616,47.994086,-70.90,42.044767,23997.043236,20130823_060308
3,KBOX20130823_095324_V06,-8,0.142,261.33,230.638580,6.216167,-71.37,42.267818,3108.083725,20130823_055324
11,KBOX20130823_103225_V06,31,0.252,142.57,357.976196,4.830719,-72.08,41.690937,2415.359497,20130823_063225
16,KBOX20130823_104211_V06,41,0.064,257.39,339.418793,5.702320,-71.39,41.778094,2851.160049,20130823_064211
20,KBOX20130823_110142_V06,60,0.114,270.73,424.466064,16.229954,-71.31,41.395376,8114.976883,20130823_070142
21,KBOX20130823_111128_V06,70,0.066,328.46,121.484497,23.672943,-70.96,42.759242,11836.471558,20130823_071128
2,KBOX20130824_094916_V06,-13,0.620,288.20,413.526550,5.525314,-71.21,41.444738,2762.657166,20130824_054916
2,KBOX20130824_095902_V06,-3,0.089,286.85,408.924608,17.303601,-71.22,41.465450,8651.800639,20130824_055902
2,KBOX20130824_100848_V06,6,0.804,274.39,424.869180,22.802806,-71.29,41.393593,11401.402979,20130824_060848
2,KBOX20130824_101834_V06,16,0.595,273.28,425.347252,29.325733,-71.30,41.391431,14662.866564,20130824_061834
2,KBOX20130824_102819_V06,26,0.692,272.27,433.509768,35.989954,-71.30,41.354675,17994.976915,20130824_062819
2,KBOX20130824_103804_V06,36,0.597,282.23,432.596410,34.495772,-71.24,41.358858,17247.886180,20130824_063804
2,KBOX20130824_104750_V06,45,0.558,287.74,437.841540,37.380119,-71.21,41.335270,18690.059374,20130824_064750
2,KBOX20130824_105736_V06,55,0.266,291.75,442.974910,40.949057,-71.19,41.312172,20474.528483,20130824_065736
2,KBOX20130824_110722_V06,65,0.226,290.47,443.030248,42.615583,-71.19,41.311919,21307.791359,20130824_070722
3,KBOX20130824_094916_V06,-13,0.581,424.88,361.716492,8.039970,-70.39,41.675547,4019.985199,20130824_054916
3,KBOX20130824_095902_V06,-3,0.387,424.53,359.819492,15.624536,-70.39,41.684101,7812.268097,20130824_055902
3,KBOX20130824_100848_V06,6,0.874,415.92,377.709085,27.654901,-70.44,41.603894,13827.450289,20130824_060848
3,KBOX20130824_101834_V06,16,0.386,420.29,391.114434,36.879758,-70.42,41.543386,18439.878926,20130824_061834
3,KBOX20130824_102819_V06,26,0.059,447.41,386.673309,35.538668,-70.25,41.562238,17769.334142,20130824_062819
3,KBOX20130824_103804_V06,36,0.064,455.65,378.831732,32.700921,-70.20,41.597145,16350.460372,20130824_063804
4,KBOX20130824_094916_V06,-13,0.537,310.54,180.436005,4.878189,-71.07,42.494012,2439.094543,20130824_054916
4,KBOX20130824_095902_V06,-3,0.901,307.13,184.421330,10.073956,-71.09,42.476083,5036.977930,20130824_055902
4,KBOX20130824_100848_V06,6,0.752,308.08,187.086595,12.597914,-71.09,42.464084,6298.957197,20130824_060848
4,KBOX20130824_101834_V06,16,0.084,306.22,192.154147,23.121182,-71.10,42.441279,11560.591038,20130824_061834
4,KBOX20130824_102819_V06,26,0.126,309.42,194.028722,23.210517,-71.08,42.432833,11605.258380,20130824_062819
4,KBOX20130824_103804_V06,36,-1.000,311.69,196.484888,25.186456,-71.07,42.421769,12593.228195,20130824_063804
4,KBOX20130824_104750_V06,45,-1.000,313.74,198.695438,26.964802,-71.05,42.411811,13482.401029,20130824_064750
4,KBOX20130824_105736_V06,55,-1.000,316.01,201.151604,28.940742,-71.04,42.400744,14470.370844,20130824_065736
4,KBOX20130824_110722_V06,65,-1.000,318.28,203.607770,30.916681,-71.03,42.389676,15458.340660,20130824_070722
4,KBOX20130824_112653_V06,84,0.090,305.88,163.098281,37.930050,-71.10,42.572064,18965.024938,20130824_072653
13,KBOX20130824_094916_V06,-13,0.079,180.22,420.366272,1.951515,-71.85,41.411722,975.757599,20130824_054916
13,KBOX20130824_095902_V06,-3,0.896,174.37,422.224641,7.885156,-71.89,41.403131,3942.578046,20130824_055902
13,KBOX20130824_100848_V06,6,0.669,167.59,424.621704,14.287327,-71.93,41.392066,7143.663316,20130824_060848
13,KBOX20130824_101834_V06,16,0.346,170.73,426.403961,18.322414,-71.91,41.384172,9161.207070,20130824_061834
13,KBOX20130824_102819_V06,26,0.285,159.87,429.447480,21.482193,-71.97,41.370013,10741.096377,20130824_062819
18,KBOX20130824_095902_V06,-3,0.906,80.36,447.819000,18.796093,-72.45,41.282844,9398.046494,20130824_055902
18,KBOX20130824_100848_V06,6,0.699,82.37,447.219003,24.933257,-72.44,41.285682,12466.628731,20130824_060848
18,KBOX20130824_101834_V06,16,0.819,84.58,451.512230,28.261706,-72.42,41.266506,14130.853221,20130824_061834
18,KBOX20130824_102819_V06,26,0.079,82.39,456.446782,31.569664,-72.44,41.244145,15784.831926,20130824_062819
20,KBOX20130824_095902_V06,-3,0.707,155.19,430.731964,5.985275,-72.00,41.364022,2992.637634,20130824_055902
20,KBOX20130824_100848_V06,6,0.808,149.85,431.870938,13.781304,-72.03,41.358649,6890.652223,20130824_060848
20,KBOX20130824_101834_V06,16,0.099,152.42,432.409726,16.793672,-72.02,41.356343,8396.836186,20130824_061834
20,KBOX20130824_102819_V06,26,0.110,180.40,429.394158,17.878677,-71.85,41.371087,8939.338695,20130824_062819
22,KBOX20130824_095902_V06,-3,0.479,121.80,368.135864,9.841558,-72.21,41.644108,4920.779228,20130824_055902
22,KBOX20130824_100848_V06,6,0.465,117.24,370.662011,19.119635,-72.23,41.632478,9559.817474,20130824_060848
22,KBOX20130824_101834_V06,16,0.221,109.85,372.334033,25.910459,-72.28,41.624518,12955.229666,20130824_061834
22,KBOX20130824_102819_V06,26,0.247,118.65,365.957346,24.307894,-72.23,41.653736,12153.947033,20130824_062819
28,KBOX20130824_100848_V06,6,0.748,66.63,318.105835,11.930099,-72.54,41.865715,5965.049267,20130824_060848
28,KBOX20130824_101834_V06,16,0.657,66.48,319.959182,21.655778,-72.54,41.857362,10827.888935,20130824_061834
28,KBOX20130824_102819_V06,26,0.582,64.04,322.999376,33.352937,-72.56,41.843498,16676.468308,20130824_062819
38,KBOX20130824_101834_V06,16,0.124,473.91,308.050293,15.908752,-70.09,41.914805,7954.376221,20130824_061834
38,KBOX20130824_102819_V06,26,0.277,473.96,308.814716,22.459769,-70.09,41.911361,11229.884492,20130824_062819
38,KBOX20130824_103804_V06,36,0.447,457.34,337.564845,43.214136,-70.19,41.782821,21607.068089,20130824_063804
1,KBOX20130824_094916_V06,-13,0.883,352.56,273.417633,7.876862,-70.82,42.075052,3938.430786,20130824_054916
1,KBOX20130824_095902_V06,-3,-1.000,352.56,273.417633,23.776862,-70.82,42.075052,11888.430786,20130824_055902
1,KBOX20130824_100848_V06,6,0.082,339.91,295.819014,24.187155,-70.90,41.974399,12093.577543,20130824_060848
44,KBOX20130824_104750_V06,45,0.093,333.94,298.544952,25.232773,-70.93,41.962198,12616.386414,20130824_064750
44,KBOX20130824_105736_V06,55,0.103,335.90,300.881170,32.135506,-70.92,41.951659,16067.753084,20130824_065736
30,KBOX20130824_100848_V06,6,0.111,287.85,395.235535,2.893913,-71.21,41.527082,1446.956635,20130824_060848
33,KBOX20130824_101834_V06,16,0.316,138.51,495.673035,10.735043,-72.10,41.070875,5367.521286,20130824_061834
36,KBOX20130824_101834_V06,16,0.137,354.21,439.015808,11.127441,-70.81,41.329548,5563.720703,20130824_061834
37,KBOX20130824_101834_V06,16,0.130,328.66,185.185181,17.443710,-70.96,42.472522,8721.855164,20130824_061834
6,KBOX20130825_095057_V06,-13,0.970,364.15,273.677246,10.706360,-70.75,42.073669,5353.179932,20130825_055057
6,KBOX20130825_100044_V06,-3,0.824,367.34,277.940260,20.453881,-70.73,42.054413,10226.940326,20130825_060044
6,KBOX20130825_101030_V06,7,0.293,362.88,283.758048,27.564772,-70.76,42.028316,13782.386201,20130825_061030
6,KBOX20130825_102015_V06,17,0.683,361.83,280.844454,36.791392,-70.76,42.041453,18395.695852,20130825_062015
6,KBOX20130825_103002_V06,27,0.185,365.45,279.615118,37.615075,-70.74,42.046913,18807.537347,20130825_063002
6,KBOX20130825_103949_V06,36,0.121,348.40,307.538149,59.817198,-70.85,41.921526,29908.599240,20130825_063949
6,KBOX20130825_104935_V06,46,0.052,347.81,329.179077,62.387565,-70.85,41.824116,31193.782603,20130825_064935
7,KBOX20130825_095057_V06,-13,0.963,354.29,112.578003,8.217697,-70.81,42.798985,4108.848572,20130825_055057
7,KBOX20130825_100044_V06,-3,0.983,352.12,119.612528,19.579169,-70.82,42.767361,9789.584359,20130825_060044
7,KBOX20130825_101030_V06,7,0.969,354.75,123.849523,28.276272,-70.80,42.748245,14138.135864,20130825_061030
7,KBOX20130825_102015_V06,17,0.954,357.24,130.367031,35.525626,-70.79,42.718866,17762.813162,20130825_062015
7,KBOX20130825_103002_V06,27,0.869,359.03,131.674727,40.029421,-70.78,42.712946,20014.710584,20130825_063002
7,KBOX20130825_103949_V06,36,0.103,358.68,131.455170,47.863791,-70.78,42.713941,23931.895542,20130825_063949
7,KBOX20130825_104935_V06,46,-1.000,358.43,131.323405,56.297729,-70.78,42.714539,28148.864635,20130825_064935
7,KBOX20130825_105921_V06,56,0.071,379.15,155.501434,14.776703,-70.66,42.605256,7388.351440,20130825_065921
8,KBOX20130825_095057_V06,-13,0.786,299.52,411.458374,6.295471,-71.14,41.454071,3147.735596,20130825_055057
8,KBOX20130825_100044_V06,-3,0.952,305.12,415.716259,15.796275,-71.11,41.434898,7898.137571,20130825_060044
8,KBOX20130825_101030_V06,7,0.898,311.41,418.699764,20.300151,-71.07,41.421450,10150.075434,20130825_061030
8,KBOX20130825_102015_V06,17,0.708,319.63,423.484623,25.925465,-71.02,41.399868,12962.732259,20130825_062015
15,KBOX20130825_100044_V06,-3,0.924,100.92,442.222229,10.451427,-72.33,41.309381,5225.713730,20130825_060044
15,KBOX20130825_101030_V06,7,0.911,101.65,448.632399,21.931125,-72.32,41.280572,10965.562269,20130825_061030
15,KBOX20130825_102015_V06,17,0.226,103.26,450.074873,31.257106,-72.31,41.274177,15628.552946,20130825_062015
1,KBOX20130825_094110_V06,-22,0.846,456.75,276.054352,12.399216,-70.19,42.059721,6199.607849,20130825_054110
1,KBOX20130825_095057_V06,-13,0.189,454.28,277.800435,19.446700,-70.21,42.051984,9723.350165,20130825_055057
9,KBOX20130825_095057_V06,-13,0.175,321.91,184.077850,4.665833,-71.00,42.477561,2332.916260,20130825_055057
9,KBOX20130825_100044_V06,-3,0.615,327.87,187.250769,12.426318,-70.97,42.463231,6213.159193,20130825_060044
14,KBOX20130825_095057_V06,-13,0.079,158.61,393.962036,2.869370,-71.98,41.529701,1434.684753,20130825_055057
14,KBOX20130825_100044_V06,-3,0.218,154.41,404.063662,23.468332,-72.01,41.484038,11734.165881,20130825_060044
17,KBOX20130825_100044_V06,-3,0.481,83.55,311.739044,7.820950,-72.44,41.895574,3910.474777,20130825_060044
17,KBOX20130825_101030_V06,7,0.069,84.17,314.271158,19.706021,-72.44,41.884220,9853.010523,20130825_061030
24,KBOX20130825_101030_V06,7,0.227,82.94,209.426788,13.285744,-72.45,42.356008,6642.871857,20130825_061030
24,KBOX20130825_102015_V06,17,0.360,81.15,211.139633,23.190051,-72.47,42.348174,11595.025562,20130825_062015
13,KBOX20130825_095057_V06,-13,0.093,135.86,360.676422,2.847221,-72.12,41.678443,1423.610687,20130825_055057
21,KBOX20130825_100044_V06,-3,0.076,37.83,442.858704,36.513882,-72.70,41.301972,18256.940842,20130825_060044
22,KBOX20130825_100044_V06,-3,0.075,387.20,433.275940,7.847420,-70.62,41.354659,3923.709869,20130825_060044
23,KBOX20130825_101030_V06,7,0.322,144.61,356.672546,5.962891,-72.07,41.696906,2981.445312,20130825_061030
29,KBOX20130825_103002_V06,27,0.444,356.84,423.223755,17.162460,-70.80,41.400598,8581.230164,20130825_063002
35,KBOX20130825_105921_V06,56,0.056,46.93,500.502014,31.738697,-72.64,41.043240,15869.348526,20130825_065921
36,KBOX20130825_111855_V06,75,0.393,333.74,406.322754,5.022194,-70.94,41.477013,2511.096954,20130825_071855
1,KBOX20130826_100051_V06,-4,0.851,305.22,404.729492,8.916977,-71.11,41.484359,4458.488464,20130826_060051
1,KBOX20130826_100641_V06,2,0.909,310.37,402.578352,17.827913,-71.08,41.494031,8913.956415,20130826_060641
1,KBOX20130826_101232_V06,8,0.831,319.72,403.695666,20.104478,-71.02,41.488957,10052.239137,20130826_061232
1,KBOX20130826_101822_V06,14,-1.000,328.61,404.539303,23.002515,-70.97,41.485092,11501.257706,20130826_061822
1,KBOX20130826_102412_V06,20,-1.000,337.50,405.382941,25.900553,-70.91,41.481201,12950.276275,20130826_062412
1,KBOX20130826_103002_V06,26,0.810,342.15,417.358111,23.913483,-70.89,41.427232,11956.741294,20130826_063002
1,KBOX20130826_103551_V06,31,0.815,342.34,425.470061,26.924968,-70.88,41.390710,13462.484087,20130826_063551
1,KBOX20130826_104141_V06,37,0.798,339.11,428.714706,28.130983,-70.90,41.376144,14065.491343,20130826_064141
1,KBOX20130826_104731_V06,43,0.464,337.08,434.109989,31.318476,-70.92,41.351878,15659.238078,20130826_064731
1,KBOX20130826_105322_V06,49,0.678,338.74,437.997466,33.986461,-70.91,41.334357,16993.230746,20130826_065322
1,KBOX20130826_105911_V06,55,0.552,340.06,440.930839,33.897151,-70.90,41.321135,16948.575414,20130826_065911
1,KBOX20130826_110501_V06,61,0.475,339.88,435.899210,32.317399,-70.90,41.343789,16158.699502,20130826_070501
1,KBOX20130826_111051_V06,66,0.478,341.21,433.004029,31.660180,-70.89,41.356807,15830.089925,20130826_071051
1,KBOX20130826_111642_V06,72,0.872,336.48,433.533352,31.996114,-70.92,41.354481,15998.056887,20130826_071642
12,KBOX20130826_111051_V06,66,0.131,292.58,356.622803,12.889256,-71.18,41.700924,6444.627762,20130826_071051
12,KBOX20130826_111642_V06,72,0.075,292.86,358.527164,19.233063,-71.18,41.692352,9616.531435,20130826_071642
12,KBOX20130826_112232_V06,78,0.052,283.92,345.790848,25.841334,-71.23,41.749655,12920.667183,20130826_072232
3,KBOX20130826_100051_V06,-4,0.273,356.32,318.938202,6.094696,-70.80,41.870076,3047.348022,20130826_060051
10,KBOX20130826_105911_V06,55,0.061,282.68,353.329926,18.989323,-71.24,41.715709,9494.661331,20130826_065911
10,KBOX20130826_110501_V06,61,0.087,289.00,336.183838,14.450104,-71.20,41.792925,7225.051880,20130826_070501
1,KBOX20130830_095545_V06,-13,0.915,293.20,414.162109,10.636093,-71.18,41.441891,5318.046570,20130830_055545
1,KBOX20130830_100532_V06,-3,0.894,294.84,414.182114,17.389642,-71.17,41.441804,8694.820835,20130830_060532
1,KBOX20130830_101518_V06,7,0.798,297.62,419.522708,27.149389,-71.15,41.417764,13574.694681,20130830_061518
1,KBOX20130830_102504_V06,17,0.921,304.75,432.714843,34.726727,-71.11,41.358371,17363.363549,20130830_062504
1,KBOX20130830_103450_V06,26,0.816,309.19,433.334294,36.819895,-71.08,41.355572,18409.947535,20130830_063450
1,KBOX20130830_104437_V06,36,0.057,333.73,432.729004,29.459663,-70.94,41.358132,14729.831696,20130830_064437
4,KBOX20130830_100532_V06,-3,0.320,361.25,268.380707,5.242859,-70.77,42.097569,2621.429443,20130830_060532
4,KBOX20130830_101518_V06,7,0.164,362.29,268.387802,12.147187,-70.76,42.097516,6073.593455,20130830_061518
4,KBOX20130830_102504_V06,17,0.884,366.03,274.693694,19.824623,-70.74,42.069055,9912.311603,20130830_062504
4,KBOX20130830_103450_V06,26,0.557,366.35,278.099909,25.849861,-70.74,42.053715,12924.930297,20130830_063450
6,KBOX20130830_101518_V06,7,0.905,100.43,446.738770,25.221619,-72.33,41.289020,12610.809326,20130830_061518
6,KBOX20130830_102504_V06,17,0.885,107.34,451.169882,33.964720,-72.29,41.269496,16982.360086,20130830_062504
6,KBOX20130830_103450_V06,26,0.515,104.31,451.917002,47.362598,-72.31,41.265949,23681.299166,20130830_063450
7,KBOX20130830_101518_V06,7,0.450,441.17,370.172546,11.730789,-70.29,41.636800,5865.394592,20130830_061518
7,KBOX20130830_102504_V06,17,0.707,436.17,370.088511,27.393691,-70.32,41.637397,13696.845318,20130830_062504
20,KBOX20130830_104437_V06,36,0.052,454.83,279.256470,7.639481,-70.20,42.045403,3819.740295,20130830_064437
20,KBOX20130830_105424_V06,46,-1.000,454.83,279.256470,23.539481,-70.20,42.045403,11769.740295,20130830_065424
20,KBOX20130830_110409_V06,56,-1.000,454.83,279.256470,39.439481,-70.20,42.045403,19719.740295,20130830_070409
20,KBOX20130830_111355_V06,65,0.482,440.58,310.474989,36.489267,-70.29,41.905549,18244.633689,20130830_071355
8,KBOX20130830_101518_V06,7,0.222,183.90,432.602478,5.858444,-71.83,41.356773,2929.222107,20130830_061518
21,KBOX20130830_105424_V06,46,0.248,385.09,150.676178,14.679962,-70.62,42.626818,7339.981079,20130830_065424
1,KBOX20130831_103813_V06,29,0.075,252.16,367.725952,61.005455,-71.42,41.650589,30502.727509,20130831_063813
6,KBOX20130904_100357_V06,-10,0.171,300.23,410.300873,9.211189,-71.14,41.459282,4605.594635,20130904_060357
6,KBOX20130904_101342_V06,0,0.156,313.97,411.167547,17.672733,-71.05,41.455349,8836.366343,20130904_061342
6,KBOX20130904_102328_V06,10,0.069,341.27,409.095930,19.009551,-70.89,41.464439,9504.775626,20130904_062328
6,KBOX20130904_103314_V06,20,-1.000,366.56,407.430527,21.407272,-70.74,41.471509,10703.635756,20130904_063314
6,KBOX20130904_104300_V06,30,0.062,346.80,405.563068,19.545804,-70.86,41.480268,9772.902199,20130904_064300
6,KBOX20130904_105246_V06,39,-1.000,347.65,403.965929,19.632159,-70.85,41.487445,9816.079540,20130904_065246
6,KBOX20130904_110231_V06,49,-1.000,348.59,402.191330,19.728109,-70.85,41.495420,9864.054364,20130904_070231
6,KBOX20130904_111217_V06,59,0.707,322.45,425.792583,29.081100,-71.00,41.389459,14540.550194,20130904_071217
6,KBOX20130904_112203_V06,69,0.384,323.69,425.619145,27.314957,-71.00,41.390231,13657.478387,20130904_072203
6,KBOX20130904_113148_V06,78,0.742,329.10,425.460743,24.848853,-70.96,41.390900,12424.426509,20130904_073148
6,KBOX20130904_114134_V06,88,0.057,343.81,433.644691,23.682112,-70.88,41.353888,11841.055952,20130904_074134
8,KBOX20130904_100357_V06,-10,0.083,361.66,129.842804,6.559738,-70.76,42.721140,3279.869080,20130904_060357
8,KBOX20130904_101342_V06,0,0.972,366.76,131.650824,18.696096,-70.73,42.712897,9348.047831,20130904_061342
8,KBOX20130904_102328_V06,10,0.955,375.63,138.873913,27.202486,-70.68,42.680183,13601.243041,20130904_062328
8,KBOX20130904_103314_V06,20,0.857,380.84,146.900968,36.484220,-70.64,42.643923,18242.110083,20130904_063314
8,KBOX20130904_104300_V06,30,0.793,383.94,164.319481,38.672437,-70.63,42.565441,19336.218379,20130904_064300
8,KBOX20130904_105246_V06,39,0.573,386.37,174.747155,44.715841,-70.61,42.518440,22357.920455,20130904_065246
11,KBOX20130904_101342_V06,0,0.706,239.54,438.417297,8.134789,-71.50,41.332130,4067.394257,20130904_061342
11,KBOX20130904_102328_V06,10,0.082,239.91,438.785016,15.974282,-71.50,41.330482,7987.141187,20130904_062328
11,KBOX20130904_103314_V06,20,0.208,237.21,423.154906,16.484844,-71.51,41.400796,8242.421820,20130904_063314
11,KBOX20130904_104300_V06,30,0.525,227.22,416.671172,22.633574,-71.57,41.429773,11316.786935,20130904_064300
24,KBOX20130904_102328_V06,10,0.088,329.80,173.739471,13.677032,-70.96,42.524030,6838.516235,20130904_062328
24,KBOX20130904_103314_V06,20,-1.000,329.80,173.739471,29.577032,-70.96,42.524030,14788.516235,20130904_063314
24,KBOX20130904_104300_V06,30,0.134,316.85,153.484267,38.933760,-71.03,42.615297,19466.880138,20130904_064300
24,KBOX20130904_105246_V06,39,0.344,316.74,154.511199,42.303948,-71.04,42.610675,21151.974148,20130904_065246
24,KBOX20130904_110231_V06,49,0.059,296.07,148.482629,58.404461,-71.16,42.637852,29202.230449,20130904_070231
10,KBOX20130904_101342_V06,0,0.836,106.20,457.038940,17.396704,-72.29,41.243007,8698.351860,20130904_061342
10,KBOX20130904_102328_V06,10,0.873,113.48,460.775222,27.614532,-72.25,41.226620,13807.265754,20130904_062328
10,KBOX20130904_103314_V06,20,0.688,120.02,471.323309,34.712385,-72.21,41.179510,17356.192489,20130904_063314
13,KBOX20130904_101342_V06,0,0.272,340.84,198.224670,17.610138,-70.89,42.413693,8805.068970,20130904_061342
13,KBOX20130904_102328_V06,10,0.131,345.30,203.324397,30.960596,-70.86,42.390677,15480.298242,20130904_062328
27,KBOX20130904_104300_V06,30,0.065,294.02,301.142029,39.580139,-71.17,41.950683,19790.069580,20130904_064300
27,KBOX20130904_105246_V06,39,0.332,291.41,299.176252,47.276588,-71.19,41.959526,23638.294113,20130904_065246
1,KBOX20130904_100357_V06,-10,0.806,363.70,273.989319,10.366302,-70.75,42.072273,5183.151245,20130904_060357
1,KBOX20130904_101342_V06,0,-1.000,363.70,273.989319,26.266302,-70.75,42.072273,13133.151245,20130904_061342
1,KBOX20130904_102328_V06,10,0.107,369.42,291.292694,19.773758,-70.72,41.994262,9886.878967,20130904_062328
2,KBOX20130904_100357_V06,-10,0.781,436.04,364.195679,8.094887,-70.32,41.663929,4047.443390,20130904_060357
12,KBOX20130904_101342_V06,0,0.437,101.53,357.696594,49.666653,-72.33,41.689896,24833.326340,20130904_061342
26,KBOX20130904_103314_V06,20,0.059,315.72,183.278259,4.902542,-71.04,42.481197,2451.271057,20130904_063314
29,KBOX20130904_104300_V06,30,0.052,279.96,423.174500,17.318161,-71.26,41.401262,8659.080505,20130904_064300
37,KBOX20130904_112203_V06,69,0.285,356.04,153.934326,9.956650,-70.80,42.612812,4978.324890,20130904_072203
3,KBOX20130905_095522_V06,-19,0.299,381.23,432.222473,8.703743,-70.65,41.359559,4351.871490,20130905_055522
3,KBOX20130905_100507_V06,-9,0.111,388.67,431.484077,17.046720,-70.61,41.362686,8523.359838,20130905_060507
3,KBOX20130905_101452_V06,0,0.793,403.93,425.833047,18.441825,-70.52,41.387666,9220.912737,20130905_061452
3,KBOX20130905_102436_V06,10,0.682,419.01,423.180272,21.983138,-70.43,41.399083,10991.568819,20130905_062436
3,KBOX20130905_103421_V06,20,0.141,412.39,418.238411,21.509448,-70.47,41.421570,10754.723931,20130905_063421
3,KBOX20130905_104407_V06,30,-1.000,407.96,413.508395,21.436144,-70.49,41.443016,10718.071917,20130905_064407
3,KBOX20130905_105353_V06,39,0.089,389.57,418.357605,20.593342,-70.60,41.421754,10296.670931,20130905_065353
3,KBOX20130905_110339_V06,49,0.085,387.68,411.650940,29.401810,-70.61,41.451999,14700.904847,20130905_070339
3,KBOX20130905_111324_V06,59,-1.000,384.03,406.121234,36.676744,-70.63,41.476991,18338.372017,20130905_071324
3,KBOX20130905_112310_V06,69,0.050,392.23,398.036118,48.475042,-70.59,41.513162,24237.520919,20130905_072310
3,KBOX20130905_113256_V06,78,0.112,403.43,390.675296,50.535444,-70.52,41.545955,25267.721929,20130905_073256
9,KBOX20130905_100507_V06,-9,0.082,105.33,452.185913,6.348244,-72.30,41.264801,3174.121857,20130905_060507
9,KBOX20130905_101452_V06,0,0.767,117.65,447.125221,23.695907,-72.23,41.288307,11847.953337,20130905_061452
9,KBOX20130905_102436_V06,10,0.230,136.65,441.629402,37.483020,-72.11,41.314073,18741.509919,20130905_062436
9,KBOX20130905_103421_V06,20,0.050,138.96,424.232656,52.122570,-72.10,41.392504,26061.285184,20130905_063421
8,KBOX20130905_100507_V06,-9,0.955,301.32,404.866821,11.659515,-71.13,41.483745,5829.757690,20130905_060507
8,KBOX20130905_101452_V06,0,0.881,310.02,399.912082,23.946279,-71.08,41.506036,11973.139689,20130905_061452
8,KBOX20130905_102436_V06,10,0.264,317.60,397.327560,28.921475,-71.03,41.517638,14460.737361,20130905_062436
5,KBOX20130905_095522_V06,-19,0.179,464.01,262.284119,9.091949,-70.15,42.121332,4545.974731,20130905_055522
5,KBOX20130905_100507_V06,-9,-1.000,464.01,262.284119,24.991949,-70.15,42.121332,12495.974731,20130905_060507
5,KBOX20130905_101452_V06,0,0.403,472.34,270.147064,25.248219,-70.10,42.085495,12624.109460,20130905_061452
17,KBOX20130905_101452_V06,0,0.089,350.81,279.085052,7.311157,-70.83,42.049569,3655.578613,20130905_061452
17,KBOX20130905_102436_V06,10,0.085,359.77,278.027967,20.237716,-70.78,42.054171,10118.857760,20130905_062436
28,KBOX20130905_103421_V06,20,0.054,93.10,456.476257,9.308842,-72.37,41.244722,4654.420853,20130905_063421
28,KBOX20130905_104407_V06,30,0.115,96.61,456.796967,23.516964,-72.35,41.243503,11758.481914,20130905_064407
36,KBOX20130905_111324_V06,59,0.126,313.16,401.906921,2.661217,-71.06,41.497044,1330.608368,20130905_071324
36,KBOX20130905_112310_V06,69,0.095,315.90,400.628022,17.042920,-71.04,41.502789,8521.460074,20130905_072310
36,KBOX20130905_113256_V06,78,0.198,310.66,404.100830,2.697670,-71.07,41.487176,1348.834991,20130905_073256
1,KBOX20130905_094537_V06,-29,0.098,347.67,500.396545,14.894581,-70.85,41.053307,7447.290421,20130905_054537
2,KBOX20130905_095522_V06,-19,0.460,476.87,436.110229,23.001175,-70.08,41.338199,11500.587463,20130905_055522
6,KBOX20130905_095522_V06,-19,0.103,440.23,360.632080,12.106377,-70.30,41.679788,6053.188324,20130905_055522
14,KBOX20130905_101452_V06,0,0.118,522.21,347.306976,19.675030,-69.80,41.735087,9837.514877,20130905_061452
15,KBOX20130905_101452_V06,0,0.109,468.48,45.293762,36.317337,-70.10,43.097681,18158.668518,20130905_061452
25,KBOX20130905_103421_V06,20,0.184,371.01,414.392273,6.181625,-70.71,41.440073,3090.812683,20130905_063421
29,KBOX20130905_105353_V06,39,0.149,337.26,407.655334,11.933739,-70.91,41.470974,5966.869354,20130905_065353
30,KBOX20130905_105353_V06,39,0.137,376.33,84.483154,32.569893,-70.67,42.924968,16284.946442,20130905_065353
33,KBOX20130905_110339_V06,49,0.085,416.97,75.620300,28.911247,-70.42,42.963585,14455.623627,20130905_070339
34,KBOX20130905_110339_V06,49,0.069,374.64,143.338348,4.722336,-70.68,42.660113,2361.167908,20130905_070339
12,KBOX20130906_100811_V06,-7,0.834,90.88,446.676147,8.360443,-72.39,41.288692,4180.221558,20130906_060811
12,KBOX20130906_101758_V06,2,0.896,88.69,446.640200,16.691465,-72.40,41.288710,8345.732584,20130906_061758
12,KBOX20130906_102744_V06,12,0.779,88.53,449.593598,24.166025,-72.40,41.275405,12083.012451,20130906_062744
12,KBOX20130906_103731_V06,22,0.796,89.40,449.662770,31.600454,-72.39,41.275151,15800.227018,20130906_063731
12,KBOX20130906_104717_V06,32,0.886,92.45,451.862348,38.262399,-72.38,41.265449,19131.199358,20130906_064717
12,KBOX20130906_105704_V06,42,0.902,93.66,452.707925,41.680277,-72.37,41.261721,20840.138551,20130906_065704
12,KBOX20130906_110650_V06,51,0.853,95.30,455.210850,46.786915,-72.36,41.250559,23393.457281,20130906_070650
12,KBOX20130906_111637_V06,61,0.799,97.59,453.457967,51.579977,-72.35,41.258595,25789.988711,20130906_071637
12,KBOX20130906_112622_V06,71,0.382,107.72,447.734031,51.703162,-72.29,41.284985,25851.580823,20130906_072622
12,KBOX20130906_113608_V06,81,0.087,117.70,446.871231,54.449671,-72.23,41.289453,27224.835671,20130906_073608
11,KBOX20130906_100811_V06,-7,0.935,288.12,416.783264,10.654709,-71.21,41.430076,5327.354431,20130906_060811
11,KBOX20130906_101758_V06,2,0.901,287.45,418.717417,19.621576,-71.21,41.421366,9810.788015,20130906_061758
11,KBOX20130906_102744_V06,12,0.644,288.78,423.627743,28.100850,-71.20,41.399265,14050.425164,20130906_062744
11,KBOX20130906_103731_V06,22,0.897,286.92,425.617329,33.137986,-71.22,41.390300,16568.992787,20130906_063731
11,KBOX20130906_104717_V06,32,0.785,288.13,429.197568,40.126230,-71.21,41.374187,20063.115005,20130906_064717
11,KBOX20130906_105704_V06,42,0.847,290.96,425.009104,41.673553,-71.19,41.393053,20836.776283,20130906_065704
11,KBOX20130906_110650_V06,51,0.734,288.89,428.428804,50.160955,-71.20,41.377651,25080.477356,20130906_070650
11,KBOX20130906_111637_V06,61,0.506,290.34,422.899854,51.570138,-71.20,41.402547,25785.068882,20130906_071637
11,KBOX20130906_112622_V06,71,0.073,287.26,425.136909,52.852142,-71.21,41.392465,26426.070820,20130906_072622
18,KBOX20130906_100811_V06,-7,0.173,479.85,307.424530,8.498367,-70.05,41.917289,4249.183655,20130906_060811
18,KBOX20130906_101758_V06,2,0.520,476.90,312.921880,19.603926,-70.07,41.892711,9801.963146,20130906_061758
18,KBOX20130906_102744_V06,12,0.493,472.13,320.063765,24.932515,-70.10,41.860828,12466.257653,20130906_062744
18,KBOX20130906_103731_V06,22,0.808,465.88,331.989068,37.599950,-70.14,41.807483,18799.974965,20130906_063731
18,KBOX20130906_104717_V06,32,0.235,464.12,330.771152,38.584129,-70.15,41.813057,19292.064520,20130906_064717
18,KBOX20130906_105704_V06,42,0.063,468.41,337.884929,44.658943,-70.12,41.780811,22329.471500,20130906_065704
18,KBOX20130906_110650_V06,51,0.169,457.73,330.058621,44.169026,-70.19,41.816589,22084.512918,20130906_070650
18,KBOX20130906_111637_V06,61,0.142,455.93,329.154552,44.099657,-70.20,41.820747,22049.828533,20130906_071637
18,KBOX20130906_112622_V06,71,0.139,450.20,333.801300,46.247693,-70.23,41.800108,23123.846685,20130906_072622
3,KBOX20130906_095824_V06,-17,0.758,376.45,440.369934,5.413612,-70.68,41.322997,2706.806183,20130906_055824
3,KBOX20130906_100811_V06,-7,0.769,374.43,445.353094,13.748459,-70.69,41.300611,6874.229474,20130906_060811
3,KBOX20130906_101758_V06,2,0.296,377.73,449.021158,14.677955,-70.67,41.284019,7338.977622,20130906_061758
3,KBOX20130906_102744_V06,12,0.750,377.62,455.184691,19.184489,-70.67,41.256273,9592.244695,20130906_062744
3,KBOX20130906_103731_V06,22,0.713,377.22,458.925902,24.294002,-70.68,41.239440,12147.001130,20130906_063731
3,KBOX20130906_104717_V06,32,0.170,375.77,448.455811,17.820541,-70.69,41.286611,8910.270691,20130906_064717
1,KBOX20130906_095824_V06,-17,0.881,356.17,272.119232,5.552139,-70.80,42.080835,2776.069641,20130906_055824
1,KBOX20130906_100811_V06,-7,0.641,357.24,273.758822,13.330409,-70.79,42.073435,6665.204685,20130906_060811
1,KBOX20130906_101758_V06,2,0.188,350.15,281.230413,27.789361,-70.83,42.039923,13894.680731,20130906_061758
1,KBOX20130906_102744_V06,12,0.087,353.05,281.758858,30.473198,-70.82,42.037497,15236.598820,20130906_062744
1,KBOX20130906_103731_V06,22,-1.000,354.20,283.541858,35.390864,-70.81,42.029451,17695.432195,20130906_063731
1,KBOX20130906_104717_V06,32,0.079,353.65,286.511017,30.911499,-70.81,42.016095,15455.749512,20130906_064717
13,KBOX20130906_100811_V06,-7,0.723,316.57,181.114685,5.363617,-71.04,42.490931,2681.808472,20130906_060811
13,KBOX20130906_101758_V06,2,0.091,314.81,181.620483,20.101660,-71.05,42.488663,10050.829762,20130906_061758
13,KBOX20130906_102744_V06,12,0.113,311.94,191.340486,24.145287,-71.06,42.444924,12072.643326,20130906_062744
13,KBOX20130906_103731_V06,22,0.062,311.37,200.017929,27.694584,-71.07,42.405868,13847.291812,20130906_063731
25,KBOX20130906_101758_V06,2,0.517,224.46,433.577820,9.908699,-71.59,41.353597,4954.349518,20130906_061758
25,KBOX20130906_102744_V06,12,0.562,224.00,435.664384,18.998843,-71.59,41.344192,9499.421518,20130906_062744
25,KBOX20130906_103731_V06,22,0.329,221.08,435.396849,22.031906,-71.61,41.345326,11015.953085,20130906_063731
25,KBOX20130906_104717_V06,32,0.256,208.21,440.023279,35.106619,-71.69,41.324155,17553.309709,20130906_064717
47,KBOX20130906_104717_V06,32,0.051,233.64,337.791199,3.537552,-71.54,41.785013,1768.775940,20130906_064717
47,KBOX20130906_105704_V06,42,0.078,232.05,338.602262,11.923407,-71.55,41.781328,5961.703678,20130906_065704
47,KBOX20130906_110650_V06,51,0.238,224.60,339.630810,12.349669,-71.59,41.776530,6174.834597,20130906_070650
47,KBOX20130906_111637_V06,61,0.205,222.78,341.836919,13.604618,-71.60,41.766555,6802.309171,20130906_071637
23,KBOX20130906_101758_V06,2,0.704,70.31,302.722321,10.080029,-72.52,41.935222,5040.014267,20130906_061758
23,KBOX20130906_102744_V06,12,0.487,71.93,305.161631,20.974482,-72.51,41.924361,10487.241000,20130906_062744
23,KBOX20130906_103731_V06,22,0.063,72.88,310.776020,28.123394,-72.51,41.899160,14061.696781,20130906_063731
24,KBOX20130906_101758_V06,2,0.678,130.70,503.534180,11.310223,-72.14,41.035084,5655.111313,20130906_061758
24,KBOX20130906_102744_V06,12,0.529,130.99,503.888880,17.711304,-72.14,41.033502,8855.652072,20130906_062744
24,KBOX20130906_103731_V06,22,0.312,93.22,496.668755,21.013974,-72.37,41.063801,10506.987210,20130906_063731
14,KBOX20130906_100811_V06,-7,0.640,304.34,407.625732,8.020172,-71.11,41.471322,4010.086060,20130906_060811
14,KBOX20130906_101758_V06,2,0.460,307.61,408.382592,14.077948,-71.09,41.467909,7038.973982,20130906_061758
26,KBOX20130906_101758_V06,2,0.444,99.62,486.963409,7.581951,-72.33,41.107896,3790.975571,20130906_061758
26,KBOX20130906_102744_V06,12,0.092,99.63,488.123288,17.049818,-72.33,41.102675,8524.909077,20130906_062744
34,KBOX20130906_103731_V06,22,0.185,405.32,448.490112,11.947517,-70.51,41.285621,5973.758698,20130906_063731
34,KBOX20130906_104717_V06,32,0.061,402.61,444.831306,19.700549,-70.52,41.302181,9850.274290,20130906_064717
34,KBOX20130906_105704_V06,42,0.133,400.73,444.769012,14.178802,-70.54,41.302521,7089.401245,20130906_065704
53,KBOX20130906_110650_V06,51,0.101,469.09,384.277710,22.760551,-70.12,41.571945,11380.275726,20130906_070650
53,KBOX20130906_111637_V06,61,0.101,466.98,381.755490,31.821760,-70.14,41.583410,15910.880074,20130906_071637
54,KBOX20130906_111637_V06,61,0.414,349.24,277.429474,36.905060,-70.84,42.057047,18452.529907,20130906_071637
54,KBOX20130906_112622_V06,71,0.287,342.91,275.583531,44.985776,-70.88,42.065449,22492.888078,20130906_072622
5,KBOX20130906_095824_V06,-17,0.189,452.86,320.790894,39.528214,-70.22,41.858544,19764.106750,20130906_055824
16,KBOX20130906_100811_V06,-7,0.226,162.63,431.758453,5.417732,-71.96,41.359730,2708.866119,20130906_060811
31,KBOX20130906_102744_V06,12,0.249,231.86,320.231171,23.593590,-71.55,41.864023,11796.794891,20130906_062744
31,KBOX20130906_103731_V06,22,0.057,232.79,319.084686,20.761353,-71.54,41.869204,10380.676270,20130906_063731
40,KBOX20130906_103731_V06,22,0.050,195.61,433.419769,11.470100,-71.76,41.353497,5735.050201,20130906_063731
48,KBOX20130906_105704_V06,42,0.251,479.40,278.132416,25.810287,-70.05,42.049159,12905.143738,20130906_065704
9,KBOX20130907_101054_V06,-6,0.947,361.39,108.407593,13.627151,-70.76,42.817623,6813.575745,20130907_061054
9,KBOX20130907_102041_V06,4,0.948,367.16,109.651908,22.758546,-70.73,42.811902,11379.272933,20130907_062041
9,KBOX20130907_103028_V06,14,0.901,377.66,113.242347,29.863378,-70.66,42.795497,14931.688973,20130907_063028
9,KBOX20130907_104014_V06,24,0.742,384.64,118.608707,36.254525,-70.62,42.771162,18127.262376,20130907_064014
9,KBOX20130907_105001_V06,34,0.253,392.61,126.971664,38.517973,-70.57,42.733294,19258.986651,20130907_065001
9,KBOX20130907_105948_V06,43,0.097,402.80,135.537864,41.354921,-70.51,42.694418,20677.460547,20130907_065948
3,KBOX20130907_100107_V06,-15,0.481,388.32,433.208405,6.323250,-70.61,41.354933,3161.624908,20130907_060107
3,KBOX20130907_101054_V06,-6,0.100,389.27,427.805815,22.687308,-70.60,41.379228,11343.653962,20130907_061054
3,KBOX20130907_102041_V06,4,0.619,409.21,426.163848,22.771815,-70.48,41.386001,11385.907418,20130907_062041
3,KBOX20130907_103028_V06,14,0.633,424.95,424.530760,26.238192,-70.39,41.392776,13119.095833,20130907_063028
3,KBOX20130907_104014_V06,24,0.127,433.40,416.043563,35.921107,-70.34,41.430642,17960.553418,20130907_064014
16,KBOX20130907_101054_V06,-6,0.072,94.19,455.141693,15.974434,-72.37,41.250800,7987.216949,20130907_061054
16,KBOX20130907_102041_V06,4,0.055,94.86,463.213166,22.803073,-72.36,41.214509,11401.536626,20130907_062041
16,KBOX20130907_103028_V06,14,0.901,116.25,441.671419,27.894737,-72.23,41.312778,13947.368258,20130907_063028
16,KBOX20130907_104014_V06,24,0.856,121.71,442.715442,39.196942,-72.20,41.308386,19598.471018,20130907_064014
16,KBOX20130907_105001_V06,34,0.422,124.02,449.862680,46.312891,-72.19,41.276340,23156.445728,20130907_065001
1,KBOX20130907_100107_V06,-15,0.773,366.17,262.510162,6.149063,-70.74,42.123894,3074.531555,20130907_060107
1,KBOX20130907_101054_V06,-6,0.952,376.42,261.253699,16.425052,-70.68,42.129318,8212.526060,20130907_061054
1,KBOX20130907_102041_V06,4,0.676,382.63,258.432065,27.648233,-70.64,42.141862,13824.116674,20130907_062041
1,KBOX20130907_103028_V06,14,0.547,387.56,258.720708,37.279315,-70.61,42.140429,18639.657496,20130907_063028
2,KBOX20130907_100107_V06,-15,0.544,439.85,354.538269,8.324478,-70.30,41.707236,4162.239075,20130907_060107
2,KBOX20130907_101054_V06,-6,0.739,447.43,352.682489,17.547481,-70.25,41.715247,8773.740696,20130907_061054
2,KBOX20130907_102041_V06,4,0.767,458.05,350.245191,25.707471,-70.19,41.725707,12853.735441,20130907_062041
2,KBOX20130907_103028_V06,14,0.594,461.47,356.766949,27.642937,-70.17,41.696178,13821.468500,20130907_063028
6,KBOX20130907_100107_V06,-15,0.122,296.31,409.390747,2.108955,-71.16,41.463377,1054.477692,20130907_060107
6,KBOX20130907_101054_V06,-6,0.811,303.06,407.043773,12.762678,-71.12,41.473944,6381.338819,20130907_061054
6,KBOX20130907_102041_V06,4,0.732,312.95,402.577149,26.072358,-71.06,41.494027,13036.179101,20130907_062041
6,KBOX20130907_103028_V06,14,0.061,320.76,413.339684,31.115211,-71.01,41.445534,15557.605643,20130907_063028
22,KBOX20130907_105948_V06,43,0.109,298.48,407.626770,5.829895,-71.15,41.471320,2914.947510,20130907_065948
22,KBOX20130907_110935_V06,53,0.062,302.47,406.080057,16.877215,-71.12,41.478283,8438.607644,20130907_070935
22,KBOX20130907_111922_V06,63,0.090,302.50,398.725829,19.779781,-71.12,41.511391,9889.890662,20130907_071922
22,KBOX20130907_112907_V06,73,0.100,311.10,402.394322,18.991009,-71.07,41.494857,9495.504516,20130907_072907
19,KBOX20130907_105001_V06,34,0.146,227.04,444.595642,15.634201,-71.57,41.304055,7817.100525,20130907_065001
19,KBOX20130907_105948_V06,43,0.449,224.74,447.676302,23.826723,-71.59,41.290132,11913.361276,20130907_065948
24,KBOX20130907_112907_V06,73,0.086,368.35,415.763672,4.643166,-70.73,41.433957,2321.582794,20130907_072907
24,KBOX20130907_113854_V06,82,0.061,352.35,411.733313,14.617706,-70.82,41.452404,7308.852901,20130907_073854
17,KBOX20130907_102041_V06,4,0.941,111.46,439.826111,17.139574,-72.26,41.320806,8569.787025,20130907_062041
6,KBOX20130908_101621_V06,-1,0.442,116.63,439.593323,16.400906,-72.23,41.322154,8200.452805,20130908_061621
6,KBOX20130908_102211_V06,5,0.637,114.34,436.914632,21.123817,-72.25,41.334080,10561.908502,20130908_062211
6,KBOX20130908_102801_V06,11,0.827,120.47,433.834333,25.130328,-72.21,41.348296,12565.163984,20130908_062801
6,KBOX20130908_103350_V06,16,0.942,119.74,437.930400,28.841667,-72.21,41.329816,14420.833739,20130908_063350
6,KBOX20130908_103941_V06,22,0.932,122.20,435.999824,32.356818,-72.20,41.338644,16178.409057,20130908_063941
6,KBOX20130908_104531_V06,28,0.881,127.14,433.920151,35.582833,-72.17,41.348277,17791.416514,20130908_064531
6,KBOX20130908_105122_V06,34,0.870,133.20,434.822541,35.377900,-72.13,41.344536,17688.949810,20130908_065122
6,KBOX20130908_105712_V06,40,0.233,137.39,433.866344,39.149580,-72.11,41.349057,19574.789847,20130908_065712
6,KBOX20130908_110303_V06,46,0.144,124.26,432.594622,38.280731,-72.19,41.354087,19140.365273,20130908_070303
6,KBOX20130908_110853_V06,51,0.120,135.23,424.155724,50.611591,-72.12,41.392660,25305.795583,20130908_070853
6,KBOX20130908_111445_V06,57,0.232,137.20,388.109650,27.568764,-72.11,41.555024,13784.381866,20130908_071445
1,KBOX20130908_101031_V06,-7,0.742,306.22,402.298889,13.694000,-71.10,41.495300,6847.000122,20130908_061031
1,KBOX20130908_101621_V06,-1,0.948,310.79,402.307773,21.146294,-71.07,41.495248,10573.146805,20130908_061621
1,KBOX20130908_102211_V06,5,0.817,314.07,398.379851,27.515080,-71.05,41.512918,13757.539885,20130908_062211
1,KBOX20130908_102801_V06,11,0.454,323.83,404.872625,26.973819,-70.99,41.483630,13486.909385,20130908_062801
1,KBOX20130908_103350_V06,16,0.343,330.82,411.959248,25.807426,-70.95,41.451667,12903.713043,20130908_063350
1,KBOX20130908_103941_V06,22,0.590,337.59,407.112494,30.801297,-70.91,41.473414,15400.648367,20130908_063941
1,KBOX20130908_104531_V06,28,0.625,342.67,400.447356,37.071927,-70.88,41.503356,18535.963697,20130908_064531
1,KBOX20130908_105122_V06,34,0.359,347.39,398.079297,41.247227,-70.85,41.513950,20623.613420,20130908_065122
2,KBOX20130908_101031_V06,-7,0.303,387.28,432.930969,9.472977,-70.62,41.356210,4736.488342,20130908_061031
2,KBOX20130908_101621_V06,-1,0.560,389.79,431.387324,16.877046,-70.60,41.363090,8438.522978,20130908_061621
2,KBOX20130908_102211_V06,5,0.373,398.41,426.828581,20.468699,-70.55,41.383359,10234.349300,20130908_062211
2,KBOX20130908_102801_V06,11,0.300,409.51,425.543960,21.846393,-70.48,41.388781,10923.196661,20130908_062801
2,KBOX20130908_103350_V06,16,0.256,417.64,424.326608,22.499869,-70.43,41.393973,11249.934289,20130908_063350
21,KBOX20130908_110303_V06,46,0.055,93.80,486.135956,29.616653,-72.37,41.111253,14808.326721,20130908_070303
21,KBOX20130908_110853_V06,51,0.184,92.27,487.456921,35.822780,-72.37,41.105208,17911.389783,20130908_070853
21,KBOX20130908_111445_V06,57,0.080,87.81,492.621150,35.943001,-72.40,41.081670,17971.500450,20130908_071445
21,KBOX20130908_112035_V06,63,0.258,83.47,494.083527,29.498882,-72.43,41.074798,14749.441147,20130908_072035
15,KBOX20130908_105122_V06,34,0.083,470.51,462.446045,8.007675,-70.12,41.219990,4003.837585,20130908_065122
16,KBOX20130908_105122_V06,34,0.060,81.07,475.870026,26.872532,-72.44,41.156623,13436.265945,20130908_065122
23,KBOX20130908_111445_V06,57,0.086,275.31,406.821960,2.093651,-71.29,41.474848,1046.825409,20130908_071445
25,KBOX20130908_113216_V06,75,0.175,342.12,408.250916,20.514938,-70.89,41.468232,10257.469177,20130908_073216
6,KBOX20130909_100922_V06,-9,0.942,357.38,268.904114,8.932739,-70.79,42.095285,4466.369629,20130909_060922
6,KBOX20130909_101907_V06,1,0.715,356.11,267.988663,19.730766,-70.80,42.099429,9865.383064,20130909_061907
6,KBOX20130909_102853_V06,10,0.760,358.76,266.188483,24.010695,-70.78,42.107484,12005.347689,20130909_062853
6,KBOX20130909_103839_V06,20,0.840,358.02,265.468134,29.744032,-70.79,42.110740,14872.015983,20130909_063839
6,KBOX20130909_104826_V06,30,0.874,359.62,263.897586,30.678103,-70.78,42.117780,15339.051277,20130909_064826
6,KBOX20130909_105812_V06,40,0.840,352.12,268.069759,38.731129,-70.82,42.099133,19365.564443,20130909_065812
6,KBOX20130909_110757_V06,49,0.840,347.60,272.136031,45.139154,-70.85,42.080900,22569.577142,20130909_070757
6,KBOX20130909_111743_V06,59,0.740,350.03,276.019772,44.483121,-70.84,42.063380,22241.560340,20130909_071743
6,KBOX20130909_112730_V06,69,0.258,345.66,282.097647,51.306926,-70.86,42.036087,25653.463209,20130909_072730
6,KBOX20130909_113718_V06,79,0.063,338.23,286.446469,58.265374,-70.91,42.016610,29132.687166,20130909_073718
7,KBOX20130909_100922_V06,-9,0.923,288.47,411.364258,8.367821,-71.21,41.454474,4183.910370,20130909_060922
7,KBOX20130909_101907_V06,1,0.915,287.14,413.246329,17.517488,-71.21,41.445995,8758.743991,20130909_061907
7,KBOX20130909_102853_V06,10,0.868,288.04,414.708705,25.344111,-71.21,41.439415,12672.055581,20130909_062853
7,KBOX20130909_103839_V06,20,0.842,286.32,415.307617,33.932490,-71.22,41.436712,16966.245155,20130909_063839
7,KBOX20130909_104826_V06,30,0.893,283.87,414.876489,38.498302,-71.23,41.438642,19249.151033,20130909_064826
7,KBOX20130909_105812_V06,40,0.879,285.37,417.625098,44.039461,-71.23,41.426275,22019.730630,20130909_065812
7,KBOX20130909_110757_V06,49,0.591,278.15,412.706919,53.157078,-71.27,41.448375,26578.538976,20130909_070757
7,KBOX20130909_111743_V06,59,0.714,281.61,406.031222,57.387191,-71.25,41.478450,28693.595357,20130909_071743
7,KBOX20130909_112730_V06,69,0.540,282.17,410.668565,58.391269,-71.24,41.457577,29195.634280,20130909_072730
7,KBOX20130909_113718_V06,79,0.111,284.97,411.820611,60.504737,-71.23,41.452404,30252.368515,20130909_073718
19,KBOX20130909_101907_V06,1,0.897,90.97,444.322357,13.238052,-72.39,41.299294,6619.026184,20130909_061907
19,KBOX20130909_102853_V06,10,0.860,93.41,446.758347,23.132231,-72.37,41.288487,11566.115400,20130909_062853
19,KBOX20130909_103839_V06,20,0.894,99.60,448.980489,29.967214,-72.33,41.278877,14983.606885,20130909_063839
19,KBOX20130909_104826_V06,30,0.771,102.61,454.314127,39.367376,-72.32,41.255054,19683.688189,20130909_064826
19,KBOX20130909_105812_V06,40,0.827,106.21,450.665853,43.858655,-72.29,41.271697,21929.327254,20130909_065812
19,KBOX20130909_110757_V06,49,0.743,112.61,449.307409,43.426886,-72.26,41.278192,21713.443229,20130909_070757
19,KBOX20130909_111743_V06,59,0.671,114.76,451.857148,50.814258,-72.24,41.266839,25407.129127,20130909_071743
19,KBOX20130909_112730_V06,69,0.574,114.42,450.381197,53.073447,-72.24,41.273464,26536.723575,20130909_072730
19,KBOX20130909_113718_V06,79,0.104,115.02,447.765007,57.571178,-72.24,41.285276,28785.588852,20130909_073718
1,KBOX20130909_095936_V06,-19,0.838,428.35,358.907593,5.391586,-70.37,41.688053,2695.793152,20130909_055936
1,KBOX20130909_100922_V06,-9,0.830,427.00,360.641654,15.150315,-70.37,41.680301,7575.157622,20130909_060922
1,KBOX20130909_101907_V06,1,0.911,424.52,367.349694,22.227949,-70.39,41.650203,11113.974548,20130909_061907
1,KBOX20130909_102853_V06,10,0.924,429.15,369.654546,25.090974,-70.36,41.639643,12545.487152,20130909_062853
1,KBOX20130909_103839_V06,20,0.750,429.57,375.803555,30.913181,-70.36,41.611946,15456.590568,20130909_063839
1,KBOX20130909_104826_V06,30,0.796,436.11,376.148318,30.285937,-70.32,41.610121,15142.968592,20130909_064826
1,KBOX20130909_105812_V06,40,0.595,431.85,387.014263,39.172519,-70.35,41.561386,19586.259344,20130909_065812
1,KBOX20130909_110757_V06,49,0.131,430.05,392.605498,44.155828,-70.36,41.536291,22077.913825,20130909_070757
4,KBOX20130909_095936_V06,-19,0.050,478.37,303.289795,2.439484,-70.06,41.935983,1219.741821,20130909_055936
4,KBOX20130909_100922_V06,-9,0.521,476.99,306.175076,14.190483,-70.07,41.923074,7095.241750,20130909_060922
4,KBOX20130909_101907_V06,1,0.787,476.27,308.754040,16.474648,-70.08,41.911506,8237.324070,20130909_061907
4,KBOX20130909_102853_V06,10,0.774,473.52,313.353938,24.085035,-70.09,41.890953,12042.517662,20130909_062853
4,KBOX20130909_103839_V06,20,0.696,462.98,314.919604,33.570789,-70.16,41.884467,16785.394314,20130909_063839
4,KBOX20130909_104826_V06,30,-1.000,453.06,316.753789,42.937604,-70.22,41.876707,21468.802006,20130909_064826
4,KBOX20130909_105812_V06,40,-1.000,443.14,318.587975,52.304419,-70.28,41.868915,26152.209699,20130909_065812
4,KBOX20130909_110757_V06,49,0.081,454.08,328.143914,49.325244,-70.21,41.825387,24662.621949,20130909_070757
4,KBOX20130909_111743_V06,59,0.084,446.07,325.558221,55.178673,-70.26,41.837406,27589.336304,20130909_071743
8,KBOX20130909_100922_V06,-9,0.913,227.58,430.564209,6.477486,-71.57,41.367236,3238.742828,20130909_060922
8,KBOX20130909_101907_V06,1,0.528,226.72,428.830465,16.096231,-71.58,41.375022,8048.115486,20130909_061907
8,KBOX20130909_102853_V06,10,0.561,228.08,426.733703,15.770108,-71.57,41.384492,7885.054069,20130909_062853
8,KBOX20130909_103839_V06,20,0.479,225.45,432.592558,22.310651,-71.58,41.358056,11155.325509,20130909_063839
8,KBOX20130909_104826_V06,30,0.213,221.57,432.879714,27.732082,-71.61,41.356670,13866.041074,20130909_064826
2,KBOX20130909_095936_V06,-19,0.625,427.88,358.559265,9.918289,-70.37,41.689640,4959.144592,20130909_055936
2,KBOX20130909_100922_V06,-9,0.103,449.26,366.001137,19.864663,-70.24,41.655208,9932.331252,20130909_060922
2,KBOX20130909_101907_V06,1,0.350,466.90,378.281796,22.504606,-70.14,41.599050,11252.302942,20130909_061907
2,KBOX20130909_102853_V06,10,0.468,471.96,377.193726,19.736069,-70.11,41.603679,9868.034363,20130909_062853
9,KBOX20130909_100922_V06,-9,0.614,464.14,458.955505,9.131630,-70.16,41.236035,4565.814972,20130909_060922
9,KBOX20130909_101907_V06,1,0.906,462.50,463.544905,17.693192,-70.17,41.215459,8846.595790,20130909_061907
9,KBOX20130909_102853_V06,10,0.721,465.85,465.524143,18.220069,-70.15,41.206377,9110.034494,20130909_062853
11,KBOX20130909_100922_V06,-9,0.423,370.05,448.337494,15.983742,-70.72,41.287274,7991.870880,20130909_060922
11,KBOX20130909_101907_V06,1,0.661,372.93,456.893404,28.359083,-70.70,41.248691,14179.541536,20130909_061907
11,KBOX20130909_102853_V06,10,0.546,370.02,458.366525,27.821468,-70.72,41.242123,13910.734196,20130909_062853
21,KBOX20130909_101907_V06,1,0.368,71.07,295.218658,9.348515,-72.52,41.969049,4674.257278,20130909_061907
21,KBOX20130909_102853_V06,10,0.150,71.24,296.847216,22.427784,-72.52,41.961732,11213.891978,20130909_062853
28,KBOX20130909_104826_V06,30,0.791,470.72,308.598907,28.885727,-70.11,41.912509,14442.863464,20130909_064826
28,KBOX20130909_105812_V06,40,0.778,463.77,312.386028,37.750553,-70.15,41.895831,18875.276677,20130909_065812
17,KBOX20130909_100922_V06,-9,0.131,372.75,148.480927,12.634323,-70.69,42.637012,6317.161560,20130909_060922
22,KBOX20130909_101907_V06,1,0.357,245.19,408.778839,10.436783,-71.47,41.465663,5218.391418,20130909_061907
27,KBOX20130909_102853_V06,10,0.077,236.96,341.017120,7.518124,-71.52,41.770559,3759.061813,20130909_062853
29,KBOX20130909_104826_V06,30,0.080,310.09,468.963623,17.506714,-71.08,41.195163,8753.356934,20130909_064826
32,KBOX20130909_105812_V06,40,0.227,72.98,287.757294,28.510612,-72.51,42.002769,14255.306244,20130909_065812
32,KBOX20130909_110757_V06,49,-1.000,72.98,287.757294,42.820612,-72.51,42.002769,21410.306244,20130909_070757
32,KBOX20130909_111743_V06,59,0.080,84.98,291.050293,36.742004,-72.43,41.988789,18371.002197,20130909_071743
3,KBOX20130910_101539_V06,-4,0.681,361.31,261.946472,6.947052,-70.77,42.126530,3473.526001,20130910_061539
3,KBOX20130910_102129_V06,2,0.830,366.26,259.213863,13.507203,-70.74,42.138730,6753.601575,20130910_062129
3,KBOX20130910_102720_V06,8,0.102,374.49,251.588248,20.742897,-70.69,42.172872,10371.448619,20130910_062720
5,KBOX20130910_102129_V06,2,0.174,375.02,426.218903,19.065712,-70.69,41.386739,9532.855988,20130910_062129
5,KBOX20130910_102720_V06,8,0.550,380.00,425.810453,25.282719,-70.66,41.388456,12641.359619,20130910_062720
5,KBOX20130910_103310_V06,14,0.077,388.41,422.515214,26.897574,-70.61,41.403070,13448.787070,20130910_063310
5,KBOX20130910_103901_V06,20,-1.000,396.11,419.726890,29.386255,-70.56,41.415400,14693.127288,20130910_063901
5,KBOX20130910_104451_V06,25,0.122,399.42,418.019287,26.308411,-70.54,41.422986,13154.205322,20130910_064451
15,KBOX20130910_105633_V06,37,0.063,408.46,269.337738,9.950348,-70.48,42.091988,4975.173950,20130910_065633
15,KBOX20130910_110224_V06,43,0.055,410.98,270.338369,16.448289,-70.47,42.087396,8224.144550,20130910_070224
19,KBOX20130910_110815_V06,49,0.083,336.45,411.868134,27.481148,-70.92,41.452018,13740.573883,20130910_070815
19,KBOX20130910_111405_V06,55,0.071,339.28,412.590755,34.359285,-70.90,41.448731,17179.642484,20130910_071405
10,KBOX20130910_105043_V06,31,0.178,405.17,272.402161,13.652771,-70.50,42.078305,6826.385498,20130910_065043
13,KBOX20130910_105633_V06,37,0.187,464.02,399.398438,30.979836,-70.16,41.504144,15489.917755,20130910_065633
14,KBOX20130910_105633_V06,37,0.125,322.41,407.663513,28.829720,-71.00,41.471076,14414.859772,20130910_065633
21,KBOX20130910_113137_V06,72,0.063,435.48,284.397766,35.141602,-70.32,42.023152,17570.800781,20130910_073137
21,KBOX20130910_113728_V06,78,0.157,453.59,287.677429,28.699249,-70.21,42.007560,14349.624634,20130910_073728
7,KBOX20130913_104604_V06,24,0.934,299.64,407.166107,8.352463,-71.14,41.473394,4176.231384,20130913_064604
7,KBOX20130913_105155_V06,29,0.954,301.73,405.420326,12.515867,-71.13,41.481253,6257.933732,20130913_065155
7,KBOX20130913_105744_V06,35,0.938,305.03,402.483775,16.082784,-71.11,41.494470,8041.392079,20130913_065744
7,KBOX20130913_110334_V06,41,0.873,308.78,397.291635,20.543691,-71.08,41.517836,10271.845282,20130913_070334
7,KBOX20130913_110925_V06,47,0.495,311.45,392.490894,23.384679,-71.07,41.539440,11692.339364,20130913_070925
7,KBOX20130913_111515_V06,53,0.181,312.26,387.425138,28.850528,-71.06,41.562243,14425.263977,20130913_071515
7,KBOX20130913_112104_V06,59,0.231,298.95,408.890045,4.718849,-71.14,41.465633,2359.424591,20130913_072104
7,KBOX20130913_112654_V06,64,0.173,300.23,409.416307,11.275463,-71.14,41.463264,5637.731631,20130913_072654
13,KBOX20130913_112654_V06,64,0.073,45.15,458.621735,46.427567,-72.66,41.231612,23213.783264,20130913_072654
13,KBOX20130913_113244_V06,70,0.106,54.60,472.091766,35.063389,-72.60,41.171717,17531.694412,20130913_073244
4,KBOX20130914_101112_V06,-12,0.872,294.60,415.973480,5.547195,-71.17,41.433739,2773.597717,20130914_061112
4,KBOX20130914_102056_V06,-3,0.971,294.39,419.446840,14.840460,-71.17,41.418102,7420.229787,20130914_062056
4,KBOX20130914_103041_V06,7,0.930,295.02,418.566435,20.229145,-71.17,41.422066,10114.572282,20130914_063041
4,KBOX20130914_104027_V06,17,0.408,298.86,414.919675,29.726350,-71.14,41.438488,14863.174785,20130914_064027
4,KBOX20130914_105013_V06,27,0.286,302.70,422.656532,39.556963,-71.12,41.403656,19778.481685,20130914_065013
4,KBOX20130914_105958_V06,36,0.221,297.44,425.312690,43.519426,-71.15,41.391698,21759.712908,20130914_065958
4,KBOX20130914_110944_V06,46,0.294,299.96,426.036507,46.576103,-71.14,41.388440,23288.051539,20130914_070944
4,KBOX20130914_111930_V06,56,-1.000,301.38,427.234498,50.030234,-71.13,41.383046,25015.116977,20130914_071930
4,KBOX20130914_112916_V06,66,0.115,281.16,395.532776,21.124352,-71.25,41.525711,10562.175751,20130914_072916
14,KBOX20130914_103041_V06,7,0.941,97.87,448.604614,17.946548,-72.34,41.280460,8973.274231,20130914_063041
14,KBOX20130914_104027_V06,17,0.951,102.82,450.678051,28.663102,-72.31,41.271435,14331.550803,20130914_064027
14,KBOX20130914_105013_V06,27,0.935,110.21,452.266128,37.376806,-72.27,41.264733,18688.402966,20130914_065013
14,KBOX20130914_105958_V06,36,0.768,114.06,457.534098,45.348578,-72.25,41.241244,22674.288853,20130914_065958
14,KBOX20130914_110944_V06,46,0.152,105.18,453.288190,47.328975,-72.30,41.259830,23664.487624,20130914_070944
11,KBOX20130914_102056_V06,-3,0.959,359.76,274.064178,11.232834,-70.78,42.072014,5616.416931,20130914_062056
11,KBOX20130914_103041_V06,7,0.836,361.02,277.528289,21.273203,-70.77,42.056396,10636.601492,20130914_063041
11,KBOX20130914_104027_V06,17,0.670,362.17,280.800817,26.066590,-70.76,42.041642,13033.294901,20130914_064027
11,KBOX20130914_105013_V06,27,-1.000,363.32,284.073074,31.195024,-70.76,42.026890,15597.511855,20130914_065013
11,KBOX20130914_105958_V06,36,0.055,345.89,274.136519,37.062343,-70.86,42.071921,18531.171451,20130914_065958
11,KBOX20130914_110944_V06,46,0.447,342.59,262.192078,27.218796,-70.88,42.125734,13609.397888,20130914_070944
11,KBOX20130914_111930_V06,56,0.607,341.13,264.503318,34.353124,-70.89,42.115350,17176.562013,20130914_071930
11,KBOX20130914_112916_V06,66,-1.000,339.76,266.683734,41.983622,-70.90,42.105552,20991.811187,20130914_072916
11,KBOX20130914_113901_V06,76,0.279,348.58,293.443787,13.900681,-70.84,41.984969,6950.340271,20130914_073901
11,KBOX20130914_114847_V06,85,0.089,352.71,290.138477,24.947405,-70.82,41.999782,12473.702750,20130914_074847
25,KBOX20130914_104027_V06,17,0.102,472.55,293.124634,20.320984,-70.10,41.982061,10160.491943,20130914_064027
25,KBOX20130914_105013_V06,27,0.689,466.86,296.958483,26.186656,-70.13,41.965111,13093.327827,20130914_065013
25,KBOX20130914_105958_V06,36,0.492,458.91,304.140138,28.318559,-70.18,41.933195,14159.279600,20130914_065958
25,KBOX20130914_110944_V06,46,0.056,451.91,320.982077,39.066076,-70.22,41.857729,19533.037790,20130914_070944
2,KBOX20130914_100126_V06,-22,0.546,430.36,359.342407,4.781517,-70.35,41.686014,2390.758514,20130914_060126
2,KBOX20130914_101112_V06,-12,0.085,411.74,358.849110,14.675333,-70.47,41.688945,7337.666508,20130914_061112
2,KBOX20130914_102056_V06,-3,0.311,381.23,371.971191,27.207553,-70.65,41.630800,13603.776404,20130914_062056
5,KBOX20130914_101112_V06,-12,0.641,478.61,307.823151,7.171875,-70.06,41.915565,3585.937500,20130914_061112
5,KBOX20130914_102056_V06,-3,0.885,481.24,306.627821,17.718157,-70.05,41.920795,8859.078714,20130914_062056
6,KBOX20130914_101112_V06,-12,0.379,472.20,368.429779,5.748199,-70.10,41.643116,2874.099731,20130914_061112
7,KBOX20130914_101112_V06,-12,0.296,305.37,362.550720,12.439522,-71.11,41.674242,6219.760895,20130914_061112
16,KBOX20130914_103041_V06,7,0.336,381.84,458.461731,25.854929,-70.65,41.241415,12927.464485,20130914_063041
17,KBOX20130914_103041_V06,7,0.302,465.19,451.171417,8.168785,-70.15,41.271023,4084.392548,20130914_063041
18,KBOX20130914_103041_V06,7,0.237,277.35,221.178711,5.529892,-71.27,42.310556,2764.945984,20130914_063041
27,KBOX20130914_104027_V06,17,0.050,48.69,318.344849,7.504332,-72.65,41.863265,3752.165794,20130914_064027
30,KBOX20130914_105013_V06,27,0.066,287.23,169.900635,34.693897,-71.22,42.541425,17346.948624,20130914_065013
34,KBOX20130914_110944_V06,46,0.144,370.06,439.961731,25.261589,-70.72,41.324981,12630.794525,20130914_070944
43,KBOX20130914_113901_V06,76,0.079,378.60,162.054718,7.992554,-70.66,42.575774,3996.276855,20130914_073901
5,KBOX20130915_101316_V06,-11,0.806,482.11,309.323822,11.673325,-70.04,41.908610,5836.662292,20130915_061316
5,KBOX20130915_102303_V06,-1,0.810,483.00,309.123982,17.373812,-70.03,41.909459,8686.906199,20130915_062303
5,KBOX20130915_103250_V06,8,0.621,481.45,306.011348,19.732459,-70.04,41.923558,9866.229323,20130915_063250
5,KBOX20130915_104236_V06,18,0.684,481.27,306.525922,23.662312,-70.04,41.921252,11831.155870,20130915_064236
5,KBOX20130915_105223_V06,28,0.672,475.52,312.911190,30.207983,-70.08,41.892836,15103.991694,20130915_065223
5,KBOX20130915_110210_V06,38,0.773,467.03,314.140018,35.543343,-70.13,41.887765,17771.671460,20130915_070210
5,KBOX20130915_111156_V06,47,0.731,461.77,313.191786,36.842728,-70.16,41.892307,18421.364073,20130915_071156
5,KBOX20130915_112143_V06,57,0.560,455.29,311.386756,39.197213,-70.20,41.900756,19598.606337,20130915_072143
5,KBOX20130915_113130_V06,67,0.827,447.43,312.092440,39.650160,-70.25,41.897956,19825.080100,20130915_073130
5,KBOX20130915_114117_V06,77,0.669,443.87,311.943879,38.960870,-70.27,41.898789,19480.435066,20130915_074117
5,KBOX20130915_115104_V06,87,0.764,444.85,312.339777,39.718452,-70.26,41.896963,19859.226153,20130915_075104
4,KBOX20130915_101316_V06,-11,0.963,358.66,270.042358,8.423019,-70.78,42.090138,4211.509705,20130915_061316
4,KBOX20130915_102303_V06,-1,0.855,360.81,272.064930,20.300031,-70.77,42.080993,10150.015256,20130915_062303
4,KBOX20130915_103250_V06,8,0.459,364.44,273.078979,28.643131,-70.75,42.076356,14321.565568,20130915_063250
4,KBOX20130915_104236_V06,18,0.593,370.83,274.978344,35.931170,-70.71,42.067669,17965.584927,20130915_064236
4,KBOX20130915_105223_V06,28,0.784,367.90,278.277199,43.167375,-70.73,42.052884,21583.687534,20130915_065223
4,KBOX20130915_110210_V06,38,0.790,365.19,278.344502,46.058430,-70.74,42.052638,23029.214953,20130915_070210
4,KBOX20130915_111156_V06,47,0.808,368.36,274.397138,44.096005,-70.72,42.070340,22048.002326,20130915_071156
4,KBOX20130915_112143_V06,57,0.435,363.23,286.094470,53.868736,-70.76,42.017792,26934.368201,20130915_072143
4,KBOX20130915_113130_V06,67,-1.000,358.69,296.663070,62.814711,-70.78,41.970306,31407.355503,20130915_073130
4,KBOX20130915_114117_V06,77,0.214,342.83,323.098253,85.617030,-70.88,41.851561,42808.514858,20130915_074117
6,KBOX20130915_101316_V06,-11,0.781,294.08,409.595734,6.398788,-71.17,41.462451,3199.394226,20130915_061316
6,KBOX20130915_102303_V06,-1,0.922,299.02,410.992522,15.171834,-71.14,41.456168,7585.916974,20130915_062303
6,KBOX20130915_103250_V06,8,0.779,304.26,413.015829,25.141512,-71.11,41.447056,12570.756179,20130915_063250
6,KBOX20130915_104236_V06,18,0.814,306.71,409.251407,33.795666,-71.10,41.463999,16897.833193,20130915_064236
6,KBOX20130915_105223_V06,28,0.157,306.91,413.800531,32.556702,-71.10,41.443519,16278.350758,20130915_065223
6,KBOX20130915_110210_V06,38,0.537,323.99,411.378825,43.114765,-70.99,41.454339,21557.382328,20130915_070210
9,KBOX20130915_101316_V06,-11,0.343,252.45,410.617340,4.641888,-71.42,41.457503,2320.943832,20130915_061316
9,KBOX20130915_102303_V06,-1,0.120,262.89,413.089541,19.411513,-71.36,41.446511,9705.756569,20130915_062303
9,KBOX20130915_103250_V06,8,0.411,237.26,420.973195,23.136998,-71.51,41.410619,11568.499076,20130915_063250
9,KBOX20130915_104236_V06,18,0.114,231.31,421.962077,26.923337,-71.55,41.406045,13461.668534,20130915_064236
9,KBOX20130915_105223_V06,28,0.054,231.31,421.206448,31.574946,-71.55,41.409446,15787.473060,20130915_065223
15,KBOX20130915_102303_V06,-1,0.939,99.35,440.329407,8.898724,-72.34,41.317804,4449.361801,20130915_062303
15,KBOX20130915_103250_V06,8,0.919,104.36,445.774445,20.362541,-72.31,41.293603,10181.270666,20130915_063250
15,KBOX20130915_104236_V06,18,0.909,110.43,449.313384,30.008527,-72.27,41.278037,15004.263563,20130915_064236
15,KBOX20130915_105223_V06,28,0.914,117.72,450.885448,39.436923,-72.23,41.271384,19718.461344,20130915_065223
15,KBOX20130915_110210_V06,38,0.878,125.35,453.288190,47.745265,-72.18,41.260992,23872.632304,20130915_070210
7,KBOX20130915_101316_V06,-11,0.757,350.74,113.240173,6.406708,-70.83,42.796065,3203.353882,20130915_061316
7,KBOX20130915_102303_V06,-1,0.948,357.53,117.707187,17.193474,-70.79,42.775841,8596.736888,20130915_062303
7,KBOX20130915_103250_V06,8,0.854,367.54,118.973147,25.983549,-70.72,42.769941,12991.774700,20130915_063250
7,KBOX20130915_104236_V06,18,0.343,368.54,128.543023,36.554342,-70.72,42.726846,18277.170881,20130915_064236
8,KBOX20130915_101316_V06,-11,0.487,477.71,370.289795,8.538712,-70.07,41.634440,4269.355774,20130915_061316
8,KBOX20130915_102303_V06,-1,0.543,483.44,373.805303,19.788075,-70.04,41.618290,9894.037640,20130915_062303
19,KBOX20130915_103250_V06,8,0.553,387.20,443.092133,12.380524,-70.62,41.310467,6190.261841,20130915_063250
22,KBOX20130915_103250_V06,8,0.161,351.48,432.190308,14.590012,-70.83,41.360321,7295.005798,20130915_063250
27,KBOX20130915_111156_V06,47,0.180,269.98,412.752930,26.425259,-71.32,41.448101,13212.629318,20130915_071156
1,KBOX20130916_100958_V06,-16,0.061,358.94,264.784302,1.744843,-70.78,42.113802,872.421265,20130916_060958
1,KBOX20130916_101549_V06,-10,0.828,362.52,267.094114,8.263341,-70.76,42.103335,4131.670328,20130916_061549
1,KBOX20130916_102140_V06,-4,0.824,369.46,269.386992,13.484759,-70.72,42.092868,6742.379476,20130916_062140
1,KBOX20130916_102732_V06,2,0.896,376.31,271.772332,18.510618,-70.68,42.081972,9255.309139,20130916_062732
1,KBOX20130916_103323_V06,8,0.897,378.10,275.031362,27.427441,-70.67,42.067258,13713.720738,20130916_063323
1,KBOX20130916_103915_V06,14,0.916,385.19,278.235501,29.681241,-70.62,42.052652,14840.620375,20130916_063915
1,KBOX20130916_104506_V06,20,0.917,392.99,283.686246,31.766643,-70.58,42.027895,15883.321367,20130916_064506
2,KBOX20130916_101549_V06,-10,0.543,297.51,409.784485,7.884727,-71.15,41.461605,3942.363739,20130916_061549
2,KBOX20130916_102140_V06,-4,0.940,303.39,410.359279,11.375767,-71.12,41.459017,5687.883468,20130916_062140
2,KBOX20130916_102732_V06,2,0.917,311.68,410.400289,17.885349,-71.07,41.458813,8942.674278,20130916_062732
2,KBOX20130916_103323_V06,8,0.828,319.07,405.639568,26.723535,-71.02,41.480210,13361.767360,20130916_063323
2,KBOX20130916_103915_V06,14,0.719,328.66,411.841629,28.231758,-70.97,41.452217,14115.878893,20130916_063915
2,KBOX20130916_104506_V06,20,0.681,340.83,419.645381,26.764909,-70.89,41.416952,13382.454538,20130916_064506
2,KBOX20130916_105452_V06,29,0.111,355.29,424.921262,32.333835,-70.81,41.392983,16166.917694,20130916_065452
8,KBOX20130916_101549_V06,-10,0.059,445.72,358.133240,7.286339,-70.26,41.690789,3643.169403,20130916_061549
8,KBOX20130916_102140_V06,-4,0.109,446.44,364.319176,15.013136,-70.26,41.662910,7506.568147,20130916_062140
8,KBOX20130916_102732_V06,2,-1.000,447.06,369.621407,22.998963,-70.25,41.639014,11499.481356,20130916_062732
8,KBOX20130916_103323_V06,8,0.085,456.08,350.386182,31.501825,-70.20,41.725169,15750.912252,20130916_063323
8,KBOX20130916_103915_V06,14,0.089,459.24,333.933891,45.652908,-70.18,41.799070,22826.454096,20130916_063915
8,KBOX20130916_104506_V06,20,0.059,465.02,373.017120,23.069962,-70.15,41.622847,11534.980774,20130916_064506
12,KBOX20130916_103323_V06,8,0.134,367.18,124.218231,12.255844,-70.73,42.746341,6127.922058,20130916_063323
12,KBOX20130916_103915_V06,14,0.051,368.32,126.808827,19.219839,-70.72,42.734656,9609.919696,20130916_063915
12,KBOX20130916_104506_V06,20,0.183,370.24,140.128967,10.259628,-70.71,42.674661,5129.814148,20130916_064506
17,KBOX20130916_104506_V06,20,0.561,113.31,443.307526,19.718338,-72.25,41.305242,9859.169006,20130916_064506
17,KBOX20130916_105452_V06,29,0.647,117.14,445.563673,29.087006,-72.23,41.295307,14543.502781,20130916_065452
18,KBOX20130916_104506_V06,20,0.282,488.34,289.527771,14.260101,-70.00,41.997348,7130.050659,20130916_064506
18,KBOX20130916_105452_V06,29,0.184,492.94,288.822075,24.037949,-69.97,42.000246,12018.974542,20130916_065452
7,KBOX20130916_101549_V06,-10,0.074,376.66,431.885559,12.637543,-70.68,41.361189,6318.771362,20130916_061549
9,KBOX20130916_102140_V06,-4,0.056,390.27,439.459717,5.468811,-70.60,41.326735,2734.405518,20130916_062140
13,KBOX20130916_103323_V06,8,0.133,293.09,390.128479,5.106133,-71.18,41.550089,2553.066254,20130916_063323
28,KBOX20130916_105452_V06,29,0.058,335.04,564.743958,31.735846,-70.93,40.763754,15867.922783,20130916_065452
2,KBOX20130925_102303_V06,-12,0.941,360.83,275.417755,8.056000,-70.77,42.065900,4027.999878,20130925_062303
2,KBOX20130925_103249_V06,-3,0.909,364.59,284.862129,18.779012,-70.75,42.023312,9389.506043,20130925_063249
2,KBOX20130925_104235_V06,7,0.951,368.12,295.983730,29.061175,-70.73,41.973174,14530.587671,20130925_064235
2,KBOX20130925_105222_V06,17,0.862,374.51,305.507023,36.883382,-70.69,41.930161,18441.691012,20130925_065222
2,KBOX20130925_110209_V06,27,0.539,382.75,310.119007,41.982868,-70.64,41.909195,20991.434250,20130925_070209
2,KBOX20130925_111155_V06,36,0.763,391.96,319.906890,45.267980,-70.58,41.864880,22633.989919,20130925_071155
2,KBOX20130925_112141_V06,46,0.504,388.08,339.141747,56.507775,-70.61,41.778404,28253.887268,20130925_072141
2,KBOX20130925_113128_V06,56,0.114,393.10,344.008747,60.458662,-70.58,41.756351,30229.331074,20130925_073128
2,KBOX20130925_114115_V06,66,-1.000,397.06,350.719411,65.316165,-70.55,41.726024,32658.082326,20130925_074115
2,KBOX20130925_115101_V06,76,0.176,399.44,301.969910,28.617020,-70.54,41.945396,14308.509827,20130925_075101
14,KBOX20130925_103249_V06,-3,0.117,94.79,447.534912,4.661911,-72.36,41.285079,2330.955505,20130925_063249
14,KBOX20130925_104235_V06,7,0.918,100.45,450.654671,18.668285,-72.33,41.271393,9334.142611,20130925_064235
14,KBOX20130925_105222_V06,17,0.945,100.69,457.914583,26.150056,-72.33,41.238728,13075.027882,20130925_065222
14,KBOX20130925_110209_V06,27,0.965,101.88,466.765275,34.921293,-72.32,41.198960,17460.646628,20130925_070209
14,KBOX20130925_111155_V06,36,0.904,108.92,472.519029,40.520379,-72.28,41.173486,20260.189708,20130925_071155
14,KBOX20130925_112141_V06,46,0.774,115.67,472.094458,40.676044,-72.24,41.175792,20338.022070,20130925_072141
14,KBOX20130925_113128_V06,56,0.354,118.62,476.741880,48.324078,-72.22,41.155038,24162.038999,20130925_073128
4,KBOX20130925_102303_V06,-12,0.707,482.18,305.298553,12.577881,-70.04,41.926724,6288.940430,20130925_062303
4,KBOX20130925_103249_V06,-3,0.855,488.16,308.888620,20.766276,-70.00,41.910215,10383.138048,20130925_063249
4,KBOX20130925_104235_V06,7,0.880,491.28,312.179480,24.272387,-69.98,41.895215,12136.193535,20130925_064235
4,KBOX20130925_105222_V06,17,0.486,499.69,324.106208,33.886172,-69.94,41.841013,16943.086031,20130925_065222
4,KBOX20130925_110209_V06,27,0.051,513.76,337.809697,47.709572,-69.85,41.778415,23854.786124,20130925_070209
12,KBOX20130925_103249_V06,-3,0.309,468.77,463.531677,11.703972,-70.13,41.215195,5851.985931,20130925_063249
12,KBOX20130925_104235_V06,7,0.102,467.80,466.472536,18.876907,-70.14,41.202006,9438.453551,20130925_064235
12,KBOX20130925_105222_V06,17,0.244,467.91,475.999183,20.194176,-70.14,41.159114,10097.088094,20130925_065222
12,KBOX20130925_110209_V06,27,0.080,475.70,479.694399,26.848140,-70.09,41.142063,13424.070102,20130925_070209
18,KBOX20130925_104235_V06,7,0.892,361.28,89.893616,20.056244,-70.76,42.900953,10028.121948,20130925_064235
18,KBOX20130925_105222_V06,17,0.947,362.96,98.521657,29.432706,-70.75,42.862086,14716.353174,20130925_065222
18,KBOX20130925_110209_V06,27,0.316,367.16,105.588316,32.304369,-70.73,42.830192,16152.184642,20130925_070209
18,KBOX20130925_111155_V06,36,0.071,373.14,106.245192,31.604372,-70.69,42.827100,15802.186233,20130925_071155
3,KBOX20130925_102303_V06,-12,0.880,299.14,420.239532,13.053215,-71.14,41.414538,6526.607513,20130925_062303
3,KBOX20130925_103249_V06,-3,0.914,302.40,430.998813,24.294771,-71.12,41.366099,12147.385467,20130925_063249
3,KBOX20130925_104235_V06,7,0.844,304.94,439.903104,32.544550,-71.11,41.326008,16272.275126,20130925_064235
3,KBOX20130925_105222_V06,17,0.132,299.53,418.765747,22.170525,-71.14,41.421173,11085.262299,20130925_065222
8,KBOX20130925_102303_V06,-12,0.083,283.54,415.455383,7.943367,-71.24,41.436034,3971.683502,20130925_062303
8,KBOX20130925_103249_V06,-3,0.126,270.46,420.071300,17.892716,-71.31,41.415159,8946.357827,20130925_063249
8,KBOX20130925_104235_V06,7,0.054,262.95,417.551364,27.406695,-71.36,41.426425,13703.347571,20130925_064235
1,KBOX20130925_101316_V06,-22,0.113,304.42,145.684814,31.953476,-71.11,42.650445,15976.737976,20130925_061316
1,KBOX20130925_102303_V06,-12,0.095,304.61,151.005018,40.764447,-71.11,42.626498,20382.223283,20130925_062303
1,KBOX20130925_103249_V06,-3,0.179,310.59,172.716125,31.857147,-71.07,42.528760,15928.573608,20130925_063249
6,KBOX20130925_102303_V06,-12,0.192,431.97,366.345703,5.861435,-70.35,41.654422,2930.717468,20130925_062303
6,KBOX20130925_103249_V06,-3,0.121,434.65,374.497148,22.355546,-70.33,41.617616,11177.773164,20130925_063249
9,KBOX20130925_102303_V06,-12,0.070,475.48,367.969757,7.610085,-70.08,41.645007,3805.042267,20130925_062303
9,KBOX20130925_103249_V06,-3,-1.000,475.48,367.969757,21.920085,-70.08,41.645007,10960.042267,20130925_063249
9,KBOX20130925_104235_V06,7,0.088,480.70,381.885254,19.387802,-70.05,41.582076,9693.901062,20130925_064235
16,KBOX20130925_103249_V06,-3,0.055,212.62,327.862335,4.726257,-71.66,41.829198,2363.128662,20130925_063249
24,KBOX20130925_105222_V06,17,0.112,436.87,403.360809,25.627968,-70.32,41.487588,12813.983917,20130925_065222
29,KBOX20130925_112141_V06,46,0.142,301.14,444.808899,31.133553,-71.13,41.303926,15566.776276,20130925_072141
30,KBOX20130925_113128_V06,56,0.200,401.63,240.920044,44.813049,-70.52,42.220131,22406.524658,20130925_073128
