track_id,filename,from_sunrise,det_score,x,y,r,lon,lat,radius,local_time
3,KAKQ20201002_110110_V06,-3,0.576,331.88,172.506226,4.708679,-76.83,37.558139,2354.339600,20201002_070110
3,KAKQ20201002_110629_V06,2,0.276,331.20,174.232199,12.358545,-76.83,37.550369,6179.272748,20201002_070629
3,KAKQ20201002_111504_V06,11,0.486,329.85,185.774228,22.260695,-76.84,37.498384,11130.347389,20201002_071504
3,KAKQ20201002_112327_V06,19,0.244,319.09,198.868420,32.044208,-76.90,37.439464,16022.104136,20201002_072327
13,KAKQ20201002_111504_V06,11,0.113,220.05,258.378357,12.066162,-77.46,37.170558,6033.081055,20201002_071504
13,KAKQ20201002_112327_V06,19,0.354,217.54,263.125975,22.541777,-77.47,37.149114,11270.888327,20201002_072327
20,KAKQ20201002_115108_V06,47,0.064,344.09,226.986816,19.542542,-76.76,37.312576,9771.270752,20201002_075108
20,KAKQ20201002_120833_V06,64,0.056,345.53,207.707963,33.151775,-76.75,37.399412,16575.887355,20201002_080833
21,KAKQ20201002_120833_V06,64,0.274,333.39,393.157867,9.119194,-76.82,36.564013,4559.597015,20201002_080833
21,KAKQ20201002_121650_V06,72,0.102,331.69,397.578761,16.522166,-76.83,36.544108,8261.083176,20201002_081650
21,KAKQ20201002_122506_V06,81,0.088,324.90,403.178955,13.565170,-76.87,36.518925,6782.585144,20201002_082506
5,KAKQ20201002_110110_V06,-3,0.087,411.90,350.445068,24.978703,-76.38,36.754954,12489.351273,20201002_070110
6,KAKQ20201002_110110_V06,-3,0.069,231.74,139.854492,74.450775,-77.39,37.704741,37225.387573,20201002_070110
8,KAKQ20201002_110629_V06,2,0.256,199.63,375.982697,7.482346,-77.57,36.640217,3741.172791,20201002_070629
15,KAKQ20201002_113153_V06,27,0.064,259.37,388.834808,42.343166,-77.23,36.583420,21171.583176,20201002_073153
16,KAKQ20201002_114028_V06,36,0.462,195.73,192.566376,18.007423,-77.60,37.466445,9003.711700,20201002_074028
18,KAKQ20201002_114028_V06,36,0.101,304.18,99.335571,7.699219,-76.98,37.887897,3849.609375,20201002_074028
25,KAKQ20201002_122506_V06,81,0.254,357.12,343.484192,5.870605,-76.69,36.787540,2935.302734,20201002_082506
1,KAKQ20201017_111132_V06,-7,0.918,332.16,173.236816,8.167557,-76.83,37.554845,4083.778381,20201017_071132
1,KAKQ20201017_111834_V06,0,0.973,331.75,181.075918,16.745844,-76.83,37.519534,8372.922148,20201017_071834
1,KAKQ20201017_112538_V06,7,0.945,328.75,190.486343,26.302013,-76.84,37.477164,13151.006715,20201017_072538
1,KAKQ20201017_113243_V06,14,0.845,329.42,194.078117,30.654955,-76.84,37.460978,15327.477396,20201017_073243
1,KAKQ20201017_113949_V06,21,0.744,329.88,202.062343,38.774824,-76.84,37.425005,19387.412051,20201017_073949
3,KAKQ20201017_111834_V06,0,0.567,471.63,422.555267,23.315643,-76.05,36.427832,11657.821655,20201017_071834
3,KAKQ20201017_112538_V06,7,0.960,471.13,435.897407,32.620334,-76.05,36.367742,16310.167181,20201017_072538
3,KAKQ20201017_113243_V06,14,0.816,472.79,443.919623,38.248269,-76.05,36.331522,19124.134309,20201017_073243
3,KAKQ20201017_113949_V06,21,0.177,477.12,441.919336,36.950538,-76.02,36.340336,18475.269212,20201017_073949
4,KAKQ20201017_111834_V06,0,0.529,327.87,104.247131,14.720001,-76.85,37.865669,7360.000610,20201017_071834
7,KAKQ20201017_112538_V06,7,0.054,423.38,283.332001,64.006821,-76.31,37.056961,32003.410339,20201017_072538
10,KAKQ20201017_120101_V06,43,0.056,352.75,315.862946,48.341568,-76.71,36.912051,24170.783997,20201017_080101
11,KAKQ20201017_122211_V06,64,0.052,420.17,296.069153,57.687054,-76.33,36.999681,28843.526840,20201017_082211
6,KAKQ20201022_110452_V06,-18,0.087,326.52,181.009247,1.891373,-76.86,37.519875,945.686340,20201022_070452
6,KAKQ20201022_110932_V06,-13,0.156,327.28,181.700290,8.191883,-76.85,37.516756,4095.941516,20201022_070932
6,KAKQ20201022_111412_V06,-8,0.793,331.00,181.390410,11.486427,-76.83,37.518123,5743.213293,20201022_071412
6,KAKQ20201022_111854_V06,-4,0.832,330.84,183.916159,13.852524,-76.83,37.506746,6926.262137,20201022_071854
6,KAKQ20201022_112334_V06,1,0.654,328.18,185.876862,17.675437,-76.85,37.497934,8837.718590,20201022_072334
6,KAKQ20201022_113032_V06,8,0.057,328.19,187.682585,18.441967,-76.85,37.489799,9220.983366,20201022_073032
2,KAKQ20201022_110452_V06,-18,0.551,476.02,403.711914,5.961067,-76.02,36.512529,2980.533600,20201022_070452
2,KAKQ20201022_110932_V06,-13,0.492,475.36,403.859342,11.857872,-76.03,36.511895,5928.936165,20201022_070932
2,KAKQ20201022_111412_V06,-8,0.230,473.72,405.576540,15.629723,-76.04,36.504234,7814.861351,20201022_071412
2,KAKQ20201022_111854_V06,-4,-1.000,472.59,406.691941,19.054928,-76.04,36.499260,9527.463959,20201022_071854
2,KAKQ20201022_112334_V06,1,-1.000,471.17,408.086191,23.336434,-76.05,36.493043,11668.217220,20201022_072334
2,KAKQ20201022_113032_V06,8,0.069,468.81,424.841376,28.762024,-76.07,36.417658,14381.011912,20201022_073032
2,KAKQ20201022_113500_V06,13,0.097,470.31,430.820491,34.252273,-76.06,36.390652,17126.136457,20201022_073500
2,KAKQ20201022_113940_V06,17,-1.000,470.61,435.764877,38.228829,-76.06,36.368362,19114.414538,20201022_073940
2,KAKQ20201022_114420_V06,22,0.054,466.96,435.536836,36.602522,-76.08,36.369551,18301.261199,20201022_074420
2,KAKQ20201022_114902_V06,27,0.077,491.16,435.567383,52.987480,-75.94,36.368277,26493.740082,20201022_074902
5,KAKQ20201022_110452_V06,-18,0.096,376.14,357.898315,2.537300,-76.58,36.722262,1268.650055,20201022_070452
5,KAKQ20201022_110932_V06,-13,0.101,376.72,357.915243,8.561217,-76.58,36.722174,4280.608711,20201022_070932
5,KAKQ20201022_111412_V06,-8,0.057,382.46,358.929040,10.533203,-76.55,36.717486,5266.601335,20201022_071412
5,KAKQ20201022_111854_V06,-4,0.460,375.50,353.255233,12.363391,-76.58,36.743194,6181.695276,20201022_071854
5,KAKQ20201022_112334_V06,1,0.238,370.79,352.980400,13.503901,-76.61,36.744524,6751.950647,20201022_072334
5,KAKQ20201022_113032_V06,8,-1.000,364.78,351.225235,15.650001,-76.64,36.752539,7825.000589,20201022_073032
5,KAKQ20201022_113500_V06,13,-1.000,360.49,349.971546,17.182930,-76.67,36.758259,8591.464833,20201022_073500
5,KAKQ20201022_113940_V06,17,-1.000,357.05,348.968595,18.409272,-76.69,36.762831,9204.636229,20201022_073940
5,KAKQ20201022_114420_V06,22,-1.000,352.76,347.714906,19.942201,-76.71,36.768542,9971.100473,20201022_074420
5,KAKQ20201022_114902_V06,27,-1.000,348.46,346.461217,21.475129,-76.74,36.774248,10737.564718,20201022_074902
5,KAKQ20201022_115342_V06,31,-1.000,345.03,345.458266,22.701472,-76.76,36.778809,11350.736113,20201022_075342
5,KAKQ20201022_120304_V06,41,0.060,359.37,350.791802,22.289610,-76.68,36.754581,11144.805239,20201022_080304
19,KAKQ20201022_111854_V06,-4,0.408,241.47,241.364136,8.818169,-77.34,37.247606,4409.084320,20201022_071854
19,KAKQ20201022_112334_V06,1,0.082,238.68,240.015100,17.910170,-77.35,37.253639,8955.084803,20201022_072334
19,KAKQ20201022_113032_V06,8,0.240,232.87,235.341273,22.435724,-77.39,37.274596,11217.862230,20201022_073032
19,KAKQ20201022_113500_V06,13,0.069,235.75,240.829468,15.134033,-77.37,37.249921,7567.016602,20201022_073500
20,KAKQ20201022_111854_V06,-4,0.198,395.36,265.347626,21.162872,-76.47,37.138800,10581.436157,20201022_071854
20,KAKQ20201022_112334_V06,1,-1.000,395.36,265.347626,29.112872,-76.47,37.138800,14556.436157,20201022_072334
20,KAKQ20201022_113032_V06,8,0.108,401.03,260.957476,31.190125,-76.44,37.158430,15595.062405,20201022_073032
20,KAKQ20201022_113500_V06,13,-1.000,404.37,258.378263,33.821636,-76.42,37.169958,16910.817826,20201022_073500
20,KAKQ20201022_113940_V06,17,-1.000,407.04,256.314893,35.926844,-76.40,37.179178,17963.422163,20201022_073940
20,KAKQ20201022_114420_V06,22,-1.000,410.38,253.735680,38.558355,-76.39,37.190701,19279.177583,20201022_074420
20,KAKQ20201022_114902_V06,27,-1.000,413.71,251.156467,41.189866,-76.37,37.202221,20594.933004,20201022_074902
20,KAKQ20201022_115342_V06,31,-1.000,416.38,249.093097,43.295075,-76.35,37.211435,21647.537341,20201022_075342
20,KAKQ20201022_120304_V06,41,-1.000,423.06,243.934671,48.558096,-76.31,37.234461,24279.048182,20201022_080304
20,KAKQ20201022_120746_V06,45,-1.000,425.73,241.871301,50.663305,-76.30,37.243668,25331.652519,20201022_080746
20,KAKQ20201022_121442_V06,52,-1.000,430.40,238.260402,54.347420,-76.27,37.259775,27173.710108,20201022_081442
20,KAKQ20201022_122144_V06,59,-1.000,435.07,234.649504,58.031535,-76.25,37.275876,29015.767697,20201022_082144
20,KAKQ20201022_122848_V06,66,0.087,428.10,261.779435,58.918690,-76.29,37.153900,29459.344966,20201022_082848
8,KAKQ20201022_110452_V06,-18,0.057,478.28,531.118225,32.059380,-76.02,35.938381,16029.689789,20201022_070452
8,KAKQ20201022_110932_V06,-13,0.127,475.67,533.641191,39.939614,-76.03,35.927132,19969.806766,20201022_070932
21,KAKQ20201022_111854_V06,-4,0.188,414.30,204.235687,15.855957,-76.36,37.413582,7927.978516,20201022_071854
21,KAKQ20201022_112334_V06,1,0.111,414.23,205.875926,22.954921,-76.36,37.406195,11477.460622,20201022_072334
22,KAKQ20201022_111854_V06,-4,0.116,207.89,199.951111,24.546852,-77.53,37.433498,12273.426056,20201022_071854
22,KAKQ20201022_112334_V06,1,0.067,208.77,203.563386,33.968177,-77.52,37.417246,16984.088570,20201022_072334
25,KAKQ20201022_113032_V06,8,0.408,283.43,423.072174,5.467270,-77.10,36.429336,2733.634949,20201022_073032
25,KAKQ20201022_113500_V06,13,-1.000,283.43,423.072174,13.417270,-77.10,36.429336,6708.634949,20201022_073500
25,KAKQ20201022_113940_V06,17,0.175,278.39,416.460783,15.841555,-77.13,36.459100,7920.777670,20201022_073940
1,KAKQ20201022_110014_V06,-22,0.294,424.54,311.114532,7.672989,-76.31,36.931756,3836.494446,20201022_070014
12,KAKQ20201022_110932_V06,-13,0.057,438.37,369.628845,6.101868,-76.23,36.667647,3050.933838,20201022_070932
32,KAKQ20201022_115342_V06,31,0.080,454.39,190.946960,47.651215,-76.13,37.472001,23825.607300,20201022_075342
