track_id,filename,from_sunrise,det_score,x,y,r,lon,lat,radius,local_time
5,KHGX20180715_111431_V06,-16,0.465,206.00,262.383911,14.622597,-95.56,29.640734,7311.298370,20180715_061431
5,KHGX20180715_112001_V06,-10,0.825,208.12,257.690184,20.197090,-95.55,29.661945,10098.545020,20180715_062001
5,KHGX20180715_112547_V06,-5,0.950,213.64,249.327783,25.544711,-95.53,29.699763,12772.355492,20180715_062547
5,KHGX20180715_113340_V06,3,0.966,217.64,245.007066,35.149035,-95.50,29.719320,17574.517438,20180715_063340
5,KHGX20180715_113924_V06,9,0.932,220.10,245.364986,43.346917,-95.49,29.717746,21673.458441,20180715_063924
5,KHGX20180715_114510_V06,15,0.623,219.27,239.203211,49.367274,-95.50,29.745526,24683.637087,20180715_064510
5,KHGX20180715_115047_V06,20,0.317,216.66,237.959582,54.983414,-95.51,29.751092,27491.706792,20180715_065047
5,KHGX20180715_120218_V06,32,0.185,200.70,239.203932,56.742743,-95.59,29.745187,28371.371327,20180715_070218
5,KHGX20180715_120804_V06,38,0.064,203.67,238.386327,58.600661,-95.58,29.748933,29300.330639,20180715_070804
25,KHGX20180715_122947_V06,59,0.066,334.87,327.578827,10.364334,-94.90,29.347413,5182.167053,20180715_072947
25,KHGX20180715_123505_V06,65,0.103,334.46,328.367778,16.931677,-94.90,29.343857,8465.838386,20180715_073505
25,KHGX20180715_124025_V06,70,0.172,342.49,324.818705,17.914530,-94.86,29.359805,8957.264801,20180715_074025
25,KHGX20180715_124543_V06,75,0.370,348.69,323.599014,17.776483,-94.83,29.365251,8888.241611,20180715_074543
25,KHGX20180715_125101_V06,81,0.469,344.50,326.777830,18.478793,-94.85,29.350951,9239.396397,20180715_075101
1,KHGX20180715_110300_V06,-27,0.371,335.66,329.283081,12.706192,-94.90,29.339720,6353.096008,20180715_060300
1,KHGX20180715_110846_V06,-22,0.119,333.66,327.396211,20.688433,-94.91,29.348246,10344.216427,20180715_060846
1,KHGX20180715_111431_V06,-16,0.643,346.64,320.807753,20.897689,-94.84,29.377862,10448.844437,20180715_061431
1,KHGX20180715_112001_V06,-10,0.764,347.70,314.985089,23.046751,-94.83,29.404117,11523.375265,20180715_062001
14,KHGX20180715_113340_V06,3,0.122,88.33,341.312134,21.250824,-96.17,29.281128,10625.411987,20180715_063340
14,KHGX20180715_113924_V06,9,0.735,89.63,340.005391,28.181481,-96.16,29.287076,14090.740385,20180715_063924
14,KHGX20180715_114510_V06,15,0.734,90.76,336.294925,31.434396,-96.16,29.303860,15717.197812,20180715_064510
14,KHGX20180715_115047_V06,20,0.463,93.73,335.020958,35.056274,-96.14,29.309729,17528.137184,20180715_065047
14,KHGX20180715_120218_V06,32,0.055,115.57,339.197784,29.406456,-96.03,29.291738,14703.227997,20180715_070218
27,KHGX20180715_124025_V06,70,0.582,323.18,330.652924,12.984009,-94.96,29.333614,6492.004395,20180715_074025
27,KHGX20180715_124543_V06,75,0.365,324.39,330.351625,18.511798,-94.95,29.334967,9255.898763,20180715_074543
27,KHGX20180715_125101_V06,81,0.071,312.50,337.812487,28.257019,-95.01,29.301355,14128.509683,20180715_075101
9,KHGX20180715_112001_V06,-10,0.175,209.54,309.873871,7.868141,-95.55,29.426584,3934.070587,20180715_062001
18,KHGX20180715_114510_V06,15,0.079,352.20,312.419617,22.587448,-94.81,29.415645,11293.724060,20180715_064510
21,KHGX20180715_120804_V06,38,0.094,257.80,356.282471,2.446663,-95.30,29.217876,1223.331451,20180715_070804
10,KHGX20180716_111916_V06,-12,0.448,202.04,263.969604,19.170395,-95.58,29.633505,9585.197449,20180716_061916
10,KHGX20180716_112441_V06,-7,0.919,208.93,253.043671,21.277952,-95.55,29.682919,10638.976037,20180716_062441
10,KHGX20180716_112959_V06,-2,0.968,216.87,246.421093,27.069478,-95.51,29.712929,13534.739241,20180716_062959
10,KHGX20180716_113519_V06,4,0.797,216.08,244.444900,32.476815,-95.51,29.721830,16238.407397,20180716_063519
10,KHGX20180716_114038_V06,9,0.774,209.54,248.942855,30.600494,-95.55,29.701427,15300.246859,20180716_064038
29,KHGX20180716_121429_V06,43,0.071,326.54,337.110443,6.868042,-94.94,29.304468,3434.020996,20180716_071429
29,KHGX20180716_121948_V06,48,0.204,326.62,335.130883,13.282069,-94.94,29.313397,6641.034657,20180716_071948
29,KHGX20180716_122508_V06,54,0.236,324.59,330.008568,16.213702,-94.95,29.336514,8106.850807,20180716_072508
29,KHGX20180716_123026_V06,59,-1.000,323.21,326.210387,19.408126,-94.96,29.353654,9704.063232,20180716_073026
29,KHGX20180716_123545_V06,64,-1.000,321.83,322.412207,22.602551,-94.97,29.370793,11301.275656,20180716_073545
29,KHGX20180716_124104_V06,70,0.113,311.98,328.055800,23.909370,-95.02,29.345369,11954.685195,20180716_074104
1,KHGX20180716_110320_V06,-28,0.202,335.04,334.330414,15.985519,-94.90,29.316956,7992.759705,20180716_060320
1,KHGX20180716_110838_V06,-23,0.265,333.31,332.288217,22.717774,-94.91,29.326180,11358.887008,20180716_060838
1,KHGX20180716_111357_V06,-18,0.269,335.94,323.294166,23.893998,-94.89,29.366734,11946.999231,20180716_061357
1,KHGX20180716_111916_V06,-12,0.092,325.90,321.241211,13.762268,-94.95,29.376056,6881.134033,20180716_061916
1,KHGX20180716_112441_V06,-7,0.247,326.13,322.619151,19.301163,-94.94,29.369839,9650.581373,20180716_062441
19,KHGX20180716_112959_V06,-2,0.370,84.86,348.681396,13.627876,-96.19,29.247741,6813.938141,20180716_062959
19,KHGX20180716_113519_V06,4,0.287,83.30,346.983968,23.481037,-96.19,29.255330,11740.518733,20180716_063519
19,KHGX20180716_114038_V06,9,0.443,85.84,340.376890,27.777087,-96.18,29.285241,13888.543414,20180716_064038
5,KHGX20180716_111357_V06,-18,0.281,262.76,323.483887,19.008698,-95.27,29.365868,9504.348755,20180716_061357
5,KHGX20180716_111916_V06,-12,0.070,256.20,324.277067,28.436429,-95.30,29.362237,14218.214739,20180716_061916
33,KHGX20180716_124104_V06,70,0.285,183.28,340.753784,14.187023,-95.68,29.286748,7093.511581,20180716_074104
33,KHGX20180716_124623_V06,75,-1.000,183.28,340.753784,22.137023,-95.68,29.286748,11068.511581,20180716_074623
33,KHGX20180716_125143_V06,80,0.057,175.08,348.944798,28.182896,-95.72,29.249602,14091.447840,20180716_075143
3,KHGX20180716_110838_V06,-23,0.058,275.22,333.619568,2.757660,-95.21,29.320224,1378.829956,20180716_060838
7,KHGX20180716_111357_V06,-18,0.190,159.21,303.333405,3.423454,-95.80,29.454925,1711.727142,20180716_061357
9,KHGX20180716_111357_V06,-18,0.101,330.31,247.111053,18.524414,-94.92,29.710418,9262.207031,20180716_061357
18,KHGX20180716_112959_V06,-2,0.476,18.49,234.375763,16.120684,-96.53,29.759997,8060.341835,20180716_062959
21,KHGX20180716_113519_V06,4,0.064,240.00,358.761963,15.646061,-95.39,29.206510,7823.030472,20180716_063519
22,KHGX20180716_115314_V06,22,0.176,261.97,356.598602,4.679611,-95.27,29.216483,2339.805603,20180716_065314
25,KHGX20180716_120352_V06,32,0.067,45.44,315.371887,26.136999,-96.39,29.396139,13068.499565,20180716_070352
27,KHGX20180716_121429_V06,43,0.148,253.85,380.543121,7.922424,-95.32,29.108400,3961.212158,20180716_071429
30,KHGX20180716_121948_V06,48,0.069,372.62,86.591064,31.377899,-94.70,30.433991,15688.949585,20180716_071948
2,KHGX20180729_111717_V06,-21,0.313,206.27,264.450958,14.758179,-95.56,29.631415,7379.089355,20180729_061717
2,KHGX20180729_112705_V06,-11,0.930,205.20,261.148133,16.934136,-95.57,29.646293,8467.068093,20180729_062705
2,KHGX20180729_113653_V06,-2,0.950,205.07,256.669933,28.832869,-95.57,29.666490,14416.434607,20180729_063653
2,KHGX20180729_114642_V06,8,0.957,207.59,250.315902,39.093376,-95.56,29.695198,19546.687926,20180729_064642
3,KHGX20180729_111717_V06,-21,0.289,355.84,259.605774,12.112854,-94.79,29.653838,6056.427002,20180729_061717
3,KHGX20180729_112705_V06,-11,0.314,358.42,256.672298,22.220257,-94.78,29.667040,11110.128590,20180729_062705
3,KHGX20180729_113653_V06,-2,0.094,363.92,246.023354,29.255908,-94.75,29.715007,14627.953774,20180729_063653
23,KHGX20180729_122553_V06,47,0.134,330.13,327.916504,5.412827,-94.92,29.345921,2706.413269,20180729_072553
23,KHGX20180729_123541_V06,57,0.300,330.50,329.143459,12.025307,-94.92,29.340384,6012.653451,20180729_073541
23,KHGX20180729_124528_V06,67,0.410,324.85,329.094080,12.409197,-94.95,29.340638,6204.598391,20180729_074528
16,KHGX20180729_113653_V06,-2,0.403,57.59,309.157806,6.567682,-96.33,29.424768,3283.841133,20180729_063653
16,KHGX20180729_114642_V06,8,0.311,67.68,291.799423,26.489948,-96.28,29.503539,13244.973790,20180729_064642
20,KHGX20180729_120617_V06,28,0.125,289.36,397.947693,11.772606,-95.13,29.030086,5886.302948,20180729_070617
20,KHGX20180729_121605_V06,38,0.426,292.20,397.731667,18.117868,-95.12,29.031065,9058.933840,20180729_071605
21,KHGX20180729_120617_V06,28,0.057,324.34,328.012421,12.374237,-94.95,29.345520,6187.118530,20180729_070617
21,KHGX20180729_121605_V06,38,0.070,314.35,338.851671,28.925472,-95.01,29.296663,14462.735778,20180729_071605
1,KHGX20180729_111717_V06,-21,0.518,390.73,324.978546,7.664474,-94.61,29.358444,3832.237244,20180729_061717
5,KHGX20180729_111717_V06,-21,0.135,476.22,198.141907,21.642746,-94.17,29.928263,10821.372986,20180729_061717
6,KHGX20180729_111717_V06,-21,0.126,358.42,300.038116,40.369034,-94.78,29.471427,20184.516907,20180729_061717
11,KHGX20180729_111717_V06,-21,0.067,173.73,303.748474,49.344215,-95.73,29.453440,24672.107697,20180729_061717
11,KHGX20180729_112705_V06,-11,0.633,209.30,318.063812,8.046173,-95.55,29.389636,4023.086548,20180729_062705
15,KHGX20180729_112705_V06,-11,0.061,170.77,293.550507,35.004379,-95.75,29.499365,17502.189636,20180729_062705
18,KHGX20180729_114642_V06,8,0.108,261.77,506.923157,23.397655,-95.27,28.538330,11698.827744,20180729_064642
19,KHGX20180729_114642_V06,8,0.060,249.99,560.961182,28.101744,-95.33,28.294433,14050.871849,20180729_064642
8,KHGX20180730_112756_V06,-12,0.872,211.08,251.194550,19.448700,-95.54,29.691298,9724.349976,20180730_062756
8,KHGX20180730_113744_V06,-2,0.943,208.66,252.456006,26.856269,-95.55,29.685564,13428.134647,20180730_063744
8,KHGX20180730_114732_V06,8,0.965,209.89,249.547769,37.962636,-95.54,29.698705,18981.317762,20180730_064732
8,KHGX20180730_120708_V06,28,0.489,211.79,225.905612,48.799372,-95.54,29.805379,24399.686087,20180730_070708
8,KHGX20180730_121657_V06,37,0.367,209.91,226.838266,47.073930,-95.54,29.801139,23536.965082,20180730_071657
1,KHGX20180730_111808_V06,-21,0.664,354.21,257.750732,9.636658,-94.80,29.662223,4818.328857,20180730_061808
1,KHGX20180730_112756_V06,-12,0.289,358.28,254.421740,21.406699,-94.78,29.677193,10703.349295,20180730_062756
4,KHGX20180730_111808_V06,-21,0.095,395.12,319.110901,4.861893,-94.59,29.384831,2430.946350,20180730_061808
4,KHGX20180730_112756_V06,-12,0.148,395.32,323.577362,16.746322,-94.59,29.364680,8373.161083,20180730_062756
2,KHGX20180730_111808_V06,-21,0.186,476.03,194.896057,25.295593,-94.17,29.942909,12647.796631,20180730_061808
9,KHGX20180730_112756_V06,-12,0.315,210.30,312.073578,10.901093,-95.54,29.416675,5450.546265,20180730_062756
10,KHGX20180730_113744_V06,-2,0.053,318.43,331.997040,19.349575,-94.98,29.327570,9674.787521,20180730_063744
11,KHGX20180730_114732_V06,8,0.306,192.78,432.361969,7.861229,-95.63,28.873713,3930.614471,20180730_064732
13,KHGX20180730_114732_V06,8,0.120,406.19,298.084198,5.355255,-94.53,29.479456,2677.627563,20180730_064732
16,KHGX20180730_120708_V06,28,0.074,301.71,388.776123,6.902527,-95.07,29.071471,3451.263428,20180730_070708
17,KHGX20180730_120708_V06,28,0.058,441.29,520.732605,30.750664,-94.36,28.474218,15375.331879,20180730_070708
18,KHGX20180730_121657_V06,37,0.070,339.19,569.373169,30.238207,-94.88,28.256575,15119.103432,20180730_071657
4,KHGX20180731_111747_V06,-22,0.253,202.93,263.838593,13.056694,-95.58,29.634113,6528.347015,20180731_061747
4,KHGX20180731_112305_V06,-16,0.547,203.23,262.573317,19.713152,-95.58,29.639826,9856.575915,20180731_062305
4,KHGX20180731_112825_V06,-11,0.823,207.88,258.707865,20.981940,-95.55,29.657350,10490.970223,20180731_062825
4,KHGX20180731_113345_V06,-6,0.912,212.81,252.029923,25.378038,-95.53,29.687561,12689.018933,20180731_063345
4,KHGX20180731_113904_V06,0,0.897,213.56,249.848629,28.822824,-95.53,29.697413,14411.412001,20180731_063904
4,KHGX20180731_114423_V06,5,0.907,213.73,249.144811,32.646459,-95.52,29.700590,16323.229748,20180731_064423
4,KHGX20180731_114958_V06,10,0.964,211.95,250.845395,32.018983,-95.53,29.692888,16009.491612,20180731_064958
4,KHGX20180731_120140_V06,22,0.342,220.23,241.189461,49.734614,-95.49,29.736582,24867.307207,20180731_070140
4,KHGX20180731_120714_V06,28,0.182,215.80,234.527115,47.881000,-95.51,29.766561,23940.499776,20180731_070714
4,KHGX20180731_121233_V06,33,0.176,214.31,227.997032,49.959316,-95.52,29.795990,24979.658051,20180731_071233
4,KHGX20180731_121753_V06,38,0.682,205.85,223.953611,48.875218,-95.57,29.814075,24437.609193,20180731_071753
4,KHGX20180731_122327_V06,44,0.391,208.60,222.950373,51.371726,-95.55,29.818651,25685.863002,20180731_072327
4,KHGX20180731_122901_V06,50,0.107,207.64,222.074639,52.138290,-95.56,29.822583,26069.144966,20180731_072901
3,KHGX20180731_111227_V06,-27,0.051,351.90,261.638947,4.662231,-94.81,29.644709,2331.115723,20180731_061227
3,KHGX20180731_111747_V06,-22,0.239,353.00,261.401659,11.049899,-94.81,29.645768,5524.949620,20180731_061747
3,KHGX20180731_112305_V06,-16,0.579,359.00,256.093216,15.220026,-94.77,29.669646,7610.013019,20180731_062305
10,KHGX20180731_112825_V06,-11,0.472,345.45,319.242828,20.940964,-94.84,29.384932,10470.481873,20180731_062825
10,KHGX20180731_113345_V06,-6,0.073,345.54,319.298548,26.848631,-94.84,29.384680,13424.315614,20180731_063345
10,KHGX20180731_113904_V06,0,0.059,347.37,311.700820,28.994088,-94.83,29.418935,14497.044065,20180731_063904
10,KHGX20180731_114423_V06,5,0.106,348.37,310.595825,25.034760,-94.83,29.423910,12517.379761,20180731_064423
11,KHGX20180731_112825_V06,-11,0.300,207.39,317.654999,4.531502,-95.56,29.391445,2265.750885,20180731_062825
11,KHGX20180731_113345_V06,-6,0.141,207.10,318.258305,13.283182,-95.56,29.388719,6641.590903,20180731_063345
11,KHGX20180731_113904_V06,0,0.178,209.57,303.886506,16.941401,-95.54,29.453592,8470.700536,20180731_063904
5,KHGX20180731_111747_V06,-22,0.127,318.40,320.812988,21.130798,-94.98,29.378021,10565.399170,20180731_061747
5,KHGX20180731_112305_V06,-16,0.098,326.83,319.666819,27.994977,-94.94,29.383153,13997.488608,20180731_062305
19,KHGX20180731_114423_V06,5,0.072,320.54,327.076477,15.141968,-94.97,29.349759,7570.983887,20180731_064423
19,KHGX20180731_114958_V06,10,0.093,319.58,327.421112,22.137574,-94.98,29.348208,11068.786830,20180731_064958
27,KHGX20180731_120714_V06,28,0.080,53.91,343.151031,17.930052,-96.35,29.271266,8965.025902,20180731_070714
27,KHGX20180731_121233_V06,33,0.197,54.76,345.024656,23.650188,-96.34,29.262857,11825.093772,20180731_071233
27,KHGX20180731_121753_V06,38,0.060,68.19,337.416168,5.673473,-96.27,29.297812,2836.736679,20180731_071753
31,KHGX20180731_121233_V06,33,0.070,367.27,237.098358,21.396347,-94.73,29.755220,10698.173523,20180731_071233
31,KHGX20180731_121753_V06,38,-1.000,367.27,237.098358,29.346347,-94.73,29.755220,14673.173523,20180731_071753
31,KHGX20180731_122327_V06,44,0.057,361.33,245.228842,30.471174,-94.76,29.718623,15235.586829,20180731_072327
1,KHGX20180731_111227_V06,-27,0.183,313.49,326.044830,25.723400,-95.01,29.354436,12861.700058,20180731_061227
2,KHGX20180731_111227_V06,-27,0.128,208.07,256.704529,26.586411,-95.55,29.666390,13293.205261,20180731_061227
7,KHGX20180731_112305_V06,-16,0.244,397.76,321.317505,4.758698,-94.58,29.374827,2379.348755,20180731_062305
20,KHGX20180731_114958_V06,10,0.081,192.71,434.446838,7.923431,-95.63,28.864306,3961.715698,20180731_064958
24,KHGX20180731_120140_V06,22,0.070,46.16,330.609070,26.587656,-96.39,29.327450,13293.828011,20180731_070140
25,KHGX20180731_120140_V06,22,0.054,190.69,290.102448,11.254707,-95.64,29.515392,5627.353668,20180731_070140
26,KHGX20180731_120714_V06,28,0.123,245.03,459.424713,2.415009,-95.36,28.752461,1207.504272,20180731_070714
11,KHGX20180815_113348_V06,-15,0.240,203.23,261.402924,25.427681,-95.58,29.645106,12713.840485,20180815_063348
11,KHGX20180815_113919_V06,-9,0.299,202.59,265.377916,36.403415,-95.58,29.627163,18201.707519,20180815_063919
11,KHGX20180815_114458_V06,-4,0.102,199.60,272.901187,39.993782,-95.60,29.593169,19996.891118,20180815_064458
11,KHGX20180815_115016_V06,2,0.205,203.12,272.634068,42.050983,-95.58,29.594443,21025.491363,20180815_065016
11,KHGX20180815_120118_V06,13,0.600,208.18,259.639826,53.440991,-95.55,29.653152,26720.495622,20180815_070118
11,KHGX20180815_120648_V06,18,0.163,206.44,252.682265,58.349887,-95.56,29.684503,29174.943260,20180815_070648
11,KHGX20180815_121218_V06,24,-1.000,205.65,245.059250,64.201833,-95.57,29.718872,32100.916254,20180815_071218
11,KHGX20180815_121743_V06,29,-1.000,205.00,238.706737,69.078454,-95.57,29.747514,34539.227082,20180815_071743
11,KHGX20180815_122309_V06,35,-1.000,204.21,231.083721,74.930400,-95.57,29.781883,37465.200075,20180815_072309
11,KHGX20180815_122833_V06,40,0.082,198.06,229.717698,78.797909,-95.61,29.787922,39398.954377,20180815_072833
11,KHGX20180815_123547_V06,47,0.118,201.85,220.565706,83.581422,-95.59,29.829279,41790.711100,20180815_073547
11,KHGX20180815_124105_V06,53,-1.000,203.89,213.106855,87.976293,-95.58,29.862962,43988.146682,20180815_074105
11,KHGX20180815_124641_V06,58,0.067,189.56,221.346222,79.082153,-95.65,29.825500,39541.076660,20180815_074641
11,KHGX20180815_125212_V06,64,0.084,185.28,221.517142,85.078566,-95.67,29.824633,42539.282973,20180815_075212
1,KHGX20180815_112310_V06,-25,0.125,380.65,257.286255,25.784027,-94.66,29.663961,12892.013550,20180815_062310
1,KHGX20180815_112830_V06,-20,0.267,378.59,254.256656,32.581134,-94.67,29.677660,16290.567242,20180815_062830
1,KHGX20180815_113348_V06,-15,0.122,371.50,256.552429,24.115402,-94.71,29.667411,12057.701111,20180815_063348
10,KHGX20180815_113348_V06,-15,0.508,257.07,325.304596,17.874008,-95.30,29.357610,8937.004089,20180815_063348
10,KHGX20180815_113919_V06,-9,0.091,257.38,324.117217,24.717442,-95.30,29.362969,12358.720764,20180815_063919
12,KHGX20180815_113348_V06,-15,0.202,204.02,317.055023,7.871590,-95.57,29.394088,3935.794830,20180815_063348
12,KHGX20180815_113919_V06,-9,0.196,204.74,315.210920,14.896937,-95.57,29.402421,7448.468580,20180815_063919
2,KHGX20180815_112310_V06,-25,0.123,243.02,397.281738,2.541832,-95.37,29.032780,1270.915985,20180815_062310
3,KHGX20180815_112310_V06,-25,0.105,204.92,245.582764,37.235970,-95.57,29.716497,18617.984772,20180815_062310
5,KHGX20180815_112310_V06,-25,0.082,264.85,325.870972,16.983292,-95.26,29.355116,8491.645813,20180815_062310
9,KHGX20180815_112830_V06,-20,0.079,249.33,346.535675,25.240627,-95.34,29.261765,12620.313644,20180815_062830
24,KHGX20180815_115016_V06,2,0.092,371.09,252.372559,28.157852,-94.71,29.686270,14078.926086,20180815_065016
27,KHGX20180815_120648_V06,18,0.269,276.75,346.972931,16.090298,-95.20,29.259995,8045.148849,20180815_070648
41,KHGX20180815_125212_V06,64,0.077,354.26,288.866547,6.902863,-94.80,29.521867,3451.431274,20180815_075212
3,KHGX20180816_112451_V06,-25,0.066,203.31,260.391266,16.240059,-95.58,29.649670,8120.029449,20180816_062451
3,KHGX20180816_113009_V06,-19,0.057,203.50,259.399510,23.202626,-95.58,29.654148,11601.313162,20180816_063009
3,KHGX20180816_113530_V06,-14,0.069,200.04,267.988524,36.115994,-95.59,29.615337,18057.996755,20180816_063530
3,KHGX20180816_114115_V06,-8,0.319,199.28,274.017214,45.359633,-95.60,29.588129,22679.816517,20180816_064115
3,KHGX20180816_114700_V06,-2,-1.000,197.86,280.471978,55.813526,-95.61,29.558984,27906.763176,20180816_064700
3,KHGX20180816_115245_V06,3,-1.000,196.67,285.850948,64.525104,-95.61,29.534697,32262.552059,20180816_065245
3,KHGX20180816_120407_V06,15,0.276,203.06,253.237981,59.148611,-95.58,29.681931,29574.305411,20180816_070407
14,KHGX20180816_114115_V06,-8,0.151,382.78,220.913849,7.780685,-94.65,29.827988,3890.342712,20180816_064115
14,KHGX20180816_114700_V06,-2,-1.000,382.78,220.913849,17.320685,-94.65,29.827988,8660.342712,20180816_064700
14,KHGX20180816_115245_V06,3,0.071,378.23,213.296079,19.807960,-94.67,29.862422,9903.979762,20180816_065245
14,KHGX20180816_120407_V06,15,0.103,377.98,204.862323,23.406869,-94.68,29.900467,11703.434638,20180816_070407
14,KHGX20180816_120952_V06,20,-1.000,377.44,201.094054,25.272704,-94.68,29.917472,12636.351938,20180816_070952
14,KHGX20180816_121537_V06,26,0.086,388.54,222.714096,40.618593,-94.62,29.819769,20309.296251,20180816_071537
14,KHGX20180816_122108_V06,32,0.052,405.59,226.132293,41.889903,-94.53,29.804018,20944.951381,20180816_072108
5,KHGX20180816_113009_V06,-19,0.163,206.31,316.104065,6.164734,-95.56,29.398421,3082.366943,20180816_063009
5,KHGX20180816_113530_V06,-14,0.311,205.65,315.829786,12.586076,-95.56,29.399646,6293.038147,20180816_063530
2,KHGX20180816_112451_V06,-25,0.769,376.28,254.701233,28.548599,-94.68,29.675690,14274.299622,20180816_062451
2,KHGX20180816_113009_V06,-19,0.231,367.45,263.459930,20.476059,-94.73,29.636309,10238.029480,20180816_063009
2,KHGX20180816_113530_V06,-14,0.074,366.90,264.429565,18.262543,-94.73,29.631943,9131.271362,20180816_063530
10,KHGX20180816_113530_V06,-14,0.066,340.06,308.905457,27.187317,-94.87,29.431608,13593.658447,20180816_063530
13,KHGX20180816_114115_V06,-8,0.241,342.28,277.734436,27.928009,-94.86,29.572197,13964.004517,20180816_064115
15,KHGX20180816_114115_V06,-8,0.146,279.85,334.584167,6.048416,-95.18,29.315893,3024.208069,20180816_064115
26,KHGX20180816_125104_V06,62,0.086,361.92,271.961334,18.858658,-94.76,29.598034,9429.328918,20180816_075104
26,KHGX20180816_130213_V06,73,-1.000,361.92,271.961334,36.348658,-94.76,29.598034,18174.328918,20180816_080213
26,KHGX20180816_130743_V06,78,0.269,366.17,277.060944,14.359344,-94.74,29.574976,7179.672241,20180816_080743
1,KHGX20180817_112309_V06,-26,0.501,372.42,254.615417,27.033997,-94.70,29.676135,13516.998291,20180817_062309
1,KHGX20180817_113259_V06,-17,0.875,370.60,254.442871,30.325986,-94.71,29.676939,15162.992929,20180817_063259
1,KHGX20180817_114249_V06,-7,0.909,367.99,259.743939,29.093762,-94.73,29.653064,14546.880751,20180817_064249
1,KHGX20180817_120230_V06,13,0.686,368.44,244.597831,43.270527,-94.73,29.721377,21635.263298,20180817_070230
1,KHGX20180817_121220_V06,23,0.667,371.54,233.336096,43.704916,-94.71,29.772131,21852.457838,20180817_071220
6,KHGX20180817_113259_V06,-17,0.297,205.36,264.935181,14.943481,-95.57,29.629214,7471.740723,20180817_063259
6,KHGX20180817_114249_V06,-7,0.964,208.29,256.446029,22.503041,-95.55,29.667560,11251.520492,20180817_064249
6,KHGX20180817_120230_V06,13,-1.000,213.82,240.428761,38.566361,-95.52,29.739907,19283.180433,20180817_070230
6,KHGX20180817_121220_V06,23,-1.000,216.59,232.420128,46.598021,-95.51,29.776078,23299.010403,20180817_071220
6,KHGX20180817_122210_V06,33,-1.000,219.36,224.411494,54.629681,-95.50,29.812247,27314.840374,20180817_072210
6,KHGX20180817_123200_V06,43,0.065,206.82,251.776006,77.398050,-95.56,29.688597,38699.025233,20180817_073200
2,KHGX20180817_112309_V06,-26,0.185,348.69,321.190308,20.168655,-94.83,29.376117,10084.327698,20180817_062309
2,KHGX20180817_113259_V06,-17,0.112,345.16,320.852673,27.711120,-94.85,29.377673,13855.560164,20180817_063259
15,KHGX20180817_121220_V06,23,0.113,409.77,280.268707,13.805527,-94.51,29.559739,6902.763367,20180817_071220
15,KHGX20180817_122210_V06,33,0.097,403.95,267.689092,20.998302,-94.54,29.616606,10499.150794,20180817_072210
3,KHGX20180817_112309_V06,-26,0.141,382.68,202.842316,22.090561,-94.65,29.909502,11045.280457,20180817_062309
11,KHGX20180817_120230_V06,13,0.245,547.41,463.466309,7.527176,-93.81,28.728504,3763.587952,20180817_070230
13,KHGX20180817_120230_V06,13,0.118,318.34,396.852295,2.637444,-94.98,29.035005,1318.721771,20180817_070230
16,KHGX20180817_121220_V06,23,0.050,394.62,304.309906,19.472916,-94.59,29.451605,9736.457825,20180817_071220
17,KHGX20180817_122210_V06,33,0.633,86.68,63.392639,35.378872,-96.19,30.534515,17689.435959,20180817_072210
17,KHGX20180817_123200_V06,43,-1.000,86.68,63.392639,51.278872,-96.19,30.534515,25639.435959,20180817_073200
17,KHGX20180817_124150_V06,52,0.167,89.10,69.683838,42.927486,-96.18,30.506248,21463.743210,20180817_074150
20,KHGX20180817_123200_V06,43,0.095,253.61,353.098297,25.596504,-95.32,29.232203,12798.252106,20180817_073200
25,KHGX20180817_124150_V06,52,0.060,542.13,414.978241,11.099800,-93.84,28.947476,5549.900055,20180817_074150
27,KHGX20180817_130329_V06,74,0.078,417.00,258.669556,6.947098,-94.47,29.657001,3473.548889,20180817_080329
7,KHGX20180819_114133_V06,-9,0.630,208.31,251.569458,16.836349,-95.55,29.689557,8418.174744,20180819_064133
7,KHGX20180819_114719_V06,-3,0.722,208.83,252.416964,29.509683,-95.55,29.685744,14754.841502,20180819_064719
7,KHGX20180819_115304_V06,3,0.780,208.50,251.359198,37.181664,-95.55,29.690509,18590.831919,20180819_065304
7,KHGX20180819_120436_V06,14,0.766,201.18,252.654329,49.816537,-95.59,29.684527,24908.268741,20180819_070436
7,KHGX20180819_121022_V06,20,0.100,209.29,244.650799,61.039532,-95.55,29.720782,30519.765965,20180819_071022
7,KHGX20180819_121607_V06,26,0.176,214.78,231.707274,67.760137,-95.52,29.779262,33880.068328,20180819_071607
1,KHGX20180819_112609_V06,-24,0.914,368.27,251.024353,27.288971,-94.73,29.692391,13644.485474,20180819_062609
1,KHGX20180819_113600_V06,-14,0.084,369.82,271.065460,11.941895,-94.72,29.601970,5970.947266,20180819_063600
2,KHGX20180819_112609_V06,-24,0.083,366.68,183.811096,4.933548,-94.73,29.995583,2466.773987,20180819_062609
4,KHGX20180819_113600_V06,-14,0.108,204.31,245.348206,31.976624,-95.57,29.717543,15988.311768,20180819_063600
6,KHGX20180819_113600_V06,-14,0.068,203.65,318.001953,9.202530,-95.58,29.389810,4601.264954,20180819_063600
9,KHGX20180819_123324_V06,43,0.066,37.86,106.086700,42.476498,-96.44,30.339616,21238.248825,20180819_073324
10,KHGX20180819_130214_V06,72,0.078,337.01,304.323853,7.930771,-94.89,29.452299,3965.385437,20180819_080214
11,KHGX20180819_130214_V06,72,0.050,141.53,452.656921,21.020020,-95.89,28.780817,10510.009766,20180819_080214
12,KHGX20180819_130759_V06,77,0.080,34.52,116.835693,43.999489,-96.46,30.290963,21999.744415,20180819_080759
5,KHGX20180826_114158_V06,-13,0.899,203.56,260.831390,15.261559,-95.58,29.647690,7630.779266,20180826_064158
5,KHGX20180826_114759_V06,-7,0.928,206.20,256.956651,23.136053,-95.56,29.665218,11568.026655,20180826_064759
5,KHGX20180826_115359_V06,-1,0.564,208.71,253.073955,31.316444,-95.55,29.682778,15658.222087,20180826_065359
5,KHGX20180826_120545_V06,11,0.601,209.49,255.312567,38.379682,-95.55,29.672695,19189.841177,20180826_070545
5,KHGX20180826_121131_V06,17,0.210,212.05,249.923419,46.781167,-95.53,29.697049,23390.583292,20180826_071131
7,KHGX20180826_114759_V06,-7,0.051,357.76,274.362762,13.622787,-94.78,29.587251,6811.393738,20180826_064759
7,KHGX20180826_115359_V06,-1,-1.000,357.76,274.362762,23.162787,-94.78,29.587251,11581.393738,20180826_065359
7,KHGX20180826_120545_V06,11,0.112,351.19,267.304703,27.145103,-94.81,29.619160,13572.551477,20180826_070545
7,KHGX20180826_121131_V06,17,0.126,349.25,265.244461,26.369123,-94.82,29.628473,13184.561324,20180826_071131
1,KHGX20180826_112926_V06,-25,0.217,187.46,259.150421,31.383354,-95.66,29.654935,15691.677094,20180826_062926
1,KHGX20180826_113542_V06,-19,0.186,186.59,259.420415,37.581909,-95.66,29.653698,18790.954391,20180826_063542
12,KHGX20180826_130537_V06,71,0.463,353.08,266.320831,23.125061,-94.80,29.623578,11562.530518,20180826_080537
12,KHGX20180826_131209_V06,78,0.269,350.89,265.949681,29.653002,-94.82,29.625275,14826.500830,20180826_081209
2,KHGX20180826_112926_V06,-25,0.081,311.68,162.921021,5.174484,-95.02,30.090242,2587.242126,20180826_062926
4,KHGX20180826_113542_V06,-19,0.113,361.24,261.486633,24.685333,-94.76,29.645290,12342.666626,20180826_063542
8,KHGX20180826_115359_V06,-1,0.067,387.84,292.518402,14.782822,-94.63,29.504918,7391.410828,20180826_065359
11,KHGX20180826_123534_V06,41,0.051,353.46,271.436859,18.199905,-94.80,29.600497,9099.952698,20180826_073534
13,KHGX20180826_130537_V06,71,0.099,324.73,151.401215,7.492615,-94.95,30.142153,3746.307373,20180826_080537
3,KHGX20180914_120031_V06,-4,0.840,191.98,264.223328,20.117577,-95.64,29.632153,10058.788300,20180914_070031
3,KHGX20180914_120741_V06,3,0.698,185.57,261.237380,30.458848,-95.67,29.645479,15229.424140,20180914_070741
3,KHGX20180914_121452_V06,10,0.728,175.82,252.498874,37.538598,-95.72,29.684661,18769.299064,20180914_071452
2,KHGX20180914_114552_V06,-19,0.101,421.60,373.059845,31.566311,-94.45,29.140902,15783.155441,20180914_064552
2,KHGX20180914_120031_V06,-4,0.324,421.38,370.736692,40.227971,-94.46,29.151387,20113.985345,20180914_070031
1,KHGX20180914_113833_V06,-26,0.135,323.11,296.927368,16.463715,-94.96,29.485747,8231.857300,20180914_063833
1,KHGX20180915_113832_V06,-27,0.363,365.63,261.157928,27.274750,-94.74,29.646717,13637.374878,20180915_063832
1,KHGX20180915_114357_V06,-22,0.638,360.85,259.957718,32.578460,-94.76,29.652192,16289.229996,20180915_064357
1,KHGX20180915_114921_V06,-16,0.354,350.98,276.384186,16.895844,-94.82,29.578207,8447.921753,20180915_064921
6,KHGX20180915_120011_V06,-5,0.128,46.69,291.572296,20.389431,-96.39,29.503545,10194.715500,20180915_070011
6,KHGX20180915_120628_V06,1,0.065,46.07,290.820953,27.523973,-96.39,29.506903,13761.986597,20180915_070628
7,KHGX20180915_120628_V06,1,0.153,208.04,351.816650,3.960312,-95.55,29.237358,1980.155945,20180915_070628
7,KHGX20180915_121214_V06,7,0.309,206.45,351.647849,10.010627,-95.56,29.238090,5005.313456,20180915_071214
16,KHGX20180915_123045_V06,25,0.153,336.28,75.735718,16.208488,-94.89,30.483353,8104.244232,20180915_073045
16,KHGX20180915_123732_V06,32,0.339,336.60,74.278206,21.987210,-94.89,30.489925,10993.604880,20180915_073732
2,KHGX20180915_113832_V06,-27,0.124,192.35,368.550690,9.349228,-95.63,29.161560,4674.613953,20180915_063832
3,KHGX20180915_113832_V06,-27,0.059,393.24,270.917542,9.658203,-94.60,29.602255,4829.101562,20180915_063832
8,KHGX20180915_120628_V06,1,0.152,192.81,307.832123,8.672066,-95.63,29.435464,4336.032867,20180915_070628
10,KHGX20180915_120628_V06,1,0.083,392.26,287.549103,16.651611,-94.60,29.527253,8325.805664,20180915_070628
17,KHGX20180915_123045_V06,25,0.051,330.57,373.165222,7.977882,-94.92,29.141801,3988.941193,20180915_073045
21,KHGX20180915_124412_V06,39,0.063,158.19,308.511658,20.826820,-95.81,29.431539,10413.410187,20180915_074412
24,KHGX20180915_131146_V06,66,0.071,266.22,355.205200,25.164562,-95.25,29.222799,12582.281113,20180915_081146
